Time (s),V_SEC,V_OUT
0.0,-21.407041535999994,21.02110535936
1e-09,-21.407041535999994,21.02110535936
2e-09,-21.407041535999994,21.02110535936
3.0000000000000004e-09,-21.407041535999994,21.02110535936
4e-09,-21.407041535999994,21.02110535936
5e-09,-21.407041535999994,21.02110535936
6.000000000000001e-09,-21.407041535999994,21.02110535936
7.000000000000001e-09,-21.407041535999994,21.02110535936
8e-09,-21.407041535999994,21.02110535936
9.000000000000001e-09,-21.005031423999995,21.02110535936
1e-08,-21.005031423999995,21.02110535936
1.1000000000000001e-08,-21.005031423999995,21.02110535936
1.2000000000000002e-08,-21.005031423999995,21.02110535936
1.3e-08,-21.005031423999995,21.02110535936
1.4000000000000001e-08,-20.603021311999996,21.02110535936
1.5000000000000002e-08,-20.603021311999996,21.02110535936
1.6e-08,-20.603021311999996,21.02110535936
1.7e-08,-20.603021311999996,21.02110535936
1.8000000000000002e-08,-20.603021311999996,21.02110535936
1.9e-08,-20.603021311999996,21.02110535936
2e-08,-20.603021311999996,21.02110535936
2.1000000000000003e-08,-20.603021311999996,21.02110535936
2.2000000000000002e-08,-20.201011199999996,21.02110535936
2.3e-08,-20.201011199999996,21.02110535936
2.4000000000000003e-08,-20.201011199999996,21.02110535936
2.5000000000000002e-08,-20.201011199999996,21.02110535936
2.6e-08,-20.201011199999996,21.02110535936
2.7e-08,-20.201011199999996,21.02110535936
2.8000000000000003e-08,-20.201011199999996,21.02110535936
2.9e-08,-20.201011199999996,21.02110535936
3.0000000000000004e-08,-20.201011199999996,21.02110535936
3.1e-08,-20.201011199999996,21.02110535936
3.2e-08,-20.201011199999996,21.02110535936
3.3000000000000004e-08,-20.201011199999996,21.02110535936
3.4e-08,-20.201011199999996,21.02110535936
3.5e-08,-20.201011199999996,21.02110535936
3.6000000000000005e-08,-20.201011199999996,21.02110535936
3.7e-08,-20.201011199999996,21.02110535936
3.8e-08,-20.201011199999996,21.02110535936
3.9000000000000005e-08,-20.201011199999996,21.02110535936
4e-08,-20.201011199999996,21.02110535936
4.1e-08,-19.799001087999997,21.02110535936
4.2000000000000006e-08,-19.799001087999997,21.02110535936
4.3e-08,-19.799001087999997,21.02110535936
4.4000000000000004e-08,-19.799001087999997,21.02110535936
4.5000000000000006e-08,-19.799001087999997,21.02110535936
4.6e-08,-19.799001087999997,21.02110535936
4.7000000000000004e-08,-19.396990975999998,21.02110535936
4.8000000000000006e-08,-19.396990975999998,21.02110535936
4.9e-08,-19.396990975999998,21.02110535936
5.0000000000000004e-08,-19.396990975999998,21.02110535936
5.1e-08,-18.994980864,21.02110535936
5.2e-08,-18.994980864,21.02110535936
5.3000000000000005e-08,-18.994980864,21.02110535936
5.4e-08,-18.994980864,21.02110535936
5.5e-08,-18.994980864,21.02110535936
5.6000000000000005e-08,-18.592970752,21.02110535936
5.7e-08,-18.592970752,21.02110535936
5.8e-08,-18.592970752,21.02110535936
5.9000000000000006e-08,-18.592970752,21.02110535936
6.000000000000001e-08,-18.592970752,21.02110535936
6.1e-08,-18.592970752,21.02110535936
6.2e-08,-18.592970752,21.02110535936
6.300000000000001e-08,-18.592970752,21.02110535936
6.4e-08,-18.592970752,21.02110535936
6.5e-08,-18.592970752,21.02110535936
6.600000000000001e-08,-18.592970752,21.02110535936
6.7e-08,-18.592970752,21.02110535936
6.8e-08,-18.592970752,21.02110535936
6.900000000000001e-08,-18.592970752,21.02110535936
7e-08,-18.592970752,21.02110535936
7.1e-08,-18.592970752,21.02110535936
7.200000000000001e-08,-18.592970752,21.02110535936
7.3e-08,-18.592970752,21.02110535936
7.4e-08,-18.592970752,21.02110535936
7.500000000000001e-08,-18.19096064,21.02110535936
7.6e-08,-18.19096064,21.02110535936
7.7e-08,-18.19096064,21.02110535936
7.800000000000001e-08,-17.788950528,21.02110535936
7.9e-08,-17.788950528,21.02110535936
8e-08,-17.788950528,21.02110535936
8.100000000000001e-08,-17.788950528,21.02110535936
8.2e-08,-17.788950528,21.02110535936
8.3e-08,-17.788950528,21.02110535936
8.400000000000001e-08,-17.386940415999995,21.02110535936
8.500000000000001e-08,-17.386940415999995,21.02110535936
8.6e-08,-17.386940415999995,21.02110535936
8.700000000000001e-08,-17.386940415999995,21.02110535936
8.800000000000001e-08,-17.386940415999995,21.02110535936
8.9e-08,-17.386940415999995,21.02110535936
9.000000000000001e-08,-17.386940415999995,21.02110535936
9.100000000000001e-08,-17.386940415999995,21.02110535936
9.2e-08,-17.386940415999995,21.02110535936
9.300000000000001e-08,-17.386940415999995,21.02110535936
9.400000000000001e-08,-17.386940415999995,21.02110535936
9.5e-08,-17.386940415999995,21.02110535936
9.600000000000001e-08,-16.984930303999995,21.02110535936
9.700000000000001e-08,-16.984930303999995,21.02110535936
9.8e-08,-16.582920191999996,21.02110535936
9.9e-08,-16.582920191999996,21.02110535936
1.0000000000000001e-07,-16.582920191999996,21.02110535936
1.01e-07,-16.582920191999996,21.02110535936
1.02e-07,-16.582920191999996,21.02110535936
1.0300000000000001e-07,-16.582920191999996,21.02110535936
1.04e-07,-16.582920191999996,21.02110535936
1.05e-07,-16.582920191999996,21.02110535936
1.0600000000000001e-07,-16.582920191999996,21.02110535936
1.07e-07,-16.582920191999996,21.02110535936
1.08e-07,-16.582920191999996,21.02110535936
1.0900000000000001e-07,-16.582920191999996,21.02110535936
1.1e-07,-16.582920191999996,21.02110535936
1.11e-07,-16.582920191999996,21.02110535936
1.1200000000000001e-07,-16.582920191999996,21.02110535936
1.13e-07,-16.180910079999997,21.02110535936
1.14e-07,-16.180910079999997,21.02110535936
1.1500000000000001e-07,-16.180910079999997,21.02110535936
1.16e-07,-16.180910079999997,21.02110535936
1.17e-07,-16.180910079999997,21.02110535936
1.1800000000000001e-07,-16.582920191999996,21.02110535936
1.1900000000000001e-07,-16.582920191999996,21.02110535936
1.2000000000000002e-07,-16.582920191999996,21.02110535936
1.21e-07,-16.582920191999996,21.02110535936
1.22e-07,-16.180910079999997,21.02110535936
1.23e-07,-16.180910079999997,21.02110535936
1.24e-07,-16.180910079999997,21.02110535936
1.2500000000000002e-07,-16.180910079999997,21.02110535936
1.2600000000000002e-07,-16.180910079999997,21.02110535936
1.27e-07,-16.180910079999997,21.02110535936
1.28e-07,-16.180910079999997,21.02110535936
1.29e-07,-16.180910079999997,21.02110535936
1.3e-07,-16.180910079999997,21.02110535936
1.31e-07,-16.180910079999997,21.02110535936
1.3200000000000002e-07,-16.180910079999997,21.02110535936
1.33e-07,-16.180910079999997,21.02110535936
1.34e-07,-16.180910079999997,21.02110535936
1.35e-07,-16.180910079999997,21.02110535936
1.36e-07,-16.180910079999997,21.02110535936
1.37e-07,-16.180910079999997,21.02110535936
1.3800000000000002e-07,-16.180910079999997,21.02110535936
1.3900000000000001e-07,-16.180910079999997,21.02110535936
1.4e-07,-16.180910079999997,21.02110535936
1.41e-07,-16.180910079999997,21.02110535936
1.42e-07,-16.180910079999997,21.02110535936
1.43e-07,-16.180910079999997,21.02110535936
1.4400000000000002e-07,-16.180910079999997,21.02110535936
1.4500000000000001e-07,-16.180910079999997,21.02110535936
1.46e-07,-16.180910079999997,21.02110535936
1.47e-07,-16.180910079999997,21.02110535936
1.48e-07,-16.180910079999997,21.02110535936
1.49e-07,-16.180910079999997,21.02110535936
1.5000000000000002e-07,-16.180910079999997,21.02110535936
1.5100000000000002e-07,-16.180910079999997,21.02110535936
1.52e-07,-16.180910079999997,21.02110535936
1.53e-07,-16.180910079999997,21.02110535936
1.54e-07,-16.180910079999997,21.02110535936
1.55e-07,-16.180910079999997,21.02110535936
1.5600000000000002e-07,-16.582920191999996,21.02110535936
1.5700000000000002e-07,-16.582920191999996,21.02110535936
1.58e-07,-16.582920191999996,21.02110535936
1.59e-07,-16.582920191999996,21.02110535936
1.6e-07,-16.582920191999996,21.02110535936
1.61e-07,-16.582920191999996,21.02110535936
1.6200000000000002e-07,-16.582920191999996,21.02110535936
1.6300000000000002e-07,-16.582920191999996,21.02110535936
1.64e-07,-16.582920191999996,21.02110535936
1.65e-07,-16.582920191999996,21.02110535936
1.66e-07,-16.582920191999996,21.02110535936
1.67e-07,-16.984930303999995,21.02110535936
1.6800000000000002e-07,-16.984930303999995,21.02110535936
1.6900000000000002e-07,-16.984930303999995,21.02110535936
1.7000000000000001e-07,-16.984930303999995,21.02110535936
1.71e-07,-16.984930303999995,21.02110535936
1.72e-07,-16.984930303999995,21.02110535936
1.73e-07,-16.984930303999995,21.02110535936
1.7400000000000002e-07,-16.984930303999995,21.02110535936
1.7500000000000002e-07,-16.984930303999995,21.02110535936
1.7600000000000001e-07,-16.984930303999995,21.02110535936
1.77e-07,-16.984930303999995,21.02110535936
1.78e-07,-16.984930303999995,21.02110535936
1.79e-07,-16.984930303999995,21.02110535936
1.8000000000000002e-07,-16.984930303999995,21.02110535936
1.8100000000000002e-07,-16.984930303999995,21.02110535936
1.8200000000000002e-07,-17.386940415999995,21.02110535936
1.83e-07,-17.386940415999995,21.02110535936
1.84e-07,-17.386940415999995,21.02110535936
1.85e-07,-17.386940415999995,21.02110535936
1.8600000000000002e-07,-17.386940415999995,21.02110535936
1.8700000000000002e-07,-17.386940415999995,21.02110535936
1.8800000000000002e-07,-17.386940415999995,21.02110535936
1.89e-07,-17.386940415999995,21.02110535936
1.9e-07,-17.386940415999995,21.02110535936
1.91e-07,-17.386940415999995,21.02110535936
1.9200000000000003e-07,-17.386940415999995,21.02110535936
1.9300000000000002e-07,-17.386940415999995,21.02110535936
1.9400000000000002e-07,-17.386940415999995,21.02110535936
1.95e-07,-17.386940415999995,21.02110535936
1.96e-07,-17.386940415999995,21.02110535936
1.97e-07,-17.386940415999995,21.02110535936
1.98e-07,-17.788950528,21.02110535936
1.9900000000000002e-07,-17.788950528,21.02110535936
2.0000000000000002e-07,-17.788950528,21.02110535936
2.01e-07,-17.788950528,21.02110535936
2.02e-07,-17.788950528,21.02110535936
2.03e-07,-17.788950528,21.02110535936
2.04e-07,-18.19096064,21.02110535936
2.0500000000000002e-07,-18.19096064,21.02110535936
2.0600000000000002e-07,-18.19096064,21.02110535936
2.0700000000000001e-07,-17.788950528,21.02110535936
2.08e-07,-18.19096064,21.02110535936
2.09e-07,-18.19096064,21.02110535936
2.1e-07,-18.19096064,21.02110535936
2.1100000000000002e-07,-18.19096064,21.02110535936
2.1200000000000002e-07,-18.19096064,21.02110535936
2.1300000000000001e-07,-18.19096064,21.02110535936
2.14e-07,-18.592970752,21.02110535936
2.15e-07,-18.592970752,21.02110535936
2.16e-07,-18.592970752,21.02110535936
2.1700000000000002e-07,-18.994980864,21.02110535936
2.1800000000000002e-07,-18.994980864,21.02110535936
2.1900000000000002e-07,-18.994980864,21.02110535936
2.2e-07,-18.994980864,21.02110535936
2.21e-07,-19.396990975999998,21.02110535936
2.22e-07,-19.396990975999998,21.02110535936
2.2300000000000002e-07,-18.994980864,21.02110535936
2.2400000000000002e-07,-18.994980864,21.02110535936
2.2500000000000002e-07,-18.994980864,21.02110535936
2.26e-07,-18.994980864,21.02110535936
2.27e-07,-18.994980864,21.02110535936
2.28e-07,-18.994980864,21.02110535936
2.2900000000000003e-07,-19.396990975999998,21.02110535936
2.3000000000000002e-07,-19.396990975999998,21.02110535936
2.3100000000000002e-07,-19.396990975999998,21.02110535936
2.32e-07,-19.396990975999998,21.02110535936
2.33e-07,-19.396990975999998,21.02110535936
2.34e-07,-19.396990975999998,21.02110535936
2.3500000000000003e-07,-19.396990975999998,21.02110535936
2.3600000000000002e-07,-19.396990975999998,21.02110535936
2.3700000000000002e-07,-19.396990975999998,21.02110535936
2.3800000000000001e-07,-19.396990975999998,21.02110535936
2.39e-07,-19.396990975999998,21.02110535936
2.4000000000000003e-07,-19.396990975999998,21.02110535936
2.41e-07,-19.396990975999998,21.02110535936
2.42e-07,-19.396990975999998,21.02110535936
2.43e-07,-19.396990975999998,21.02110535936
2.44e-07,-19.396990975999998,21.02110535936
2.4500000000000004e-07,-19.396990975999998,21.02110535936
2.46e-07,-19.396990975999998,21.02110535936
2.4700000000000003e-07,-19.799001087999997,21.02110535936
2.48e-07,-19.799001087999997,21.02110535936
2.49e-07,-19.799001087999997,21.02110535936
2.5000000000000004e-07,-19.799001087999997,21.02110535936
2.51e-07,-19.799001087999997,21.02110535936
2.5200000000000003e-07,-19.799001087999997,21.02110535936
2.53e-07,-19.799001087999997,21.02110535936
2.54e-07,-19.799001087999997,21.02110535936
2.55e-07,-19.799001087999997,21.02110535936
2.56e-07,-19.799001087999997,21.02110535936
2.5700000000000004e-07,-19.799001087999997,21.02110535936
2.58e-07,-19.799001087999997,21.02110535936
2.5900000000000003e-07,-20.201011199999996,21.02110535936
2.6e-07,-20.201011199999996,21.02110535936
2.61e-07,-20.201011199999996,21.02110535936
2.62e-07,-20.201011199999996,21.02110535936
2.63e-07,-20.201011199999996,21.02110535936
2.6400000000000003e-07,-20.201011199999996,21.02110535936
2.65e-07,-20.201011199999996,21.02110535936
2.66e-07,-20.201011199999996,21.02110535936
2.67e-07,-20.201011199999996,21.02110535936
2.68e-07,-20.201011199999996,21.02110535936
2.6900000000000004e-07,-20.201011199999996,21.02110535936
2.7e-07,-20.201011199999996,21.02110535936
2.7100000000000003e-07,-20.201011199999996,21.02110535936
2.72e-07,-20.201011199999996,21.02110535936
2.73e-07,-20.201011199999996,21.02110535936
2.74e-07,-20.201011199999996,21.02110535936
2.75e-07,-20.201011199999996,21.02110535936
2.7600000000000004e-07,-20.201011199999996,21.02110535936
2.77e-07,-20.201011199999996,21.02110535936
2.7800000000000003e-07,-20.201011199999996,21.02110535936
2.79e-07,-20.201011199999996,21.02110535936
2.8e-07,-20.201011199999996,21.02110535936
2.8100000000000004e-07,-20.201011199999996,21.02110535936
2.82e-07,-20.201011199999996,21.02110535936
2.8300000000000003e-07,-20.201011199999996,21.02110535936
2.84e-07,-20.201011199999996,21.02110535936
2.85e-07,-20.201011199999996,21.02110535936
2.86e-07,-20.201011199999996,21.02110535936
2.87e-07,-20.201011199999996,21.02110535936
2.8800000000000004e-07,-20.201011199999996,21.02110535936
2.89e-07,-20.201011199999996,21.02110535936
2.9000000000000003e-07,-20.201011199999996,21.02110535936
2.91e-07,-20.201011199999996,21.02110535936
2.92e-07,-20.201011199999996,21.02110535936
2.9300000000000004e-07,-20.201011199999996,21.02110535936
2.94e-07,-20.201011199999996,21.02110535936
2.9500000000000003e-07,-20.201011199999996,21.02110535936
2.96e-07,-20.201011199999996,21.02110535936
2.97e-07,-19.799001087999997,21.02110535936
2.98e-07,-19.799001087999997,21.02110535936
2.99e-07,-19.799001087999997,21.02110535936
3.0000000000000004e-07,-19.799001087999997,21.02110535936
3.01e-07,-19.799001087999997,21.02110535936
3.0200000000000003e-07,-19.799001087999997,21.02110535936
3.03e-07,-19.799001087999997,21.02110535936
3.04e-07,-19.799001087999997,21.02110535936
3.0500000000000004e-07,-19.799001087999997,21.02110535936
3.06e-07,-20.201011199999996,21.02110535936
3.0700000000000004e-07,-20.201011199999996,21.02110535936
3.08e-07,-20.201011199999996,21.02110535936
3.0900000000000003e-07,-20.201011199999996,21.02110535936
3.1e-07,-20.201011199999996,21.02110535936
3.11e-07,-20.201011199999996,21.02110535936
3.1200000000000004e-07,-20.201011199999996,21.02110535936
3.13e-07,-19.799001087999997,21.02110535936
3.1400000000000003e-07,-19.799001087999997,21.02110535936
3.15e-07,-19.799001087999997,21.02110535936
3.16e-07,-19.799001087999997,21.02110535936
3.1700000000000005e-07,-19.799001087999997,21.02110535936
3.18e-07,-19.396990975999998,21.02110535936
3.1900000000000004e-07,-19.396990975999998,21.02110535936
3.2e-07,-19.396990975999998,21.02110535936
3.2100000000000003e-07,-19.396990975999998,21.02110535936
3.22e-07,-19.396990975999998,21.02110535936
3.23e-07,-19.396990975999998,21.02110535936
3.2400000000000004e-07,-19.799001087999997,21.02110535936
3.25e-07,-19.799001087999997,21.02110535936
3.2600000000000003e-07,-19.396990975999998,21.02110535936
3.27e-07,-19.396990975999998,21.02110535936
3.28e-07,-19.396990975999998,21.02110535936
3.29e-07,-19.396990975999998,21.02110535936
3.3e-07,-19.396990975999998,21.02110535936
3.3100000000000004e-07,-18.994980864,21.02110535936
3.32e-07,-18.994980864,21.02110535936
3.3300000000000003e-07,-18.994980864,21.02110535936
3.34e-07,-18.994980864,21.02110535936
3.35e-07,-18.994980864,21.02110535936
3.3600000000000004e-07,-18.994980864,21.02110535936
3.37e-07,-18.994980864,21.02110535936
3.3800000000000004e-07,-18.994980864,21.02110535936
3.39e-07,-18.994980864,21.02110535936
3.4000000000000003e-07,-18.994980864,21.02110535936
3.41e-07,-18.994980864,21.02110535936
3.42e-07,-18.994980864,21.02110535936
3.4300000000000004e-07,-18.592970752,21.02110535936
3.44e-07,-18.592970752,21.02110535936
3.4500000000000003e-07,-18.592970752,21.02110535936
3.46e-07,-18.592970752,21.02110535936
3.47e-07,-18.592970752,21.02110535936
3.4800000000000005e-07,-18.592970752,21.02110535936
3.49e-07,-18.19096064,21.02110535936
3.5000000000000004e-07,-18.19096064,21.02110535936
3.51e-07,-18.19096064,21.02110535936
3.5200000000000003e-07,-18.19096064,21.02110535936
3.53e-07,-18.19096064,21.02110535936
3.54e-07,-18.19096064,21.02110535936
3.5500000000000004e-07,-18.19096064,21.02110535936
3.56e-07,-18.19096064,21.02110535936
3.5700000000000003e-07,-18.19096064,21.02110535936
3.58e-07,-18.19096064,21.02110535936
3.59e-07,-18.19096064,21.02110535936
3.6000000000000005e-07,-17.788950528,21.02110535936
3.61e-07,-17.788950528,21.02110535936
3.6200000000000004e-07,-17.788950528,21.02110535936
3.63e-07,-17.788950528,21.02110535936
3.6400000000000003e-07,-17.788950528,21.02110535936
3.65e-07,-17.788950528,21.02110535936
3.66e-07,-17.788950528,21.02110535936
3.6700000000000004e-07,-17.788950528,21.02110535936
3.68e-07,-17.788950528,21.02110535936
3.6900000000000004e-07,-17.788950528,21.02110535936
3.7e-07,-17.386940415999995,21.02110535936
3.7100000000000003e-07,-17.386940415999995,21.02110535936
3.7200000000000005e-07,-17.386940415999995,21.02110535936
3.73e-07,-17.386940415999995,21.02110535936
3.7400000000000004e-07,-16.984930303999995,21.02110535936
3.75e-07,-16.984930303999995,21.02110535936
3.7600000000000003e-07,-16.984930303999995,21.02110535936
3.77e-07,-16.984930303999995,21.02110535936
3.78e-07,-16.984930303999995,21.02110535936
3.7900000000000005e-07,-16.984930303999995,21.02110535936
3.8e-07,-16.984930303999995,21.02110535936
3.8100000000000004e-07,-16.984930303999995,21.02110535936
3.82e-07,-16.984930303999995,21.02110535936
3.8300000000000003e-07,-16.582920191999996,21.02110535936
3.8400000000000005e-07,-16.582920191999996,21.02110535936
3.85e-07,-16.582920191999996,21.02110535936
3.8600000000000004e-07,-16.582920191999996,21.02110535936
3.87e-07,-16.582920191999996,21.02110535936
3.8800000000000003e-07,-16.582920191999996,21.02110535936
3.89e-07,-16.582920191999996,21.02110535936
3.9e-07,-16.582920191999996,21.02110535936
3.9100000000000005e-07,-16.582920191999996,21.02110535936
3.92e-07,-16.582920191999996,21.02110535936
3.9300000000000004e-07,-16.582920191999996,21.02110535936
3.94e-07,-16.582920191999996,21.02110535936
3.9500000000000003e-07,-16.582920191999996,21.02110535936
3.96e-07,-16.180910079999997,21.02110535936
3.97e-07,-16.180910079999997,21.02110535936
3.9800000000000004e-07,-16.180910079999997,21.02110535936
3.99e-07,-15.778899967999998,21.02110535936
4.0000000000000003e-07,-15.778899967999998,21.02110535936
4.01e-07,-15.778899967999998,21.02110535936
4.02e-07,-15.778899967999998,21.02110535936
4.0300000000000005e-07,-15.778899967999998,21.02110535936
4.04e-07,-15.778899967999998,21.02110535936
4.0500000000000004e-07,-16.180910079999997,21.02110535936
4.06e-07,-16.180910079999997,21.02110535936
4.0700000000000003e-07,-16.180910079999997,21.02110535936
4.08e-07,-16.180910079999997,21.02110535936
4.09e-07,-15.778899967999998,21.02110535936
4.1000000000000004e-07,-15.778899967999998,21.02110535936
4.11e-07,-15.778899967999998,21.02110535936
4.1200000000000004e-07,-15.778899967999998,21.02110535936
4.13e-07,-15.376889855999998,21.02110535936
4.1400000000000003e-07,-15.376889855999998,21.02110535936
4.1500000000000005e-07,-15.376889855999998,21.02110535936
4.16e-07,-15.376889855999998,21.02110535936
4.1700000000000004e-07,-15.376889855999998,21.02110535936
4.18e-07,-15.376889855999998,21.02110535936
4.1900000000000003e-07,-15.376889855999998,21.02110535936
4.2e-07,-15.376889855999998,21.02110535936
4.21e-07,-15.376889855999998,21.02110535936
4.2200000000000005e-07,-15.376889855999998,21.02110535936
4.23e-07,-15.376889855999998,21.02110535936
4.2400000000000004e-07,-15.376889855999998,21.02110535936
4.25e-07,-15.376889855999998,21.02110535936
4.2600000000000003e-07,-15.376889855999998,21.02110535936
4.2700000000000005e-07,-15.376889855999998,21.02110535936
4.28e-07,-15.376889855999998,21.02110535936
4.2900000000000004e-07,-15.376889855999998,21.02110535936
4.3e-07,-14.974879743999999,21.02110535936
4.3100000000000003e-07,-14.974879743999999,21.02110535936
4.32e-07,-14.974879743999999,21.02110535936
4.33e-07,-14.974879743999999,21.02110535936
4.3400000000000005e-07,-15.376889855999998,21.02110535936
4.35e-07,-15.376889855999998,21.02110535936
4.3600000000000004e-07,-15.376889855999998,21.02110535936
4.37e-07,-15.376889855999998,21.02110535936
4.3800000000000003e-07,-15.376889855999998,21.02110535936
4.3900000000000005e-07,-15.376889855999998,21.02110535936
4.4e-07,-15.376889855999998,21.02110535936
4.4100000000000004e-07,-15.376889855999998,21.02110535936
4.42e-07,-15.376889855999998,21.02110535936
4.4300000000000004e-07,-15.376889855999998,21.02110535936
4.44e-07,-14.974879743999999,21.02110535936
4.4500000000000003e-07,-14.974879743999999,21.02110535936
4.4600000000000005e-07,-14.974879743999999,21.02110535936
4.47e-07,-14.974879743999999,21.02110535936
4.4800000000000004e-07,-14.974879743999999,21.02110535936
4.49e-07,-15.376889855999998,21.02110535936
4.5000000000000003e-07,-15.376889855999998,21.02110535936
4.51e-07,-15.376889855999998,21.02110535936
4.52e-07,-15.376889855999998,21.02110535936
4.5300000000000005e-07,-14.974879743999999,21.02110535936
4.54e-07,-14.974879743999999,21.02110535936
4.5500000000000004e-07,-14.974879743999999,21.02110535936
4.56e-07,-14.974879743999999,21.02110535936
4.5700000000000003e-07,-14.974879743999999,21.02110535936
4.5800000000000005e-07,-14.974879743999999,21.02110535936
4.59e-07,-14.974879743999999,21.02110535936
4.6000000000000004e-07,-14.974879743999999,21.02110535936
4.61e-07,-14.974879743999999,21.02110535936
4.6200000000000003e-07,-14.974879743999999,21.02110535936
4.63e-07,-14.974879743999999,21.02110535936
4.64e-07,-14.974879743999999,21.02110535936
4.6500000000000005e-07,-15.376889855999998,21.02110535936
4.66e-07,-15.376889855999998,21.02110535936
4.6700000000000004e-07,-15.376889855999998,21.02110535936
4.68e-07,-15.376889855999998,21.02110535936
4.6900000000000003e-07,-15.376889855999998,21.02110535936
4.7000000000000005e-07,-15.376889855999998,21.02110535936
4.71e-07,-15.376889855999998,21.02110535936
4.7200000000000004e-07,-15.376889855999998,21.02110535936
4.73e-07,-15.376889855999998,21.02110535936
4.7400000000000004e-07,-15.376889855999998,21.02110535936
4.75e-07,-15.376889855999998,21.02110535936
4.7600000000000003e-07,-15.376889855999998,21.02110535936
4.77e-07,-15.376889855999998,21.02110535936
4.78e-07,-15.376889855999998,21.02110535936
4.79e-07,-15.376889855999998,21.02110535936
4.800000000000001e-07,-15.376889855999998,21.02110535936
4.81e-07,-15.376889855999998,21.02110535936
4.82e-07,-15.778899967999998,21.02110535936
4.830000000000001e-07,-15.778899967999998,21.02110535936
4.84e-07,-15.778899967999998,21.02110535936
4.85e-07,-15.778899967999998,21.02110535936
4.86e-07,-15.778899967999998,21.02110535936
4.870000000000001e-07,-15.778899967999998,21.02110535936
4.88e-07,-15.778899967999998,21.02110535936
4.89e-07,-15.778899967999998,21.02110535936
4.900000000000001e-07,-15.778899967999998,21.02110535936
4.91e-07,-15.778899967999998,21.02110535936
4.92e-07,-15.778899967999998,21.02110535936
4.93e-07,-15.778899967999998,21.02110535936
4.940000000000001e-07,-15.778899967999998,21.02110535936
4.95e-07,-15.778899967999998,21.02110535936
4.96e-07,-15.778899967999998,21.02110535936
4.970000000000001e-07,-15.778899967999998,21.02110535936
4.98e-07,-15.778899967999998,21.02110535936
4.99e-07,-15.778899967999998,21.02110535936
5.000000000000001e-07,-15.778899967999998,21.02110535936
5.01e-07,-15.778899967999998,21.02110535936
5.02e-07,-15.778899967999998,21.02110535936
5.03e-07,-16.180910079999997,21.02110535936
5.040000000000001e-07,-16.180910079999997,21.02110535936
5.05e-07,-16.180910079999997,21.02110535936
5.06e-07,-16.180910079999997,21.02110535936
5.070000000000001e-07,-16.180910079999997,21.02110535936
5.08e-07,-16.582920191999996,21.02110535936
5.09e-07,-16.582920191999996,21.02110535936
5.1e-07,-16.582920191999996,21.02110535936
5.110000000000001e-07,-16.582920191999996,21.02110535936
5.12e-07,-16.582920191999996,21.02110535936
5.13e-07,-16.582920191999996,21.02110535936
5.140000000000001e-07,-16.582920191999996,21.02110535936
5.15e-07,-16.582920191999996,21.02110535936
5.16e-07,-16.582920191999996,21.02110535936
5.17e-07,-16.582920191999996,21.02110535936
5.180000000000001e-07,-16.582920191999996,21.02110535936
5.19e-07,-16.582920191999996,21.02110535936
5.2e-07,-16.984930303999995,21.02110535936
5.210000000000001e-07,-16.984930303999995,21.02110535936
5.22e-07,-16.984930303999995,21.02110535936
5.23e-07,-16.984930303999995,21.02110535936
5.24e-07,-16.984930303999995,21.02110535936
5.250000000000001e-07,-16.984930303999995,21.02110535936
5.26e-07,-16.984930303999995,21.02110535936
5.27e-07,-17.386940415999995,21.02110535936
5.280000000000001e-07,-17.386940415999995,21.02110535936
5.29e-07,-17.386940415999995,21.02110535936
5.3e-07,-17.386940415999995,21.02110535936
5.310000000000001e-07,-17.386940415999995,21.02110535936
5.32e-07,-17.386940415999995,21.02110535936
5.33e-07,-17.386940415999995,21.02110535936
5.34e-07,-16.984930303999995,21.02110535936
5.350000000000001e-07,-16.984930303999995,21.02110535936
5.36e-07,-16.984930303999995,21.02110535936
5.37e-07,-16.984930303999995,21.02110535936
5.380000000000001e-07,-16.984930303999995,21.02110535936
5.39e-07,-16.984930303999995,21.02110535936
5.4e-07,-16.984930303999995,21.02110535936
5.41e-07,-17.386940415999995,21.02110535936
5.420000000000001e-07,-17.386940415999995,21.02110535936
5.43e-07,-17.386940415999995,21.02110535936
5.44e-07,-17.386940415999995,21.02110535936
5.450000000000001e-07,-17.386940415999995,21.02110535936
5.46e-07,-17.386940415999995,21.02110535936
5.47e-07,-17.788950528,21.02110535936
5.48e-07,-17.788950528,21.02110535936
5.490000000000001e-07,-17.788950528,21.02110535936
5.5e-07,-17.788950528,21.02110535936
5.51e-07,-17.788950528,21.02110535936
5.520000000000001e-07,-17.788950528,21.02110535936
5.53e-07,-17.788950528,21.02110535936
5.54e-07,-17.788950528,21.02110535936
5.550000000000001e-07,-18.19096064,21.02110535936
5.560000000000001e-07,-18.19096064,21.02110535936
5.57e-07,-17.788950528,21.02110535936
5.58e-07,-17.788950528,21.02110535936
5.590000000000001e-07,-17.788950528,21.02110535936
5.6e-07,-17.788950528,21.02110535936
5.61e-07,-17.386940415999995,21.02110535936
5.620000000000001e-07,-17.386940415999995,21.02110535936
5.63e-07,-17.386940415999995,21.02110535936
5.64e-07,-17.386940415999995,21.02110535936
5.65e-07,-17.386940415999995,21.02110535936
5.660000000000001e-07,-17.386940415999995,21.02110535936
5.67e-07,-17.788950528,21.02110535936
5.68e-07,-17.788950528,21.02110535936
5.690000000000001e-07,-18.19096064,21.02110535936
5.7e-07,-18.19096064,21.02110535936
5.71e-07,-18.19096064,21.02110535936
5.72e-07,-18.19096064,21.02110535936
5.730000000000001e-07,-18.19096064,21.02110535936
5.74e-07,-18.19096064,21.02110535936
5.75e-07,-18.19096064,21.02110535936
5.760000000000001e-07,-17.788950528,21.02110535936
5.77e-07,-17.788950528,21.02110535936
5.78e-07,-17.788950528,21.02110535936
5.79e-07,-17.788950528,21.02110535936
5.800000000000001e-07,-17.788950528,21.02110535936
5.81e-07,-17.788950528,21.02110535936
5.82e-07,-17.788950528,21.02110535936
5.830000000000001e-07,-17.788950528,21.02110535936
5.84e-07,-17.788950528,21.02110535936
5.85e-07,-17.788950528,21.02110535936
5.860000000000001e-07,-18.19096064,21.02110535936
5.870000000000001e-07,-18.19096064,21.02110535936
5.88e-07,-18.19096064,21.02110535936
5.89e-07,-18.19096064,21.02110535936
5.900000000000001e-07,-18.19096064,21.02110535936
5.91e-07,-18.19096064,21.02110535936
5.92e-07,-18.19096064,21.02110535936
5.930000000000001e-07,-18.19096064,21.02110535936
5.94e-07,-18.19096064,21.02110535936
5.95e-07,-18.592970752,21.02110535936
5.96e-07,-18.592970752,21.02110535936
5.970000000000001e-07,-18.592970752,21.02110535936
5.98e-07,-18.19096064,21.02110535936
5.99e-07,-18.19096064,21.02110535936
6.000000000000001e-07,-18.19096064,21.02110535936
6.01e-07,-18.19096064,21.02110535936
6.02e-07,-18.19096064,21.02110535936
6.03e-07,-18.19096064,21.02110535936
6.040000000000001e-07,-18.19096064,21.02110535936
6.05e-07,-18.19096064,21.02110535936
6.06e-07,-18.19096064,21.02110535936
6.070000000000001e-07,-17.788950528,21.02110535936
6.08e-07,-17.788950528,21.02110535936
6.09e-07,-17.788950528,21.02110535936
6.100000000000001e-07,-17.788950528,21.02110535936
6.110000000000001e-07,-17.788950528,21.02110535936
6.12e-07,-17.788950528,21.02110535936
6.13e-07,-17.788950528,21.02110535936
6.140000000000001e-07,-17.788950528,21.02110535936
6.15e-07,-17.788950528,21.02110535936
6.16e-07,-17.788950528,21.02110535936
6.170000000000001e-07,-17.386940415999995,21.02110535936
6.180000000000001e-07,-17.386940415999995,21.02110535936
6.19e-07,-17.386940415999995,21.02110535936
6.2e-07,-17.386940415999995,21.02110535936
6.210000000000001e-07,-17.386940415999995,21.02110535936
6.22e-07,-17.386940415999995,21.02110535936
6.23e-07,-17.386940415999995,21.02110535936
6.240000000000001e-07,-17.386940415999995,21.02110535936
6.25e-07,-17.386940415999995,21.02110535936
6.26e-07,-17.386940415999995,21.02110535936
6.27e-07,-17.386940415999995,21.02110535936
6.280000000000001e-07,-17.386940415999995,21.02110535936
6.29e-07,-17.386940415999995,21.02110535936
6.3e-07,-17.386940415999995,21.02110535936
6.310000000000001e-07,-17.386940415999995,21.02110535936
6.32e-07,-17.386940415999995,21.02110535936
6.33e-07,-17.386940415999995,21.02110535936
6.340000000000001e-07,-17.386940415999995,21.02110535936
6.350000000000001e-07,-17.386940415999995,21.02110535936
6.36e-07,-16.984930303999995,21.02110535936
6.37e-07,-16.984930303999995,21.02110535936
6.380000000000001e-07,-16.984930303999995,21.02110535936
6.39e-07,-16.984930303999995,21.02110535936
6.4e-07,-16.984930303999995,21.02110535936
6.410000000000001e-07,-16.984930303999995,21.02110535936
6.420000000000001e-07,-16.984930303999995,21.02110535936
6.43e-07,-16.984930303999995,21.02110535936
6.44e-07,-16.582920191999996,21.02110535936
6.450000000000001e-07,-16.582920191999996,21.02110535936
6.46e-07,-16.582920191999996,21.02110535936
6.47e-07,-16.582920191999996,21.02110535936
6.480000000000001e-07,-16.582920191999996,21.02110535936
6.490000000000001e-07,-16.582920191999996,21.02110535936
6.5e-07,-16.582920191999996,21.02110535936
6.51e-07,-16.582920191999996,21.02110535936
6.520000000000001e-07,-16.582920191999996,21.02110535936
6.53e-07,-16.180910079999997,21.02110535936
6.54e-07,-16.180910079999997,21.02110535936
6.550000000000001e-07,-16.582920191999996,21.02110535936
6.56e-07,-16.582920191999996,21.02110535936
6.57e-07,-16.582920191999996,21.02110535936
6.58e-07,-16.582920191999996,21.02110535936
6.590000000000001e-07,-16.582920191999996,21.02110535936
6.6e-07,-16.582920191999996,21.02110535936
6.61e-07,-16.180910079999997,21.02110535936
6.620000000000001e-07,-16.180910079999997,21.02110535936
6.63e-07,-16.180910079999997,21.02110535936
6.64e-07,-16.180910079999997,21.02110535936
6.650000000000001e-07,-15.778899967999998,21.02110535936
6.660000000000001e-07,-15.778899967999998,21.02110535936
6.67e-07,-15.778899967999998,21.02110535936
6.68e-07,-15.778899967999998,21.02110535936
6.690000000000001e-07,-15.778899967999998,21.02110535936
6.7e-07,-15.778899967999998,21.02110535936
6.71e-07,-15.376889855999998,21.02110535936
6.720000000000001e-07,-15.376889855999998,21.02110535936
6.730000000000001e-07,-15.376889855999998,21.02110535936
6.74e-07,-15.376889855999998,21.02110535936
6.75e-07,-15.376889855999998,21.02110535936
6.760000000000001e-07,-15.376889855999998,21.02110535936
6.77e-07,-15.376889855999998,21.02110535936
6.78e-07,-15.376889855999998,21.02110535936
6.790000000000001e-07,-15.376889855999998,21.02110535936
6.800000000000001e-07,-15.376889855999998,21.02110535936
6.81e-07,-15.376889855999998,21.02110535936
6.82e-07,-15.376889855999998,21.02110535936
6.830000000000001e-07,-15.376889855999998,21.02110535936
6.84e-07,-15.376889855999998,21.02110535936
6.85e-07,-15.376889855999998,21.02110535936
6.860000000000001e-07,-14.974879743999999,21.02110535936
6.87e-07,-14.974879743999999,21.02110535936
6.88e-07,-14.974879743999999,21.02110535936
6.890000000000001e-07,-14.974879743999999,21.02110535936
6.900000000000001e-07,-14.974879743999999,21.02110535936
6.91e-07,-14.974879743999999,21.02110535936
6.92e-07,-14.974879743999999,21.02110535936
6.930000000000001e-07,-14.974879743999999,21.02110535936
6.94e-07,-14.974879743999999,21.02110535936
6.95e-07,-14.974879743999999,21.02110535936
6.960000000000001e-07,-14.974879743999999,21.02110535936
6.970000000000001e-07,-14.974879743999999,21.02110535936
6.98e-07,-14.572869632,21.02110535936
6.99e-07,-14.572869632,21.02110535936
7.000000000000001e-07,-14.572869632,21.02110535936
7.01e-07,-14.572869632,21.02110535936
7.02e-07,-14.572869632,21.02110535936
7.030000000000001e-07,-14.572869632,21.02110535936
7.040000000000001e-07,-14.572869632,21.02110535936
7.05e-07,-14.17085952,21.02110535936
7.06e-07,-14.17085952,21.02110535936
7.070000000000001e-07,-14.17085952,21.02110535936
7.08e-07,-14.17085952,21.02110535936
7.09e-07,-14.17085952,21.02110535936
7.100000000000001e-07,-14.17085952,21.02110535936
7.110000000000001e-07,-14.17085952,21.02110535936
7.12e-07,-14.17085952,21.02110535936
7.13e-07,-14.17085952,21.02110535936
7.140000000000001e-07,-14.17085952,21.02110535936
7.15e-07,-14.17085952,21.02110535936
7.16e-07,-14.17085952,21.02110535936
7.170000000000001e-07,-13.768849408000001,21.02110535936
7.18e-07,-13.768849408000001,21.02110535936
7.19e-07,-13.768849408000001,21.02110535936
7.200000000000001e-07,-13.768849408000001,21.02110535936
7.210000000000001e-07,-13.768849408000001,21.02110535936
7.22e-07,-13.768849408000001,21.02110535936
7.23e-07,-13.768849408000001,21.02110535936
7.240000000000001e-07,-13.768849408000001,21.02110535936
7.25e-07,-13.768849408000001,21.02110535936
7.26e-07,-13.768849408000001,21.02110535936
7.270000000000001e-07,-13.768849408000001,21.02110535936
7.280000000000001e-07,-13.768849408000001,21.02110535936
7.29e-07,-13.768849408000001,21.02110535936
7.3e-07,-13.768849408000001,21.02110535936
7.310000000000001e-07,-13.768849408000001,21.02110535936
7.32e-07,-13.768849408000001,21.02110535936
7.33e-07,-13.768849408000001,21.02110535936
7.340000000000001e-07,-13.768849408000001,21.02110535936
7.350000000000001e-07,-13.366839295999995,21.02110535936
7.36e-07,-13.366839295999995,21.02110535936
7.37e-07,-13.366839295999995,21.02110535936
7.380000000000001e-07,-13.366839295999995,21.02110535936
7.39e-07,-13.366839295999995,21.02110535936
7.4e-07,-13.366839295999995,21.02110535936
7.410000000000001e-07,-13.366839295999995,21.02110535936
7.420000000000001e-07,-13.366839295999995,21.02110535936
7.43e-07,-13.366839295999995,21.02110535936
7.440000000000001e-07,-13.366839295999995,21.02110535936
7.450000000000001e-07,-13.366839295999995,21.02110535936
7.46e-07,-13.366839295999995,21.02110535936
7.47e-07,-13.366839295999995,21.02110535936
7.480000000000001e-07,-13.768849408000001,21.02110535936
7.49e-07,-13.768849408000001,21.02110535936
7.5e-07,-13.768849408000001,21.02110535936
7.510000000000001e-07,-13.768849408000001,21.02110535936
7.520000000000001e-07,-13.768849408000001,21.02110535936
7.53e-07,-13.768849408000001,21.02110535936
7.54e-07,-13.768849408000001,21.02110535936
7.550000000000001e-07,-13.768849408000001,21.02110535936
7.56e-07,-13.768849408000001,21.02110535936
7.57e-07,-13.768849408000001,21.02110535936
7.580000000000001e-07,-13.768849408000001,21.02110535936
7.590000000000001e-07,-13.768849408000001,21.02110535936
7.6e-07,-13.366839295999995,21.02110535936
7.61e-07,-13.768849408000001,21.02110535936
7.620000000000001e-07,-13.768849408000001,21.02110535936
7.63e-07,-13.768849408000001,21.02110535936
7.64e-07,-13.366839295999995,21.02110535936
7.650000000000001e-07,-13.366839295999995,21.02110535936
7.660000000000001e-07,-13.366839295999995,21.02110535936
7.67e-07,-13.366839295999995,21.02110535936
7.680000000000001e-07,-13.366839295999995,21.02110535936
7.690000000000001e-07,-13.366839295999995,21.02110535936
7.7e-07,-13.768849408000001,21.02110535936
7.71e-07,-13.768849408000001,21.02110535936
7.720000000000001e-07,-13.768849408000001,21.02110535936
7.73e-07,-13.768849408000001,21.02110535936
7.74e-07,-13.768849408000001,21.02110535936
7.750000000000001e-07,-13.768849408000001,21.02110535936
7.760000000000001e-07,-13.768849408000001,21.02110535936
7.77e-07,-13.768849408000001,21.02110535936
7.78e-07,-13.768849408000001,21.02110535936
7.790000000000001e-07,-13.768849408000001,21.02110535936
7.8e-07,-13.768849408000001,21.02110535936
7.81e-07,-13.768849408000001,21.02110535936
7.820000000000001e-07,-13.768849408000001,21.02110535936
7.830000000000001e-07,-13.768849408000001,21.02110535936
7.84e-07,-13.768849408000001,21.02110535936
7.85e-07,-13.768849408000001,21.02110535936
7.860000000000001e-07,-13.768849408000001,21.02110535936
7.87e-07,-13.768849408000001,21.02110535936
7.88e-07,-13.768849408000001,21.02110535936
7.890000000000001e-07,-13.768849408000001,21.02110535936
7.900000000000001e-07,-13.768849408000001,21.02110535936
7.91e-07,-13.768849408000001,21.02110535936
7.92e-07,-13.768849408000001,21.02110535936
7.930000000000001e-07,-13.768849408000001,21.02110535936
7.94e-07,-13.768849408000001,21.02110535936
7.95e-07,-13.768849408000001,21.02110535936
7.960000000000001e-07,-14.17085952,21.02110535936
7.970000000000001e-07,-13.768849408000001,21.02110535936
7.98e-07,-13.768849408000001,21.02110535936
7.990000000000001e-07,-13.768849408000001,21.02110535936
8.000000000000001e-07,-13.768849408000001,21.02110535936
8.01e-07,-13.768849408000001,21.02110535936
8.02e-07,-13.768849408000001,21.02110535936
8.030000000000001e-07,-13.768849408000001,21.02110535936
8.04e-07,-14.17085952,21.02110535936
8.05e-07,-14.17085952,21.02110535936
8.060000000000001e-07,-14.17085952,21.02110535936
8.070000000000001e-07,-14.17085952,21.02110535936
8.08e-07,-14.17085952,21.02110535936
8.09e-07,-14.17085952,21.02110535936
8.100000000000001e-07,-14.17085952,21.02110535936
8.11e-07,-14.17085952,21.02110535936
8.12e-07,-14.17085952,21.02110535936
8.130000000000001e-07,-14.17085952,21.02110535936
8.140000000000001e-07,-14.17085952,21.02110535936
8.15e-07,-14.17085952,21.02110535936
8.16e-07,-14.572869632,21.02110535936
8.170000000000001e-07,-14.572869632,21.02110535936
8.18e-07,-14.572869632,21.02110535936
8.19e-07,-14.572869632,21.02110535936
8.200000000000001e-07,-14.572869632,21.02110535936
8.210000000000001e-07,-14.572869632,21.02110535936
8.22e-07,-14.974879743999999,21.02110535936
8.230000000000001e-07,-14.974879743999999,21.02110535936
8.240000000000001e-07,-14.572869632,21.02110535936
8.25e-07,-14.572869632,21.02110535936
8.26e-07,-14.572869632,21.02110535936
8.270000000000001e-07,-14.572869632,21.02110535936
8.280000000000001e-07,-14.572869632,21.02110535936
8.29e-07,-14.572869632,21.02110535936
8.300000000000001e-07,-14.974879743999999,21.02110535936
8.310000000000001e-07,-14.974879743999999,21.02110535936
8.32e-07,-14.974879743999999,21.02110535936
8.33e-07,-14.974879743999999,21.02110535936
8.340000000000001e-07,-14.974879743999999,21.02110535936
8.35e-07,-14.974879743999999,21.02110535936
8.36e-07,-14.974879743999999,21.02110535936
8.370000000000001e-07,-14.974879743999999,21.02110535936
8.380000000000001e-07,-14.974879743999999,21.02110535936
8.39e-07,-15.376889855999998,21.02110535936
8.4e-07,-15.376889855999998,21.02110535936
8.410000000000001e-07,-15.376889855999998,21.02110535936
8.42e-07,-15.376889855999998,21.02110535936
8.43e-07,-15.376889855999998,21.02110535936
8.440000000000001e-07,-15.376889855999998,21.02110535936
8.450000000000001e-07,-15.376889855999998,21.02110535936
8.46e-07,-15.376889855999998,21.02110535936
8.47e-07,-15.376889855999998,21.02110535936
8.480000000000001e-07,-15.376889855999998,21.02110535936
8.49e-07,-15.376889855999998,21.02110535936
8.5e-07,-15.376889855999998,21.02110535936
8.510000000000001e-07,-15.376889855999998,21.02110535936
8.520000000000001e-07,-15.376889855999998,21.02110535936
8.53e-07,-15.376889855999998,21.02110535936
8.540000000000001e-07,-15.376889855999998,21.02110535936
8.550000000000001e-07,-15.376889855999998,21.02110535936
8.56e-07,-15.376889855999998,21.02110535936
8.57e-07,-15.376889855999998,21.02110535936
8.580000000000001e-07,-15.376889855999998,21.02110535936
8.590000000000001e-07,-15.778899967999998,21.02110535936
8.6e-07,-15.778899967999998,21.02110535936
8.610000000000001e-07,-15.778899967999998,21.02110535936
8.620000000000001e-07,-15.778899967999998,21.02110535936
8.63e-07,-15.778899967999998,21.02110535936
8.64e-07,-15.778899967999998,21.02110535936
8.650000000000001e-07,-15.778899967999998,21.02110535936
8.66e-07,-15.778899967999998,21.02110535936
8.67e-07,-15.778899967999998,21.02110535936
8.680000000000001e-07,-15.778899967999998,21.02110535936
8.690000000000001e-07,-15.778899967999998,21.02110535936
8.7e-07,-15.778899967999998,21.02110535936
8.71e-07,-15.778899967999998,21.02110535936
8.720000000000001e-07,-15.778899967999998,21.02110535936
8.73e-07,-15.778899967999998,21.02110535936
8.74e-07,-15.778899967999998,21.02110535936
8.750000000000001e-07,-15.778899967999998,21.02110535936
8.760000000000001e-07,-15.778899967999998,21.02110535936
8.77e-07,-15.778899967999998,21.02110535936
8.780000000000001e-07,-15.778899967999998,21.02110535936
8.790000000000001e-07,-15.778899967999998,21.02110535936
8.8e-07,-15.778899967999998,21.02110535936
8.81e-07,-15.376889855999998,21.02110535936
8.820000000000001e-07,-15.376889855999998,21.02110535936
8.830000000000001e-07,-15.778899967999998,21.02110535936
8.84e-07,-15.778899967999998,21.02110535936
8.850000000000001e-07,-15.778899967999998,21.02110535936
8.860000000000001e-07,-15.778899967999998,21.02110535936
8.87e-07,-15.778899967999998,21.02110535936
8.88e-07,-15.778899967999998,21.02110535936
8.890000000000001e-07,-15.778899967999998,21.02110535936
8.900000000000001e-07,-15.778899967999998,21.02110535936
8.91e-07,-15.778899967999998,21.02110535936
8.920000000000001e-07,-15.778899967999998,21.02110535936
8.930000000000001e-07,-15.376889855999998,21.02110535936
8.94e-07,-15.376889855999998,21.02110535936
8.95e-07,-15.376889855999998,21.02110535936
8.960000000000001e-07,-15.376889855999998,21.02110535936
8.97e-07,-15.376889855999998,21.02110535936
8.98e-07,-15.376889855999998,21.02110535936
8.990000000000001e-07,-15.376889855999998,21.02110535936
9.000000000000001e-07,-15.778899967999998,21.02110535936
9.01e-07,-15.376889855999998,21.02110535936
9.02e-07,-15.376889855999998,21.02110535936
9.030000000000001e-07,-15.376889855999998,21.02110535936
9.04e-07,-15.376889855999998,21.02110535936
9.05e-07,-15.376889855999998,21.02110535936
9.060000000000001e-07,-15.376889855999998,21.02110535936
9.070000000000001e-07,-15.376889855999998,21.02110535936
9.08e-07,-15.778899967999998,21.02110535936
9.090000000000001e-07,-15.778899967999998,21.02110535936
9.100000000000001e-07,-15.778899967999998,21.02110535936
9.11e-07,-15.778899967999998,21.02110535936
9.12e-07,-15.778899967999998,21.02110535936
9.130000000000001e-07,-15.778899967999998,21.02110535936
9.140000000000001e-07,-15.778899967999998,21.02110535936
9.15e-07,-15.376889855999998,21.02110535936
9.160000000000001e-07,-15.376889855999998,21.02110535936
9.170000000000001e-07,-15.376889855999998,21.02110535936
9.18e-07,-15.376889855999998,21.02110535936
9.19e-07,-15.376889855999998,21.02110535936
9.200000000000001e-07,-15.376889855999998,21.02110535936
9.210000000000001e-07,-15.376889855999998,21.02110535936
9.22e-07,-15.376889855999998,21.02110535936
9.230000000000001e-07,-14.974879743999999,21.02110535936
9.240000000000001e-07,-14.974879743999999,21.02110535936
9.25e-07,-14.974879743999999,21.02110535936
9.26e-07,-14.974879743999999,21.02110535936
9.270000000000001e-07,-14.974879743999999,21.02110535936
9.28e-07,-14.974879743999999,21.02110535936
9.29e-07,-14.974879743999999,21.02110535936
9.300000000000001e-07,-14.974879743999999,21.02110535936
9.310000000000001e-07,-14.974879743999999,21.02110535936
9.32e-07,-14.974879743999999,21.02110535936
9.330000000000001e-07,-14.974879743999999,21.02110535936
9.340000000000001e-07,-14.974879743999999,21.02110535936
9.35e-07,-14.974879743999999,21.02110535936
9.36e-07,-14.974879743999999,21.02110535936
9.370000000000001e-07,-14.974879743999999,21.02110535936
9.380000000000001e-07,-14.974879743999999,21.02110535936
9.39e-07,-14.974879743999999,21.02110535936
9.400000000000001e-07,-14.974879743999999,21.02110535936
9.410000000000001e-07,-14.974879743999999,21.02110535936
9.42e-07,-14.572869632,21.02110535936
9.43e-07,-14.572869632,21.02110535936
9.440000000000001e-07,-14.572869632,21.02110535936
9.450000000000001e-07,-14.572869632,21.02110535936
9.46e-07,-14.17085952,21.02110535936
9.470000000000001e-07,-14.17085952,21.02110535936
9.480000000000001e-07,-14.17085952,21.02110535936
9.49e-07,-14.17085952,21.02110535936
9.5e-07,-14.17085952,21.02110535936
9.510000000000001e-07,-14.17085952,21.02110535936
9.520000000000001e-07,-14.17085952,21.02110535936
9.53e-07,-14.17085952,21.02110535936
9.54e-07,-14.17085952,21.02110535936
9.55e-07,-14.17085952,21.02110535936
9.56e-07,-14.17085952,21.02110535936
9.570000000000001e-07,-14.17085952,21.02110535936
9.58e-07,-14.17085952,21.02110535936
9.59e-07,-14.17085952,21.02110535936
9.600000000000001e-07,-14.17085952,21.02110535936
9.61e-07,-14.17085952,21.02110535936
9.62e-07,-13.768849408000001,21.02110535936
9.630000000000001e-07,-13.768849408000001,21.02110535936
9.64e-07,-13.768849408000001,21.02110535936
9.65e-07,-13.768849408000001,21.02110535936
9.660000000000002e-07,-13.768849408000001,21.02110535936
9.67e-07,-13.768849408000001,21.02110535936
9.68e-07,-13.768849408000001,21.02110535936
9.69e-07,-13.768849408000001,21.02110535936
9.7e-07,-13.768849408000001,21.02110535936
9.71e-07,-13.366839295999995,21.02110535936
9.72e-07,-13.366839295999995,21.02110535936
9.73e-07,-13.366839295999995,21.02110535936
9.740000000000001e-07,-13.366839295999995,21.02110535936
9.75e-07,-12.964829183999996,21.02110535936
9.76e-07,-13.366839295999995,21.02110535936
9.770000000000001e-07,-13.366839295999995,21.02110535936
9.78e-07,-13.366839295999995,21.02110535936
9.79e-07,-13.366839295999995,21.02110535936
9.800000000000001e-07,-12.964829183999996,21.02110535936
9.81e-07,-12.964829183999996,21.02110535936
9.82e-07,-12.964829183999996,21.02110535936
9.830000000000002e-07,-12.964829183999996,21.02110535936
9.84e-07,-12.964829183999996,21.02110535936
9.85e-07,-12.964829183999996,21.02110535936
9.86e-07,-12.964829183999996,21.02110535936
9.87e-07,-12.964829183999996,21.02110535936
9.880000000000001e-07,-12.964829183999996,21.02110535936
9.89e-07,-12.964829183999996,21.02110535936
9.9e-07,-12.964829183999996,21.02110535936
9.910000000000001e-07,-12.964829183999996,21.02110535936
9.92e-07,-12.964829183999996,21.02110535936
9.93e-07,-12.964829183999996,21.02110535936
9.940000000000001e-07,-12.562819071999996,21.02110535936
9.95e-07,-12.562819071999996,21.02110535936
9.96e-07,-12.562819071999996,21.02110535936
9.970000000000002e-07,-12.562819071999996,21.02110535936
9.98e-07,-12.562819071999996,21.02110535936
9.99e-07,-12.562819071999996,21.02110535936
1.0000000000000002e-06,-12.562819071999996,21.02110535936
1.001e-06,-12.562819071999996,21.02110535936
1.002e-06,-12.562819071999996,21.02110535936
1.003e-06,-12.562819071999996,21.02110535936
1.004e-06,-12.562819071999996,21.02110535936
1.0050000000000001e-06,-12.160808959999997,21.02110535936
1.006e-06,-12.160808959999997,21.02110535936
1.007e-06,-12.160808959999997,21.02110535936
1.0080000000000001e-06,-12.160808959999997,21.02110535936
1.009e-06,-12.160808959999997,21.02110535936
1.01e-06,-12.160808959999997,21.02110535936
1.0110000000000001e-06,-12.160808959999997,21.02110535936
1.012e-06,-11.758798847999998,21.02110535936
1.013e-06,-11.758798847999998,21.02110535936
1.0140000000000002e-06,-11.758798847999998,21.02110535936
1.015e-06,-11.356788735999999,21.02110535936
1.016e-06,-11.356788735999999,21.02110535936
1.017e-06,-11.356788735999999,21.02110535936
1.018e-06,-11.356788735999999,21.02110535936
1.0190000000000001e-06,-11.758798847999998,21.02110535936
1.02e-06,-11.758798847999998,21.02110535936
1.021e-06,-11.758798847999998,21.02110535936
1.0220000000000001e-06,-11.758798847999998,21.02110535936
1.023e-06,-11.758798847999998,21.02110535936
1.024e-06,-11.758798847999998,21.02110535936
1.0250000000000001e-06,-11.758798847999998,21.02110535936
1.026e-06,-11.758798847999998,21.02110535936
1.027e-06,-11.758798847999998,21.02110535936
1.0280000000000002e-06,-11.758798847999998,21.02110535936
1.029e-06,-11.356788735999999,21.02110535936
1.03e-06,-11.356788735999999,21.02110535936
1.0310000000000002e-06,-11.356788735999999,21.02110535936
1.032e-06,-11.356788735999999,21.02110535936
1.033e-06,-11.356788735999999,21.02110535936
1.034e-06,-10.954778624,21.02110535936
1.035e-06,-10.954778624,21.02110535936
1.0360000000000001e-06,-10.954778624,21.02110535936
1.037e-06,-10.954778624,21.02110535936
1.038e-06,-11.356788735999999,21.02110535936
1.0390000000000001e-06,-11.356788735999999,21.02110535936
1.04e-06,-11.356788735999999,21.02110535936
1.041e-06,-11.356788735999999,21.02110535936
1.0420000000000001e-06,-11.356788735999999,21.02110535936
1.043e-06,-11.356788735999999,21.02110535936
1.044e-06,-11.758798847999998,21.02110535936
1.0450000000000002e-06,-11.758798847999998,21.02110535936
1.046e-06,-11.758798847999998,21.02110535936
1.047e-06,-11.356788735999999,21.02110535936
1.048e-06,-11.356788735999999,21.02110535936
1.049e-06,-11.356788735999999,21.02110535936
1.0500000000000001e-06,-11.356788735999999,21.02110535936
1.051e-06,-11.356788735999999,21.02110535936
1.052e-06,-11.356788735999999,21.02110535936
1.0530000000000001e-06,-11.356788735999999,21.02110535936
1.054e-06,-10.954778624,21.02110535936
1.055e-06,-10.954778624,21.02110535936
1.0560000000000001e-06,-10.954778624,21.02110535936
1.057e-06,-10.954778624,21.02110535936
1.058e-06,-11.356788735999999,21.02110535936
1.0590000000000002e-06,-11.356788735999999,21.02110535936
1.06e-06,-11.356788735999999,21.02110535936
1.061e-06,-11.356788735999999,21.02110535936
1.0620000000000002e-06,-11.356788735999999,21.02110535936
1.063e-06,-11.356788735999999,21.02110535936
1.064e-06,-11.356788735999999,21.02110535936
1.065e-06,-11.356788735999999,21.02110535936
1.066e-06,-10.954778624,21.02110535936
1.0670000000000001e-06,-10.954778624,21.02110535936
1.068e-06,-10.954778624,21.02110535936
1.069e-06,-11.356788735999999,21.02110535936
1.0700000000000001e-06,-11.356788735999999,21.02110535936
1.071e-06,-11.356788735999999,21.02110535936
1.072e-06,-11.356788735999999,21.02110535936
1.0730000000000001e-06,-11.356788735999999,21.02110535936
1.074e-06,-11.356788735999999,21.02110535936
1.075e-06,-11.356788735999999,21.02110535936
1.0760000000000002e-06,-11.356788735999999,21.02110535936
1.077e-06,-11.356788735999999,21.02110535936
1.078e-06,-11.356788735999999,21.02110535936
1.0790000000000002e-06,-11.356788735999999,21.02110535936
1.08e-06,-11.356788735999999,21.02110535936
1.0810000000000001e-06,-11.356788735999999,21.02110535936
1.082e-06,-11.356788735999999,21.02110535936
1.083e-06,-11.758798847999998,21.02110535936
1.0840000000000001e-06,-11.758798847999998,21.02110535936
1.085e-06,-11.758798847999998,21.02110535936
1.086e-06,-11.758798847999998,21.02110535936
1.0870000000000001e-06,-11.758798847999998,21.02110535936
1.088e-06,-11.758798847999998,21.02110535936
1.089e-06,-11.758798847999998,21.02110535936
1.0900000000000002e-06,-11.758798847999998,21.02110535936
1.091e-06,-11.758798847999998,21.02110535936
1.092e-06,-12.160808959999997,21.02110535936
1.0930000000000002e-06,-12.160808959999997,21.02110535936
1.094e-06,-12.160808959999997,21.02110535936
1.095e-06,-12.160808959999997,21.02110535936
1.096e-06,-12.160808959999997,21.02110535936
1.097e-06,-12.160808959999997,21.02110535936
1.0980000000000001e-06,-12.160808959999997,21.02110535936
1.099e-06,-12.160808959999997,21.02110535936
1.1e-06,-12.160808959999997,21.02110535936
1.1010000000000001e-06,-12.160808959999997,21.02110535936
1.102e-06,-12.160808959999997,21.02110535936
1.103e-06,-12.160808959999997,21.02110535936
1.1040000000000001e-06,-12.160808959999997,21.02110535936
1.105e-06,-12.160808959999997,21.02110535936
1.106e-06,-12.160808959999997,21.02110535936
1.1070000000000002e-06,-12.160808959999997,21.02110535936
1.108e-06,-12.160808959999997,21.02110535936
1.109e-06,-12.160808959999997,21.02110535936
1.1100000000000002e-06,-12.160808959999997,21.02110535936
1.111e-06,-12.160808959999997,21.02110535936
1.1120000000000001e-06,-12.160808959999997,21.02110535936
1.113e-06,-12.160808959999997,21.02110535936
1.114e-06,-12.160808959999997,21.02110535936
1.1150000000000001e-06,-12.160808959999997,21.02110535936
1.116e-06,-12.160808959999997,21.02110535936
1.117e-06,-12.160808959999997,21.02110535936
1.1180000000000001e-06,-12.160808959999997,21.02110535936
1.119e-06,-12.160808959999997,21.02110535936
1.12e-06,-12.562819071999996,21.02110535936
1.1210000000000002e-06,-12.562819071999996,21.02110535936
1.122e-06,-12.562819071999996,21.02110535936
1.123e-06,-12.562819071999996,21.02110535936
1.1240000000000002e-06,-12.562819071999996,21.02110535936
1.125e-06,-12.964829183999996,21.02110535936
1.126e-06,-12.562819071999996,21.02110535936
1.127e-06,-12.562819071999996,21.02110535936
1.128e-06,-12.562819071999996,21.02110535936
1.1290000000000001e-06,-12.562819071999996,21.02110535936
1.13e-06,-12.562819071999996,21.02110535936
1.131e-06,-12.562819071999996,21.02110535936
1.1320000000000001e-06,-12.160808959999997,21.02110535936
1.133e-06,-12.160808959999997,21.02110535936
1.134e-06,-12.160808959999997,21.02110535936
1.1350000000000001e-06,-12.160808959999997,21.02110535936
1.136e-06,-12.562819071999996,21.02110535936
1.137e-06,-12.562819071999996,21.02110535936
1.1380000000000002e-06,-12.562819071999996,21.02110535936
1.139e-06,-12.562819071999996,21.02110535936
1.14e-06,-12.562819071999996,21.02110535936
1.1410000000000002e-06,-12.964829183999996,21.02110535936
1.142e-06,-12.964829183999996,21.02110535936
1.1430000000000001e-06,-12.964829183999996,21.02110535936
1.144e-06,-12.964829183999996,21.02110535936
1.145e-06,-12.964829183999996,21.02110535936
1.1460000000000001e-06,-12.964829183999996,21.02110535936
1.147e-06,-12.964829183999996,21.02110535936
1.148e-06,-12.964829183999996,21.02110535936
1.1490000000000001e-06,-12.964829183999996,21.02110535936
1.15e-06,-13.366839295999995,21.02110535936
1.151e-06,-12.964829183999996,21.02110535936
1.1520000000000002e-06,-12.964829183999996,21.02110535936
1.153e-06,-12.964829183999996,21.02110535936
1.154e-06,-12.964829183999996,21.02110535936
1.1550000000000002e-06,-12.964829183999996,21.02110535936
1.156e-06,-12.964829183999996,21.02110535936
1.157e-06,-12.964829183999996,21.02110535936
1.158e-06,-12.964829183999996,21.02110535936
1.159e-06,-12.964829183999996,21.02110535936
1.1600000000000001e-06,-12.964829183999996,21.02110535936
1.161e-06,-12.964829183999996,21.02110535936
1.162e-06,-12.964829183999996,21.02110535936
1.1630000000000001e-06,-12.964829183999996,21.02110535936
1.164e-06,-12.964829183999996,21.02110535936
1.165e-06,-12.964829183999996,21.02110535936
1.1660000000000001e-06,-13.366839295999995,21.02110535936
1.167e-06,-13.366839295999995,21.02110535936
1.168e-06,-13.366839295999995,21.02110535936
1.1690000000000002e-06,-12.964829183999996,21.02110535936
1.17e-06,-12.964829183999996,21.02110535936
1.171e-06,-12.964829183999996,21.02110535936
1.1720000000000002e-06,-12.964829183999996,21.02110535936
1.173e-06,-12.964829183999996,21.02110535936
1.1740000000000001e-06,-12.964829183999996,21.02110535936
1.175e-06,-12.964829183999996,21.02110535936
1.176e-06,-12.964829183999996,21.02110535936
1.1770000000000001e-06,-12.964829183999996,21.02110535936
1.178e-06,-12.964829183999996,21.02110535936
1.179e-06,-12.964829183999996,21.02110535936
1.1800000000000001e-06,-12.964829183999996,21.02110535936
1.181e-06,-12.964829183999996,21.02110535936
1.182e-06,-12.964829183999996,21.02110535936
1.1830000000000002e-06,-12.964829183999996,21.02110535936
1.184e-06,-12.964829183999996,21.02110535936
1.185e-06,-12.964829183999996,21.02110535936
1.1860000000000002e-06,-12.964829183999996,21.02110535936
1.187e-06,-12.964829183999996,21.02110535936
1.188e-06,-12.964829183999996,21.02110535936
1.1890000000000002e-06,-12.964829183999996,21.02110535936
1.19e-06,-12.964829183999996,21.02110535936
1.1910000000000001e-06,-12.964829183999996,21.02110535936
1.192e-06,-12.964829183999996,21.02110535936
1.193e-06,-12.964829183999996,21.02110535936
1.1940000000000001e-06,-12.964829183999996,21.02110535936
1.195e-06,-12.964829183999996,21.02110535936
1.196e-06,-12.964829183999996,21.02110535936
1.1970000000000001e-06,-12.964829183999996,21.02110535936
1.198e-06,-12.562819071999996,21.02110535936
1.199e-06,-12.562819071999996,21.02110535936
1.2000000000000002e-06,-12.964829183999996,21.02110535936
1.201e-06,-12.964829183999996,21.02110535936
1.202e-06,-12.964829183999996,21.02110535936
1.2030000000000002e-06,-12.964829183999996,21.02110535936
1.204e-06,-12.964829183999996,21.02110535936
1.2050000000000001e-06,-12.964829183999996,21.02110535936
1.206e-06,-12.964829183999996,21.02110535936
1.207e-06,-12.964829183999996,21.02110535936
1.2080000000000001e-06,-12.562819071999996,21.02110535936
1.209e-06,-12.562819071999996,21.02110535936
1.21e-06,-12.562819071999996,21.02110535936
1.2110000000000001e-06,-12.562819071999996,21.02110535936
1.212e-06,-12.562819071999996,21.02110535936
1.213e-06,-12.562819071999996,21.02110535936
1.2140000000000002e-06,-12.562819071999996,21.02110535936
1.215e-06,-12.562819071999996,21.02110535936
1.216e-06,-12.562819071999996,21.02110535936
1.2170000000000002e-06,-12.562819071999996,21.02110535936
1.218e-06,-12.160808959999997,21.02110535936
1.219e-06,-12.160808959999997,21.02110535936
1.2200000000000002e-06,-12.160808959999997,21.02110535936
1.221e-06,-12.160808959999997,21.02110535936
1.2220000000000001e-06,-12.160808959999997,21.02110535936
1.223e-06,-12.160808959999997,21.02110535936
1.224e-06,-12.160808959999997,21.02110535936
1.2250000000000001e-06,-12.160808959999997,21.02110535936
1.226e-06,-12.160808959999997,21.02110535936
1.227e-06,-12.160808959999997,21.02110535936
1.2280000000000001e-06,-12.160808959999997,21.02110535936
1.229e-06,-12.160808959999997,21.02110535936
1.23e-06,-11.758798847999998,21.02110535936
1.2310000000000002e-06,-11.758798847999998,21.02110535936
1.232e-06,-11.758798847999998,21.02110535936
1.233e-06,-11.758798847999998,21.02110535936
1.2340000000000002e-06,-11.356788735999999,21.02110535936
1.235e-06,-11.356788735999999,21.02110535936
1.2360000000000001e-06,-11.356788735999999,21.02110535936
1.237e-06,-11.356788735999999,21.02110535936
1.238e-06,-11.356788735999999,21.02110535936
1.2390000000000001e-06,-11.356788735999999,21.02110535936
1.24e-06,-11.356788735999999,21.02110535936
1.241e-06,-11.356788735999999,21.02110535936
1.2420000000000001e-06,-11.356788735999999,21.02110535936
1.243e-06,-11.356788735999999,21.02110535936
1.244e-06,-11.356788735999999,21.02110535936
1.2450000000000002e-06,-11.356788735999999,21.02110535936
1.246e-06,-11.356788735999999,21.02110535936
1.247e-06,-10.954778624,21.02110535936
1.2480000000000002e-06,-10.954778624,21.02110535936
1.249e-06,-10.954778624,21.02110535936
1.25e-06,-10.954778624,21.02110535936
1.2510000000000002e-06,-10.954778624,21.02110535936
1.252e-06,-10.954778624,21.02110535936
1.2530000000000001e-06,-10.954778624,21.02110535936
1.254e-06,-10.954778624,21.02110535936
1.255e-06,-10.954778624,21.02110535936
1.2560000000000001e-06,-10.954778624,21.02110535936
1.257e-06,-10.954778624,21.02110535936
1.258e-06,-10.954778624,21.02110535936
1.2590000000000001e-06,-10.954778624,21.02110535936
1.26e-06,-10.954778624,21.02110535936
1.261e-06,-10.954778624,21.02110535936
1.2620000000000002e-06,-10.954778624,21.02110535936
1.263e-06,-10.954778624,21.02110535936
1.264e-06,-10.954778624,21.02110535936
1.2650000000000002e-06,-10.552768511999997,21.02110535936
1.266e-06,-10.552768511999997,21.02110535936
1.2670000000000001e-06,-10.552768511999997,21.02110535936
1.2680000000000002e-06,-10.552768511999997,21.02110535936
1.269e-06,-10.552768511999997,21.02110535936
1.2700000000000001e-06,-10.552768511999997,21.02110535936
1.271e-06,-10.552768511999997,21.02110535936
1.272e-06,-10.552768511999997,21.02110535936
1.2730000000000001e-06,-10.552768511999997,21.02110535936
1.274e-06,-10.150758399999997,21.02110535936
1.275e-06,-10.150758399999997,21.02110535936
1.2760000000000001e-06,-10.150758399999997,21.02110535936
1.277e-06,-10.150758399999997,21.02110535936
1.278e-06,-10.150758399999997,21.02110535936
1.2790000000000002e-06,-10.150758399999997,21.02110535936
1.28e-06,-10.150758399999997,21.02110535936
1.281e-06,-10.150758399999997,21.02110535936
1.2820000000000002e-06,-10.150758399999997,21.02110535936
1.283e-06,-10.150758399999997,21.02110535936
1.2840000000000001e-06,-10.150758399999997,21.02110535936
1.285e-06,-9.748748287999998,21.02110535936
1.286e-06,-9.748748287999998,21.02110535936
1.2870000000000001e-06,-9.748748287999998,21.02110535936
1.288e-06,-9.748748287999998,21.02110535936
1.289e-06,-9.748748287999998,21.02110535936
1.2900000000000001e-06,-9.748748287999998,21.02110535936
1.291e-06,-9.748748287999998,21.02110535936
1.292e-06,-9.748748287999998,21.02110535936
1.2930000000000002e-06,-9.748748287999998,21.02110535936
1.294e-06,-9.748748287999998,21.02110535936
1.295e-06,-9.748748287999998,21.02110535936
1.2960000000000002e-06,-9.748748287999998,21.02110535936
1.297e-06,-9.748748287999998,21.02110535936
1.2980000000000001e-06,-9.748748287999998,21.02110535936
1.2990000000000002e-06,-9.748748287999998,21.02110535936
1.3e-06,-9.748748287999998,21.02110535936
1.3010000000000001e-06,-9.748748287999998,21.02110535936
1.302e-06,-9.748748287999998,21.02110535936
1.303e-06,-9.748748287999998,21.02110535936
1.3040000000000001e-06,-9.748748287999998,21.02110535936
1.305e-06,-9.748748287999998,21.02110535936
1.306e-06,-9.748748287999998,21.02110535936
1.3070000000000001e-06,-9.748748287999998,21.02110535936
1.308e-06,-9.346738175999999,21.02110535936
1.309e-06,-9.346738175999999,21.02110535936
1.3100000000000002e-06,-9.346738175999999,21.02110535936
1.311e-06,-9.346738175999999,21.02110535936
1.312e-06,-9.346738175999999,21.02110535936
1.3130000000000002e-06,-9.346738175999999,21.02110535936
1.314e-06,-8.944728064,21.02110535936
1.3150000000000001e-06,-8.944728064,21.02110535936
1.316e-06,-8.944728064,21.02110535936
1.317e-06,-8.944728064,21.02110535936
1.3180000000000001e-06,-8.944728064,21.02110535936
1.319e-06,-8.944728064,21.02110535936
1.32e-06,-8.944728064,21.02110535936
1.3210000000000001e-06,-8.944728064,21.02110535936
1.322e-06,-8.944728064,21.02110535936
1.323e-06,-8.944728064,21.02110535936
1.3240000000000002e-06,-8.944728064,21.02110535936
1.325e-06,-8.944728064,21.02110535936
1.326e-06,-8.944728064,21.02110535936
1.3270000000000002e-06,-8.944728064,21.02110535936
1.328e-06,-8.944728064,21.02110535936
1.3290000000000001e-06,-8.944728064,21.02110535936
1.3300000000000002e-06,-8.944728064,21.02110535936
1.331e-06,-8.944728064,21.02110535936
1.3320000000000001e-06,-8.944728064,21.02110535936
1.333e-06,-8.944728064,21.02110535936
1.334e-06,-8.944728064,21.02110535936
1.3350000000000001e-06,-8.944728064,21.02110535936
1.336e-06,-8.944728064,21.02110535936
1.337e-06,-8.944728064,21.02110535936
1.3380000000000001e-06,-8.944728064,21.02110535936
1.339e-06,-8.944728064,21.02110535936
1.34e-06,-9.346738175999999,21.02110535936
1.3410000000000002e-06,-9.346738175999999,21.02110535936
1.342e-06,-8.944728064,21.02110535936
1.343e-06,-8.944728064,21.02110535936
1.3440000000000002e-06,-8.944728064,21.02110535936
1.345e-06,-8.944728064,21.02110535936
1.3460000000000001e-06,-8.944728064,21.02110535936
1.347e-06,-8.944728064,21.02110535936
1.348e-06,-8.944728064,21.02110535936
1.3490000000000001e-06,-8.944728064,21.02110535936
1.35e-06,-9.346738175999999,21.02110535936
1.351e-06,-8.944728064,21.02110535936
1.3520000000000001e-06,-9.346738175999999,21.02110535936
1.353e-06,-9.346738175999999,21.02110535936
1.354e-06,-8.944728064,21.02110535936
1.3550000000000002e-06,-8.944728064,21.02110535936
1.356e-06,-8.944728064,21.02110535936
1.357e-06,-8.944728064,21.02110535936
1.3580000000000002e-06,-8.944728064,21.02110535936
1.359e-06,-8.944728064,21.02110535936
1.3600000000000001e-06,-8.944728064,21.02110535936
1.3610000000000002e-06,-8.944728064,21.02110535936
1.362e-06,-9.346738175999999,21.02110535936
1.3630000000000001e-06,-9.346738175999999,21.02110535936
1.364e-06,-9.346738175999999,21.02110535936
1.365e-06,-9.346738175999999,21.02110535936
1.3660000000000001e-06,-9.346738175999999,21.02110535936
1.367e-06,-9.346738175999999,21.02110535936
1.368e-06,-9.346738175999999,21.02110535936
1.3690000000000001e-06,-9.346738175999999,21.02110535936
1.37e-06,-9.346738175999999,21.02110535936
1.371e-06,-9.346738175999999,21.02110535936
1.3720000000000002e-06,-9.346738175999999,21.02110535936
1.373e-06,-9.346738175999999,21.02110535936
1.374e-06,-9.346738175999999,21.02110535936
1.3750000000000002e-06,-9.346738175999999,21.02110535936
1.376e-06,-9.346738175999999,21.02110535936
1.3770000000000001e-06,-9.346738175999999,21.02110535936
1.3780000000000002e-06,-9.346738175999999,21.02110535936
1.379e-06,-9.346738175999999,21.02110535936
1.3800000000000001e-06,-9.346738175999999,21.02110535936
1.381e-06,-9.346738175999999,21.02110535936
1.382e-06,-9.346738175999999,21.02110535936
1.3830000000000001e-06,-9.346738175999999,21.02110535936
1.384e-06,-9.346738175999999,21.02110535936
1.385e-06,-9.748748287999998,21.02110535936
1.3860000000000002e-06,-9.748748287999998,21.02110535936
1.387e-06,-9.748748287999998,21.02110535936
1.388e-06,-9.748748287999998,21.02110535936
1.3890000000000002e-06,-10.150758399999997,21.02110535936
1.39e-06,-10.150758399999997,21.02110535936
1.3910000000000001e-06,-10.150758399999997,21.02110535936
1.3920000000000002e-06,-9.748748287999998,21.02110535936
1.393e-06,-9.748748287999998,21.02110535936
1.3940000000000001e-06,-9.748748287999998,21.02110535936
1.395e-06,-9.748748287999998,21.02110535936
1.396e-06,-9.748748287999998,21.02110535936
1.3970000000000001e-06,-9.748748287999998,21.02110535936
1.398e-06,-9.748748287999998,21.02110535936
1.399e-06,-9.748748287999998,21.02110535936
1.4000000000000001e-06,-9.748748287999998,21.02110535936
1.401e-06,-9.748748287999998,21.02110535936
1.402e-06,-9.748748287999998,21.02110535936
1.4030000000000002e-06,-9.748748287999998,21.02110535936
1.404e-06,-9.748748287999998,21.02110535936
1.405e-06,-9.748748287999998,21.02110535936
1.4060000000000002e-06,-9.748748287999998,21.02110535936
1.407e-06,-9.748748287999998,21.02110535936
1.4080000000000001e-06,-9.748748287999998,21.02110535936
1.4090000000000002e-06,-9.748748287999998,21.02110535936
1.41e-06,-9.748748287999998,21.02110535936
1.4110000000000001e-06,-9.748748287999998,21.02110535936
1.412e-06,-9.748748287999998,21.02110535936
1.413e-06,-9.748748287999998,21.02110535936
1.4140000000000001e-06,-9.748748287999998,21.02110535936
1.415e-06,-10.150758399999997,21.02110535936
1.416e-06,-10.150758399999997,21.02110535936
1.4170000000000002e-06,-10.150758399999997,21.02110535936
1.418e-06,-9.748748287999998,21.02110535936
1.419e-06,-9.748748287999998,21.02110535936
1.4200000000000002e-06,-9.748748287999998,21.02110535936
1.421e-06,-9.748748287999998,21.02110535936
1.4220000000000001e-06,-9.748748287999998,21.02110535936
1.4230000000000002e-06,-9.748748287999998,21.02110535936
1.424e-06,-9.748748287999998,21.02110535936
1.4250000000000001e-06,-9.748748287999998,21.02110535936
1.426e-06,-10.150758399999997,21.02110535936
1.427e-06,-10.150758399999997,21.02110535936
1.4280000000000001e-06,-10.150758399999997,21.02110535936
1.429e-06,-10.150758399999997,21.02110535936
1.43e-06,-10.150758399999997,21.02110535936
1.4310000000000001e-06,-10.150758399999997,21.02110535936
1.432e-06,-10.150758399999997,21.02110535936
1.433e-06,-10.150758399999997,21.02110535936
1.4340000000000002e-06,-10.150758399999997,21.02110535936
1.435e-06,-10.150758399999997,21.02110535936
1.436e-06,-10.150758399999997,21.02110535936
1.4370000000000002e-06,-10.150758399999997,21.02110535936
1.438e-06,-10.150758399999997,21.02110535936
1.4390000000000001e-06,-10.150758399999997,21.02110535936
1.4400000000000002e-06,-10.150758399999997,21.02110535936
1.441e-06,-10.150758399999997,21.02110535936
1.4420000000000001e-06,-10.150758399999997,21.02110535936
1.443e-06,-10.150758399999997,21.02110535936
1.444e-06,-10.150758399999997,21.02110535936
1.4450000000000001e-06,-10.150758399999997,21.02110535936
1.446e-06,-10.150758399999997,21.02110535936
1.447e-06,-10.150758399999997,21.02110535936
1.4480000000000002e-06,-10.150758399999997,21.02110535936
1.449e-06,-10.150758399999997,21.02110535936
1.45e-06,-10.552768511999997,21.02110535936
1.4510000000000002e-06,-10.552768511999997,21.02110535936
1.452e-06,-10.552768511999997,21.02110535936
1.4530000000000001e-06,-10.552768511999997,21.02110535936
1.4540000000000002e-06,-10.552768511999997,21.02110535936
1.455e-06,-10.552768511999997,21.02110535936
1.4560000000000001e-06,-10.552768511999997,21.02110535936
1.4570000000000002e-06,-10.150758399999997,21.02110535936
1.458e-06,-10.150758399999997,21.02110535936
1.4590000000000001e-06,-10.150758399999997,21.02110535936
1.46e-06,-10.150758399999997,21.02110535936
1.461e-06,-10.150758399999997,21.02110535936
1.4620000000000001e-06,-10.150758399999997,21.02110535936
1.463e-06,-10.150758399999997,21.02110535936
1.464e-06,-10.150758399999997,21.02110535936
1.4650000000000002e-06,-10.150758399999997,21.02110535936
1.466e-06,-10.150758399999997,21.02110535936
1.467e-06,-10.150758399999997,21.02110535936
1.4680000000000002e-06,-10.150758399999997,21.02110535936
1.469e-06,-10.150758399999997,21.02110535936
1.4700000000000001e-06,-10.150758399999997,21.02110535936
1.4710000000000002e-06,-10.150758399999997,21.02110535936
1.472e-06,-9.748748287999998,21.02110535936
1.4730000000000001e-06,-9.748748287999998,21.02110535936
1.474e-06,-9.748748287999998,21.02110535936
1.475e-06,-9.748748287999998,21.02110535936
1.4760000000000001e-06,-9.748748287999998,21.02110535936
1.477e-06,-9.748748287999998,21.02110535936
1.478e-06,-9.748748287999998,21.02110535936
1.4790000000000002e-06,-9.748748287999998,21.02110535936
1.48e-06,-9.748748287999998,21.02110535936
1.481e-06,-9.748748287999998,21.02110535936
1.4820000000000002e-06,-9.748748287999998,21.02110535936
1.483e-06,-9.748748287999998,21.02110535936
1.4840000000000001e-06,-9.748748287999998,21.02110535936
1.4850000000000002e-06,-9.748748287999998,21.02110535936
1.486e-06,-9.748748287999998,21.02110535936
1.4870000000000001e-06,-9.748748287999998,21.02110535936
1.4880000000000002e-06,-9.748748287999998,21.02110535936
1.489e-06,-9.748748287999998,21.02110535936
1.4900000000000001e-06,-9.748748287999998,21.02110535936
1.491e-06,-9.748748287999998,21.02110535936
1.492e-06,-9.748748287999998,21.02110535936
1.4930000000000001e-06,-9.748748287999998,21.02110535936
1.494e-06,-9.748748287999998,21.02110535936
1.495e-06,-9.748748287999998,21.02110535936
1.4960000000000002e-06,-9.748748287999998,21.02110535936
1.497e-06,-9.346738175999999,21.02110535936
1.498e-06,-9.346738175999999,21.02110535936
1.4990000000000002e-06,-9.346738175999999,21.02110535936
1.5e-06,-9.346738175999999,21.02110535936
1.5010000000000001e-06,-9.346738175999999,21.02110535936
1.5020000000000002e-06,-9.346738175999999,21.02110535936
1.503e-06,-9.346738175999999,21.02110535936
1.5040000000000001e-06,-9.346738175999999,21.02110535936
1.505e-06,-9.346738175999999,21.02110535936
1.506e-06,-9.346738175999999,21.02110535936
1.5070000000000001e-06,-9.346738175999999,21.02110535936
1.508e-06,-9.346738175999999,21.02110535936
1.509e-06,-9.346738175999999,21.02110535936
1.5100000000000002e-06,-8.944728064,21.02110535936
1.511e-06,-8.944728064,21.02110535936
1.512e-06,-8.944728064,21.02110535936
1.5130000000000002e-06,-8.944728064,21.02110535936
1.514e-06,-8.542717951999997,21.02110535936
1.5150000000000001e-06,-8.542717951999997,21.02110535936
1.5160000000000002e-06,-8.944728064,21.02110535936
1.517e-06,-8.944728064,21.02110535936
1.5180000000000001e-06,-8.944728064,21.02110535936
1.5190000000000002e-06,-8.944728064,21.02110535936
1.52e-06,-8.944728064,21.02110535936
1.5210000000000001e-06,-8.944728064,21.02110535936
1.522e-06,-8.944728064,21.02110535936
1.523e-06,-8.944728064,21.02110535936
1.5240000000000001e-06,-8.542717951999997,21.02110535936
1.525e-06,-8.542717951999997,21.02110535936
1.526e-06,-8.542717951999997,21.02110535936
1.5270000000000002e-06,-8.542717951999997,21.02110535936
1.528e-06,-8.140707839999997,21.02110535936
1.529e-06,-8.140707839999997,21.02110535936
1.5300000000000002e-06,-8.140707839999997,21.02110535936
1.531e-06,-7.738697727999998,21.02110535936
1.5320000000000001e-06,-7.738697727999998,21.02110535936
1.5330000000000002e-06,-7.738697727999998,21.02110535936
1.534e-06,-7.336687615999999,21.02110535936
1.5350000000000001e-06,-7.336687615999999,21.02110535936
1.5360000000000002e-06,-7.336687615999999,21.02110535936
1.537e-06,-6.934677504,21.02110535936
1.5380000000000001e-06,-6.934677504,21.02110535936
1.539e-06,-6.934677504,21.02110535936
1.54e-06,-6.934677504,21.02110535936
1.5410000000000002e-06,-6.934677504,21.02110535936
1.542e-06,-6.934677504,21.02110535936
1.543e-06,-6.532667391999997,21.02110535936
1.5440000000000002e-06,-6.532667391999997,21.02110535936
1.545e-06,-6.130657279999998,21.02110535936
1.546e-06,-6.130657279999998,21.02110535936
1.5470000000000002e-06,-5.728647167999998,21.02110535936
1.548e-06,-5.728647167999998,21.02110535936
1.5490000000000001e-06,-5.326637055999999,21.02110535936
1.5500000000000002e-06,-5.326637055999999,21.02110535936
1.551e-06,-4.924626944,21.02110535936
1.5520000000000001e-06,-4.522616831999997,21.02110535936
1.553e-06,-4.522616831999997,21.02110535936
1.554e-06,-4.120606719999998,21.02110535936
1.5550000000000001e-06,-3.7185966079999986,21.02110535936
1.556e-06,-3.7185966079999986,21.02110535936
1.557e-06,-3.3165864959999993,21.02110535936
1.5580000000000002e-06,-2.914576384,21.02110535936
1.559e-06,-2.5125662719999973,21.02110535936
1.56e-06,-2.110556159999998,21.02110535936
1.5610000000000002e-06,-1.7085460479999988,21.02110535936
1.562e-06,-1.7085460479999988,21.02110535936
1.5630000000000001e-06,-1.3065359359999995,21.02110535936
1.5640000000000002e-06,-0.9045258240000003,21.02110535936
1.565e-06,-0.5025157119999974,21.02110535936
1.5660000000000001e-06,-0.1005055999999982,21.02110535936
1.5670000000000002e-06,0.7035146240000003,21.02110535936
1.568e-06,1.1055247359999996,21.02110535936
1.5690000000000001e-06,1.5075348480000024,21.02110535936
1.57e-06,1.9095449600000016,21.02110535936
1.571e-06,2.311555072000001,21.02110535936
1.5720000000000002e-06,2.713565184,21.02110535936
1.573e-06,3.517585408000002,21.02110535936
1.574e-06,3.9195955200000014,21.02110535936
1.5750000000000002e-06,4.321605632000001,21.02110535936
1.576e-06,5.125625856000001,21.02110535936
1.577e-06,5.527635968,21.02110535936
1.5780000000000002e-06,5.929646080000001,21.02110535936
1.579e-06,6.7336663040000015,21.02110535936
1.5800000000000001e-06,7.135676416000001,21.02110535936
1.5810000000000002e-06,7.537686528,21.02110535936
1.582e-06,7.939696640000001,21.02110535936
1.5830000000000001e-06,8.341706752,21.02110535936
1.584e-06,8.743716864000001,21.02110535936
1.585e-06,9.145726976,21.02110535936
1.5860000000000001e-06,9.547737088,21.02110535936
1.587e-06,9.949747200000001,21.02110535936
1.588e-06,10.351757312,21.02110535936
1.5890000000000002e-06,10.753767424000001,21.02110535936
1.59e-06,11.155777536,21.02110535936
1.591e-06,11.557787648,21.02110535936
1.5920000000000002e-06,11.95979776,21.02110535936
1.593e-06,12.361807872,21.02110535936
1.5940000000000001e-06,12.763817984,21.02110535936
1.5950000000000002e-06,13.165828096,21.02110535936
1.596e-06,13.165828096,21.02110535936
1.5970000000000001e-06,13.567838208000001,21.02110535936
1.5980000000000002e-06,13.96984832,21.02110535936
1.599e-06,14.371858432,21.02110535936
1.6000000000000001e-06,14.773868543999999,21.02110535936
1.601e-06,14.773868543999999,21.02110535936
1.602e-06,15.175878656,21.02110535936
1.6030000000000002e-06,15.577888768000001,21.02110535936
1.604e-06,15.97989888,21.02110535936
1.605e-06,15.97989888,21.02110535936
1.6060000000000002e-06,16.381908992,21.02110535936
1.607e-06,16.783919104,21.02110535936
1.608e-06,17.185929216,21.02110535936
1.6090000000000002e-06,17.587939328,21.02110535936
1.61e-06,17.98994944,21.02110535936
1.6110000000000001e-06,18.391959552,21.02110535936
1.6120000000000002e-06,18.793969664,21.02110535936
1.613e-06,19.195979776,21.02110535936
1.6140000000000001e-06,19.195979776,21.02110535936
1.615e-06,20.0,21.02110535936
1.616e-06,20.0,21.02110535936
1.6170000000000001e-06,20.402010112,21.02110535936
1.618e-06,20.804020224,21.02110535936
1.619e-06,20.804020224,21.02110535936
1.6200000000000002e-06,21.206030336,21.02110535936
1.621e-06,21.608040448,21.02110535936
1.622e-06,21.608040448,21.02110535936
1.6230000000000002e-06,22.01005056,21.02110535936
1.624e-06,22.412060672,21.02110535936
1.6250000000000001e-06,22.814070784,21.02110535936
1.6260000000000002e-06,23.216080896,21.02110535936
1.627e-06,23.216080896,21.02110535936
1.6280000000000001e-06,23.216080896,21.02110535936
1.6290000000000002e-06,23.216080896,21.02110535936
1.63e-06,23.618091008,21.02110535936
1.6310000000000001e-06,23.618091008,21.02110535936
1.632e-06,23.618091008,21.02110535936
1.633e-06,24.02010112,21.02110535936
1.6340000000000002e-06,24.422111232,21.02110535936
1.635e-06,24.422111232,21.02110535936
1.636e-06,24.422111232,21.02110535936
1.6370000000000002e-06,24.824121343999998,21.02110535936
1.638e-06,24.824121343999998,21.02110535936
1.639e-06,24.824121343999998,21.02110535936
1.6400000000000002e-06,25.226131456,21.02110535936
1.641e-06,25.226131456,21.02110535936
1.6420000000000001e-06,25.226131456,21.02110535936
1.6430000000000002e-06,25.628141568,21.02110535936
1.644e-06,25.628141568,21.02110535936
1.6450000000000001e-06,25.628141568,21.02110535936
1.6460000000000002e-06,25.628141568,21.02110535936
1.647e-06,26.03015168,21.02110535936
1.6480000000000001e-06,26.03015168,21.02110535936
1.649e-06,26.03015168,21.02110535936
1.65e-06,26.03015168,21.02110535936
1.6510000000000002e-06,26.03015168,21.02110535936
1.652e-06,26.03015168,21.02110535936
1.653e-06,26.432161792,21.02110535936
1.6540000000000002e-06,26.432161792,21.02110535936
1.655e-06,26.03015168,21.02110535936
1.6560000000000001e-06,26.03015168,21.02110535936
1.6570000000000002e-06,26.03015168,21.02110535936
1.658e-06,26.03015168,21.02110535936
1.6590000000000001e-06,26.03015168,21.02110535936
1.6600000000000002e-06,26.03015168,21.02110535936
1.661e-06,26.03015168,21.02110535936
1.6620000000000001e-06,26.03015168,21.02110535936
1.663e-06,26.03015168,21.02110535936
1.664e-06,26.03015168,21.02110535936
1.6650000000000002e-06,26.03015168,21.02110535936
1.666e-06,26.03015168,21.02110535936
1.667e-06,26.03015168,21.02110535936
1.6680000000000002e-06,26.03015168,21.02110535936
1.669e-06,26.03015168,21.02110535936
1.67e-06,26.03015168,21.02110535936
1.6710000000000002e-06,26.03015168,21.02110535936
1.672e-06,26.03015168,21.02110535936
1.6730000000000001e-06,26.03015168,21.02110535936
1.6740000000000002e-06,26.03015168,21.02110535936
1.675e-06,26.03015168,21.02110535936
1.6760000000000001e-06,26.03015168,21.02110535936
1.6770000000000002e-06,26.03015168,21.02110535936
1.678e-06,26.03015168,21.02110535936
1.6790000000000001e-06,26.03015168,21.02110535936
1.68e-06,26.03015168,21.02110535936
1.681e-06,26.03015168,21.02110535936
1.6820000000000002e-06,26.03015168,21.02110535936
1.683e-06,26.03015168,21.02110535936
1.684e-06,25.628141568,21.02110535936
1.6850000000000002e-06,25.628141568,21.02110535936
1.686e-06,25.628141568,21.02110535936
1.6870000000000001e-06,25.628141568,21.02110535936
1.6880000000000002e-06,25.628141568,21.02110535936
1.689e-06,25.226131456,21.02110535936
1.6900000000000001e-06,25.226131456,21.02110535936
1.6910000000000002e-06,25.226131456,21.02110535936
1.692e-06,25.226131456,21.02110535936
1.6930000000000001e-06,25.226131456,21.02110535936
1.694e-06,25.226131456,21.02110535936
1.695e-06,25.226131456,21.02110535936
1.6960000000000002e-06,25.226131456,21.02110535936
1.697e-06,25.226131456,21.02110535936
1.698e-06,25.226131456,21.02110535936
1.6990000000000002e-06,25.226131456,21.02110535936
1.7e-06,25.226131456,21.02110535936
1.701e-06,24.824121343999998,21.02110535936
1.7020000000000002e-06,24.824121343999998,21.02110535936
1.703e-06,24.824121343999998,21.02110535936
1.7040000000000001e-06,24.422111232,21.02110535936
1.7050000000000002e-06,24.422111232,21.02110535936
1.706e-06,24.02010112,21.02110535936
1.7070000000000001e-06,24.02010112,21.02110535936
1.7080000000000002e-06,23.618091008,21.02110535936
1.709e-06,23.618091008,21.02110535936
1.7100000000000001e-06,23.216080896,21.02110535936
1.711e-06,23.216080896,21.02110535936
1.712e-06,23.216080896,21.02110535936
1.7130000000000002e-06,22.814070784,21.02110535936
1.714e-06,22.814070784,21.02110535936
1.715e-06,22.814070784,21.02110535936
1.7160000000000002e-06,22.814070784,21.02110535936
1.717e-06,22.412060672,21.02110535936
1.7180000000000001e-06,22.01005056,21.02110535936
1.7190000000000002e-06,22.01005056,21.02110535936
1.72e-06,21.608040448,21.02110535936
1.7210000000000001e-06,21.608040448,21.02110535936
1.7220000000000002e-06,21.206030336,21.02110535936
1.723e-06,20.804020224,21.02110535936
1.7240000000000001e-06,20.804020224,21.02110535936
1.7250000000000002e-06,20.402010112,21.02110535936
1.726e-06,20.0,21.02110535936
1.7270000000000002e-06,19.597989888,21.02110535936
1.728e-06,19.597989888,21.02110535936
1.729e-06,19.195979776,21.02110535936
1.7300000000000002e-06,18.793969664,21.02110535936
1.731e-06,18.793969664,21.02110535936
1.732e-06,18.391959552,21.02110535936
1.7330000000000002e-06,18.391959552,21.02110535936
1.734e-06,17.98994944,21.02110535936
1.7350000000000001e-06,17.98994944,21.02110535936
1.7360000000000002e-06,17.587939328,21.02110535936
1.737e-06,17.185929216,21.02110535936
1.7380000000000001e-06,16.783919104,21.02110535936
1.7390000000000002e-06,16.783919104,21.02110535936
1.74e-06,16.381908992,21.02110535936
1.7410000000000001e-06,15.97989888,21.02110535936
1.742e-06,15.577888768000001,21.02110535936
1.743e-06,15.175878656,21.02110535936
1.7440000000000002e-06,15.175878656,21.02110535936
1.745e-06,14.773868543999999,21.02110535936
1.746e-06,14.371858432,21.02110535936
1.7470000000000002e-06,13.96984832,21.02110535936
1.748e-06,13.567838208000001,21.02110535936
1.7490000000000001e-06,13.165828096,21.02110535936
1.7500000000000002e-06,12.763817984,21.02110535936
1.751e-06,12.763817984,21.02110535936
1.7520000000000001e-06,12.361807872,21.02110535936
1.7530000000000002e-06,11.95979776,21.02110535936
1.754e-06,11.95979776,21.02110535936
1.7550000000000001e-06,11.557787648,21.02110535936
1.7560000000000002e-06,11.155777536,21.02110535936
1.757e-06,10.753767424000001,21.02110535936
1.7580000000000002e-06,10.351757312,21.02110535936
1.759e-06,9.949747200000001,21.02110535936
1.76e-06,9.547737088,21.02110535936
1.7610000000000002e-06,9.145726976,21.02110535936
1.762e-06,9.145726976,21.02110535936
1.763e-06,8.743716864000001,21.02110535936
1.7640000000000002e-06,8.341706752,21.02110535936
1.765e-06,7.939696640000001,21.02110535936
1.7660000000000001e-06,7.537686528,21.02110535936
1.7670000000000002e-06,7.537686528,21.02110535936
1.768e-06,7.135676416000001,21.02110535936
1.7690000000000001e-06,6.7336663040000015,21.02110535936
1.7700000000000002e-06,6.3316561920000005,21.02110535936
1.771e-06,6.3316561920000005,21.02110535936
1.7720000000000001e-06,5.929646080000001,21.02110535936
1.773e-06,5.527635968,21.02110535936
1.774e-06,5.125625856000001,21.02110535936
1.7750000000000002e-06,5.125625856000001,21.02110535936
1.776e-06,4.723615744000002,21.02110535936
1.777e-06,4.321605632000001,21.02110535936
1.7780000000000002e-06,3.9195955200000014,21.02110535936
1.779e-06,3.517585408000002,21.02110535936
1.7800000000000001e-06,3.1155752959999994,21.02110535936
1.7810000000000002e-06,3.1155752959999994,21.02110535936
1.782e-06,2.713565184,21.02110535936
1.7830000000000001e-06,2.713565184,21.02110535936
1.7840000000000002e-06,2.311555072000001,21.02110535936
1.785e-06,2.311555072000001,21.02110535936
1.7860000000000001e-06,1.9095449600000016,21.02110535936
1.7870000000000002e-06,1.5075348480000024,21.02110535936
1.788e-06,1.5075348480000024,21.02110535936
1.7890000000000002e-06,1.5075348480000024,21.02110535936
1.79e-06,1.1055247359999996,21.02110535936
1.791e-06,0.7035146240000003,21.02110535936
1.7920000000000002e-06,0.7035146240000003,21.02110535936
1.793e-06,0.30150451200000106,21.02110535936
1.794e-06,0.30150451200000106,21.02110535936
1.7950000000000002e-06,-0.1005055999999982,21.02110535936
1.796e-06,-0.1005055999999982,21.02110535936
1.7970000000000001e-06,-0.1005055999999982,21.02110535936
1.7980000000000002e-06,-0.5025157119999974,21.02110535936
1.799e-06,-0.5025157119999974,21.02110535936
1.8000000000000001e-06,-0.5025157119999974,21.02110535936
1.8010000000000002e-06,-0.9045258240000003,21.02110535936
1.802e-06,-0.9045258240000003,21.02110535936
1.8030000000000001e-06,-1.3065359359999995,21.02110535936
1.804e-06,-1.3065359359999995,21.02110535936
1.805e-06,-1.3065359359999995,21.02110535936
1.8060000000000002e-06,-1.3065359359999995,21.02110535936
1.807e-06,-1.7085460479999988,21.02110535936
1.808e-06,-1.7085460479999988,21.02110535936
1.8090000000000002e-06,-1.7085460479999988,21.02110535936
1.81e-06,-2.110556159999998,21.02110535936
1.8110000000000001e-06,-2.110556159999998,21.02110535936
1.8120000000000002e-06,-2.110556159999998,21.02110535936
1.813e-06,-2.110556159999998,21.02110535936
1.8140000000000001e-06,-2.110556159999998,21.02110535936
1.8150000000000002e-06,-2.110556159999998,21.02110535936
1.816e-06,-2.110556159999998,21.02110535936
1.8170000000000001e-06,-2.110556159999998,21.02110535936
1.8180000000000002e-06,-2.110556159999998,21.02110535936
1.819e-06,-2.110556159999998,21.02110535936
1.8200000000000002e-06,-2.110556159999998,21.02110535936
1.821e-06,-2.110556159999998,21.02110535936
1.822e-06,-2.110556159999998,21.02110535936
1.8230000000000002e-06,-2.110556159999998,21.02110535936
1.824e-06,-1.7085460479999988,21.02110535936
1.825e-06,-1.7085460479999988,21.02110535936
1.8260000000000002e-06,-1.7085460479999988,21.02110535936
1.827e-06,-1.7085460479999988,21.02110535936
1.8280000000000001e-06,-1.7085460479999988,21.02110535936
1.8290000000000002e-06,-1.3065359359999995,21.02110535936
1.83e-06,-1.3065359359999995,21.02110535936
1.8310000000000001e-06,-1.3065359359999995,21.02110535936
1.8320000000000002e-06,-1.3065359359999995,21.02110535936
1.833e-06,-1.3065359359999995,21.02110535936
1.8340000000000001e-06,-0.9045258240000003,21.02110535936
1.8350000000000002e-06,-0.9045258240000003,21.02110535936
1.836e-06,-0.9045258240000003,21.02110535936
1.8370000000000002e-06,-0.5025157119999974,21.02110535936
1.838e-06,-0.5025157119999974,21.02110535936
1.839e-06,-0.5025157119999974,21.02110535936
1.8400000000000002e-06,-0.1005055999999982,21.02110535936
1.841e-06,-0.1005055999999982,21.02110535936
1.8420000000000001e-06,0.30150451200000106,21.02110535936
1.8430000000000002e-06,0.30150451200000106,21.02110535936
1.844e-06,0.7035146240000003,21.02110535936
1.8450000000000001e-06,1.1055247359999996,21.02110535936
1.8460000000000002e-06,1.5075348480000024,21.02110535936
1.847e-06,1.5075348480000024,21.02110535936
1.8480000000000001e-06,1.9095449600000016,21.02110535936
1.8490000000000002e-06,1.9095449600000016,21.02110535936
1.85e-06,2.311555072000001,21.02110535936
1.8510000000000002e-06,2.311555072000001,21.02110535936
1.852e-06,2.713565184,21.02110535936
1.853e-06,2.713565184,21.02110535936
1.8540000000000002e-06,2.713565184,21.02110535936
1.855e-06,3.1155752959999994,21.02110535936
1.856e-06,3.1155752959999994,21.02110535936
1.8570000000000002e-06,3.517585408000002,21.02110535936
1.858e-06,3.9195955200000014,21.02110535936
1.8590000000000001e-06,3.9195955200000014,21.02110535936
1.8600000000000002e-06,4.321605632000001,21.02110535936
1.861e-06,4.723615744000002,21.02110535936
1.8620000000000001e-06,5.125625856000001,21.02110535936
1.8630000000000002e-06,5.527635968,21.02110535936
1.864e-06,5.929646080000001,21.02110535936
1.8650000000000001e-06,5.929646080000001,21.02110535936
1.8660000000000002e-06,6.3316561920000005,21.02110535936
1.867e-06,6.7336663040000015,21.02110535936
1.8680000000000002e-06,6.7336663040000015,21.02110535936
1.869e-06,7.135676416000001,21.02110535936
1.87e-06,7.135676416000001,21.02110535936
1.8710000000000002e-06,7.537686528,21.02110535936
1.872e-06,7.537686528,21.02110535936
1.8730000000000001e-06,7.939696640000001,21.02110535936
1.8740000000000002e-06,8.341706752,21.02110535936
1.875e-06,8.743716864000001,21.02110535936
1.8760000000000001e-06,9.145726976,21.02110535936
1.8770000000000002e-06,9.547737088,21.02110535936
1.878e-06,9.949747200000001,21.02110535936
1.8790000000000001e-06,10.351757312,21.02110535936
1.8800000000000002e-06,10.753767424000001,21.02110535936
1.881e-06,10.753767424000001,21.02110535936
1.8820000000000001e-06,11.155777536,21.02110535936
1.883e-06,11.557787648,21.02110535936
1.884e-06,11.557787648,21.02110535936
1.8850000000000002e-06,11.95979776,21.02110535936
1.886e-06,12.361807872,21.02110535936
1.887e-06,12.763817984,21.02110535936
1.8880000000000002e-06,12.763817984,21.02110535936
1.889e-06,13.165828096,21.02110535936
1.8900000000000001e-06,13.567838208000001,21.02110535936
1.8910000000000002e-06,13.96984832,21.02110535936
1.892e-06,13.96984832,21.02110535936
1.8930000000000001e-06,14.371858432,21.02110535936
1.8940000000000002e-06,14.773868543999999,21.02110535936
1.895e-06,15.175878656,21.02110535936
1.8960000000000001e-06,15.577888768000001,21.02110535936
1.8970000000000002e-06,15.577888768000001,21.02110535936
1.898e-06,15.97989888,21.02110535936
1.8990000000000002e-06,16.381908992,21.02110535936
1.9e-06,16.783919104,21.02110535936
1.901e-06,17.185929216,21.02110535936
1.9020000000000002e-06,17.185929216,21.02110535936
1.903e-06,17.587939328,21.02110535936
1.9040000000000001e-06,17.587939328,21.02110535936
1.9050000000000002e-06,17.98994944,21.02110535936
1.906e-06,18.391959552,21.02110535936
1.9070000000000001e-06,18.391959552,21.02110535936
1.908e-06,18.391959552,21.02110535936
1.9090000000000003e-06,18.793969664,21.02110535936
1.91e-06,19.195979776,21.02110535936
1.911e-06,19.195979776,21.02110535936
1.912e-06,19.597989888,21.02110535936
1.913e-06,20.0,21.02110535936
1.9140000000000002e-06,20.402010112,21.02110535936
1.9150000000000003e-06,20.402010112,21.02110535936
1.916e-06,20.804020224,21.02110535936
1.917e-06,20.804020224,21.02110535936
1.918e-06,20.804020224,21.02110535936
1.919e-06,21.206030336,21.02110535936
1.9200000000000003e-06,21.206030336,21.02110535936
1.9210000000000003e-06,21.608040448,21.02110535936
1.922e-06,22.01005056,21.02110535936
1.923e-06,22.01005056,21.02110535936
1.924e-06,22.01005056,21.02110535936
1.925e-06,22.412060672,21.02110535936
1.9260000000000003e-06,22.814070784,21.02110535936
1.927e-06,22.814070784,21.02110535936
1.928e-06,23.216080896,21.02110535936
1.929e-06,23.216080896,21.02110535936
1.93e-06,23.216080896,21.02110535936
1.9310000000000002e-06,23.216080896,21.02110535936
1.9320000000000003e-06,23.618091008,21.02110535936
1.933e-06,23.618091008,21.02110535936
1.934e-06,23.618091008,21.02110535936
1.935e-06,23.618091008,21.02110535936
1.936e-06,24.02010112,21.02110535936
1.9370000000000003e-06,24.02010112,21.02110535936
1.938e-06,24.02010112,21.02110535936
1.939e-06,24.02010112,21.02110535936
1.94e-06,24.422111232,21.02110535936
1.941e-06,24.422111232,21.02110535936
1.942e-06,24.422111232,21.02110535936
1.9430000000000003e-06,24.422111232,21.02110535936
1.944e-06,24.422111232,21.02110535936
1.945e-06,24.824121343999998,21.02110535936
1.946e-06,24.824121343999998,21.02110535936
1.947e-06,24.824121343999998,21.02110535936
1.9480000000000002e-06,24.824121343999998,21.02110535936
1.9490000000000003e-06,25.226131456,21.02110535936
1.95e-06,25.226131456,21.02110535936
1.951e-06,25.226131456,21.02110535936
1.952e-06,25.226131456,21.02110535936
1.953e-06,25.226131456,21.02110535936
1.9540000000000003e-06,25.628141568,21.02110535936
1.955e-06,25.628141568,21.02110535936
1.956e-06,25.628141568,21.02110535936
1.957e-06,25.628141568,21.02110535936
1.958e-06,25.628141568,21.02110535936
1.9590000000000002e-06,25.226131456,21.02110535936
1.9600000000000003e-06,25.226131456,21.02110535936
1.961e-06,25.226131456,21.02110535936
1.962e-06,25.226131456,21.02110535936
1.963e-06,25.226131456,21.02110535936
1.964e-06,25.226131456,21.02110535936
1.9650000000000002e-06,25.226131456,21.02110535936
1.9660000000000003e-06,25.226131456,21.02110535936
1.967e-06,25.628141568,21.02110535936
1.968e-06,25.628141568,21.02110535936
1.969e-06,25.628141568,21.02110535936
1.97e-06,25.628141568,21.02110535936
1.9710000000000003e-06,25.628141568,21.02110535936
1.972e-06,25.628141568,21.02110535936
1.973e-06,26.03015168,21.02110535936
1.974e-06,26.03015168,21.02110535936
1.975e-06,26.03015168,21.02110535936
1.9760000000000002e-06,26.03015168,21.02110535936
1.9770000000000003e-06,26.03015168,21.02110535936
1.978e-06,26.03015168,21.02110535936
1.979e-06,25.628141568,21.02110535936
1.98e-06,25.628141568,21.02110535936
1.981e-06,25.628141568,21.02110535936
1.9820000000000003e-06,25.226131456,21.02110535936
1.9830000000000003e-06,25.226131456,21.02110535936
1.984e-06,25.226131456,21.02110535936
1.985e-06,25.226131456,21.02110535936
1.986e-06,25.226131456,21.02110535936
1.987e-06,25.226131456,21.02110535936
1.9880000000000003e-06,25.226131456,21.02110535936
1.989e-06,25.226131456,21.02110535936
1.99e-06,25.226131456,21.02110535936
1.991e-06,25.226131456,21.02110535936
1.992e-06,25.226131456,21.02110535936
1.9930000000000002e-06,24.824121343999998,21.02110535936
1.9940000000000003e-06,24.824121343999998,21.02110535936
1.995e-06,24.824121343999998,21.02110535936
1.996e-06,24.824121343999998,21.02110535936
1.997e-06,24.824121343999998,21.02110535936
1.998e-06,24.824121343999998,21.02110535936
1.9990000000000003e-06,24.824121343999998,21.02110535936
2.0000000000000003e-06,24.824121343999998,21.02110535936
2.001e-06,24.422111232,21.02110535936
2.002e-06,24.422111232,21.02110535936
2.003e-06,24.422111232,21.02110535936
2.004e-06,24.02010112,21.02110535936
2.0050000000000003e-06,24.02010112,21.02110535936
2.006e-06,24.02010112,21.02110535936
2.007e-06,23.618091008,21.02110535936
2.008e-06,23.618091008,21.02110535936
2.009e-06,23.618091008,21.02110535936
2.0100000000000002e-06,23.216080896,21.02110535936
2.0110000000000003e-06,23.216080896,21.02110535936
2.012e-06,22.814070784,21.02110535936
2.013e-06,22.814070784,21.02110535936
2.014e-06,22.814070784,21.02110535936
2.015e-06,22.412060672,21.02110535936
2.0160000000000003e-06,22.412060672,21.02110535936
2.017e-06,22.412060672,21.02110535936
2.018e-06,22.412060672,21.02110535936
2.019e-06,22.01005056,21.02110535936
2.02e-06,22.01005056,21.02110535936
2.0210000000000002e-06,22.01005056,21.02110535936
2.0220000000000003e-06,22.01005056,21.02110535936
2.023e-06,21.608040448,21.02110535936
2.024e-06,21.608040448,21.02110535936
2.025e-06,21.608040448,21.02110535936
2.026e-06,21.206030336,21.02110535936
2.0270000000000002e-06,21.206030336,21.02110535936
2.0280000000000003e-06,20.804020224,21.02110535936
2.029e-06,20.804020224,21.02110535936
2.03e-06,20.402010112,21.02110535936
2.031e-06,20.0,21.02110535936
2.032e-06,20.0,21.02110535936
2.0330000000000003e-06,19.597989888,21.02110535936
2.034e-06,19.195979776,21.02110535936
2.035e-06,18.793969664,21.02110535936
2.036e-06,18.793969664,21.02110535936
2.037e-06,18.391959552,21.02110535936
2.0380000000000002e-06,17.98994944,21.02110535936
2.0390000000000003e-06,17.98994944,21.02110535936
2.04e-06,17.587939328,21.02110535936
2.041e-06,17.587939328,21.02110535936
2.042e-06,17.185929216,21.02110535936
2.043e-06,16.783919104,21.02110535936
2.0440000000000003e-06,16.783919104,21.02110535936
2.0450000000000003e-06,16.381908992,21.02110535936
2.046e-06,16.381908992,21.02110535936
2.047e-06,15.97989888,21.02110535936
2.048e-06,15.97989888,21.02110535936
2.049e-06,15.97989888,21.02110535936
2.0500000000000003e-06,15.577888768000001,21.02110535936
2.051e-06,15.175878656,21.02110535936
2.052e-06,14.773868543999999,21.02110535936
2.053e-06,14.773868543999999,21.02110535936
2.054e-06,14.371858432,21.02110535936
2.0550000000000002e-06,14.371858432,21.02110535936
2.0560000000000003e-06,13.96984832,21.02110535936
2.057e-06,13.567838208000001,21.02110535936
2.058e-06,13.567838208000001,21.02110535936
2.059e-06,13.165828096,21.02110535936
2.06e-06,12.763817984,21.02110535936
2.0610000000000003e-06,12.763817984,21.02110535936
2.0620000000000003e-06,12.361807872,21.02110535936
2.063e-06,11.95979776,21.02110535936
2.064e-06,11.557787648,21.02110535936
2.065e-06,11.557787648,21.02110535936
2.066e-06,11.155777536,21.02110535936
2.0670000000000003e-06,10.753767424000001,21.02110535936
2.068e-06,10.351757312,21.02110535936
2.069e-06,10.351757312,21.02110535936
2.07e-06,9.949747200000001,21.02110535936
2.071e-06,9.949747200000001,21.02110535936
2.0720000000000002e-06,9.547737088,21.02110535936
2.0730000000000003e-06,9.547737088,21.02110535936
2.074e-06,9.145726976,21.02110535936
2.075e-06,9.145726976,21.02110535936
2.076e-06,9.145726976,21.02110535936
2.077e-06,8.743716864000001,21.02110535936
2.0780000000000003e-06,8.743716864000001,21.02110535936
2.0790000000000003e-06,8.743716864000001,21.02110535936
2.08e-06,8.341706752,21.02110535936
2.081e-06,8.341706752,21.02110535936
2.082e-06,7.939696640000001,21.02110535936
2.0830000000000002e-06,7.537686528,21.02110535936
2.0840000000000003e-06,7.537686528,21.02110535936
2.085e-06,7.135676416000001,21.02110535936
2.086e-06,7.135676416000001,21.02110535936
2.087e-06,7.135676416000001,21.02110535936
2.088e-06,6.7336663040000015,21.02110535936
2.0890000000000002e-06,6.7336663040000015,21.02110535936
2.0900000000000003e-06,6.3316561920000005,21.02110535936
2.091e-06,6.3316561920000005,21.02110535936
2.092e-06,5.929646080000001,21.02110535936
2.093e-06,5.527635968,21.02110535936
2.094e-06,5.527635968,21.02110535936
2.0950000000000003e-06,5.125625856000001,21.02110535936
2.096e-06,5.125625856000001,21.02110535936
2.097e-06,5.125625856000001,21.02110535936
2.098e-06,4.723615744000002,21.02110535936
2.099e-06,4.723615744000002,21.02110535936
2.1000000000000002e-06,4.723615744000002,21.02110535936
2.1010000000000003e-06,4.723615744000002,21.02110535936
2.102e-06,4.723615744000002,21.02110535936
2.103e-06,4.321605632000001,21.02110535936
2.104e-06,4.321605632000001,21.02110535936
2.105e-06,4.321605632000001,21.02110535936
2.1060000000000002e-06,4.321605632000001,21.02110535936
2.1070000000000003e-06,4.321605632000001,21.02110535936
2.108e-06,3.9195955200000014,21.02110535936
2.109e-06,3.9195955200000014,21.02110535936
2.11e-06,3.9195955200000014,21.02110535936
2.111e-06,3.9195955200000014,21.02110535936
2.1120000000000003e-06,3.517585408000002,21.02110535936
2.113e-06,3.517585408000002,21.02110535936
2.114e-06,3.517585408000002,21.02110535936
2.115e-06,3.517585408000002,21.02110535936
2.116e-06,3.517585408000002,21.02110535936
2.1170000000000002e-06,3.517585408000002,21.02110535936
2.1180000000000003e-06,3.517585408000002,21.02110535936
2.119e-06,3.517585408000002,21.02110535936
2.12e-06,3.517585408000002,21.02110535936
2.121e-06,3.9195955200000014,21.02110535936
2.122e-06,3.9195955200000014,21.02110535936
2.1230000000000003e-06,3.9195955200000014,21.02110535936
2.1240000000000003e-06,3.9195955200000014,21.02110535936
2.125e-06,3.9195955200000014,21.02110535936
2.126e-06,3.9195955200000014,21.02110535936
2.127e-06,3.9195955200000014,21.02110535936
2.128e-06,3.9195955200000014,21.02110535936
2.1290000000000003e-06,3.9195955200000014,21.02110535936
2.13e-06,3.9195955200000014,21.02110535936
2.131e-06,3.9195955200000014,21.02110535936
2.132e-06,3.9195955200000014,21.02110535936
2.133e-06,4.321605632000001,21.02110535936
2.1340000000000002e-06,4.321605632000001,21.02110535936
2.1350000000000003e-06,4.321605632000001,21.02110535936
2.136e-06,4.321605632000001,21.02110535936
2.137e-06,4.321605632000001,21.02110535936
2.138e-06,4.723615744000002,21.02110535936
2.139e-06,4.723615744000002,21.02110535936
2.1400000000000003e-06,4.723615744000002,21.02110535936
2.1410000000000003e-06,4.723615744000002,21.02110535936
2.142e-06,5.125625856000001,21.02110535936
2.143e-06,5.125625856000001,21.02110535936
2.144e-06,5.125625856000001,21.02110535936
2.1450000000000002e-06,5.527635968,21.02110535936
2.1460000000000003e-06,5.527635968,21.02110535936
2.147e-06,5.527635968,21.02110535936
2.148e-06,5.929646080000001,21.02110535936
2.149e-06,5.929646080000001,21.02110535936
2.15e-06,6.3316561920000005,21.02110535936
2.1510000000000002e-06,6.3316561920000005,21.02110535936
2.1520000000000003e-06,6.7336663040000015,21.02110535936
2.153e-06,7.135676416000001,21.02110535936
2.154e-06,7.135676416000001,21.02110535936
2.155e-06,7.537686528,21.02110535936
2.156e-06,7.537686528,21.02110535936
2.1570000000000003e-06,7.939696640000001,21.02110535936
2.1580000000000003e-06,7.939696640000001,21.02110535936
2.159e-06,8.341706752,21.02110535936
2.16e-06,8.341706752,21.02110535936
2.161e-06,8.743716864000001,21.02110535936
2.1620000000000002e-06,8.743716864000001,21.02110535936
2.1630000000000003e-06,9.145726976,21.02110535936
2.164e-06,9.145726976,21.02110535936
2.165e-06,9.547737088,21.02110535936
2.166e-06,9.547737088,21.02110535936
2.167e-06,9.547737088,21.02110535936
2.1680000000000002e-06,9.949747200000001,21.02110535936
2.1690000000000003e-06,9.949747200000001,21.02110535936
2.17e-06,10.351757312,21.02110535936
2.171e-06,10.753767424000001,21.02110535936
2.172e-06,10.753767424000001,21.02110535936
2.173e-06,11.155777536,21.02110535936
2.1740000000000003e-06,11.557787648,21.02110535936
2.175e-06,11.95979776,21.02110535936
2.176e-06,11.95979776,21.02110535936
2.177e-06,11.95979776,21.02110535936
2.178e-06,12.361807872,21.02110535936
2.1790000000000002e-06,12.361807872,21.02110535936
2.1800000000000003e-06,12.763817984,21.02110535936
2.181e-06,13.165828096,21.02110535936
2.182e-06,13.567838208000001,21.02110535936
2.183e-06,13.567838208000001,21.02110535936
2.184e-06,13.96984832,21.02110535936
2.1850000000000003e-06,14.371858432,21.02110535936
2.1860000000000003e-06,14.773868543999999,21.02110535936
2.187e-06,14.773868543999999,21.02110535936
2.188e-06,14.773868543999999,21.02110535936
2.189e-06,15.175878656,21.02110535936
2.19e-06,15.175878656,21.02110535936
2.1910000000000003e-06,15.577888768000001,21.02110535936
2.192e-06,15.97989888,21.02110535936
2.193e-06,15.97989888,21.02110535936
2.194e-06,16.381908992,21.02110535936
2.195e-06,16.783919104,21.02110535936
2.1960000000000002e-06,16.783919104,21.02110535936
2.1970000000000003e-06,16.783919104,21.02110535936
2.198e-06,17.185929216,21.02110535936
2.199e-06,17.185929216,21.02110535936
2.2e-06,17.587939328,21.02110535936
2.201e-06,17.98994944,21.02110535936
2.2020000000000003e-06,17.98994944,21.02110535936
2.2030000000000003e-06,18.391959552,21.02110535936
2.204e-06,18.793969664,21.02110535936
2.205e-06,18.793969664,21.02110535936
2.206e-06,19.195979776,21.02110535936
2.2070000000000002e-06,19.597989888,21.02110535936
2.2080000000000003e-06,19.597989888,21.02110535936
2.209e-06,20.0,21.02110535936
2.21e-06,20.0,21.02110535936
2.211e-06,20.402010112,21.02110535936
2.212e-06,20.402010112,21.02110535936
2.2130000000000002e-06,20.804020224,21.02110535936
2.2140000000000003e-06,20.804020224,21.02110535936
2.215e-06,21.206030336,21.02110535936
2.216e-06,21.206030336,21.02110535936
2.217e-06,21.608040448,21.02110535936
2.218e-06,21.608040448,21.02110535936
2.2190000000000003e-06,21.608040448,21.02110535936
2.2200000000000003e-06,22.01005056,21.02110535936
2.221e-06,22.01005056,21.02110535936
2.222e-06,22.01005056,21.02110535936
2.223e-06,22.412060672,21.02110535936
2.2240000000000002e-06,22.412060672,21.02110535936
2.2250000000000003e-06,22.412060672,21.02110535936
2.226e-06,22.412060672,21.02110535936
2.227e-06,22.814070784,21.02110535936
2.228e-06,22.814070784,21.02110535936
2.229e-06,22.814070784,21.02110535936
2.2300000000000002e-06,23.216080896,21.02110535936
2.2310000000000003e-06,23.216080896,21.02110535936
2.232e-06,23.216080896,21.02110535936
2.233e-06,23.216080896,21.02110535936
2.234e-06,23.618091008,21.02110535936
2.235e-06,23.618091008,21.02110535936
2.2360000000000003e-06,23.618091008,21.02110535936
2.2370000000000004e-06,23.618091008,21.02110535936
2.238e-06,24.02010112,21.02110535936
2.239e-06,24.02010112,21.02110535936
2.24e-06,24.02010112,21.02110535936
2.2410000000000002e-06,24.02010112,21.02110535936
2.2420000000000003e-06,24.422111232,21.02110535936
2.243e-06,24.422111232,21.02110535936
2.244e-06,24.422111232,21.02110535936
2.245e-06,24.422111232,21.02110535936
2.246e-06,24.422111232,21.02110535936
2.2470000000000003e-06,24.824121343999998,21.02110535936
2.2480000000000003e-06,24.824121343999998,21.02110535936
2.249e-06,24.824121343999998,21.02110535936
2.25e-06,24.824121343999998,21.02110535936
2.251e-06,24.824121343999998,21.02110535936
2.252e-06,24.824121343999998,21.02110535936
2.2530000000000003e-06,24.824121343999998,21.02110535936
2.254e-06,24.824121343999998,21.02110535936
2.255e-06,25.226131456,21.02110535936
2.256e-06,25.226131456,21.02110535936
2.257e-06,25.226131456,21.02110535936
2.2580000000000002e-06,25.226131456,21.02110535936
2.2590000000000003e-06,25.226131456,21.02110535936
2.26e-06,25.226131456,21.02110535936
2.261e-06,25.226131456,21.02110535936
2.262e-06,25.226131456,21.02110535936
2.263e-06,25.226131456,21.02110535936
2.2640000000000003e-06,25.226131456,21.02110535936
2.2650000000000003e-06,25.226131456,21.02110535936
2.266e-06,25.226131456,21.02110535936
2.267e-06,25.226131456,21.02110535936
2.268e-06,25.226131456,21.02110535936
2.2690000000000002e-06,25.226131456,21.02110535936
2.2700000000000003e-06,25.226131456,21.02110535936
2.271e-06,25.226131456,21.02110535936
2.272e-06,25.226131456,21.02110535936
2.273e-06,25.226131456,21.02110535936
2.274e-06,25.226131456,21.02110535936
2.2750000000000002e-06,25.226131456,21.02110535936
2.2760000000000003e-06,25.226131456,21.02110535936
2.277e-06,25.226131456,21.02110535936
2.278e-06,25.226131456,21.02110535936
2.279e-06,25.226131456,21.02110535936
2.28e-06,25.628141568,21.02110535936
2.2810000000000003e-06,25.628141568,21.02110535936
2.2820000000000003e-06,25.628141568,21.02110535936
2.283e-06,25.226131456,21.02110535936
2.284e-06,25.226131456,21.02110535936
2.285e-06,25.226131456,21.02110535936
2.2860000000000002e-06,25.226131456,21.02110535936
2.2870000000000003e-06,25.226131456,21.02110535936
2.288e-06,25.226131456,21.02110535936
2.289e-06,25.226131456,21.02110535936
2.29e-06,25.226131456,21.02110535936
2.291e-06,25.226131456,21.02110535936
2.2920000000000002e-06,25.226131456,21.02110535936
2.2930000000000003e-06,25.628141568,21.02110535936
2.294e-06,25.628141568,21.02110535936
2.295e-06,25.628141568,21.02110535936
2.296e-06,25.226131456,21.02110535936
2.297e-06,25.226131456,21.02110535936
2.2980000000000003e-06,25.226131456,21.02110535936
2.2990000000000004e-06,25.226131456,21.02110535936
2.3e-06,25.226131456,21.02110535936
2.301e-06,25.226131456,21.02110535936
2.302e-06,25.226131456,21.02110535936
2.3030000000000002e-06,24.824121343999998,21.02110535936
2.3040000000000003e-06,24.824121343999998,21.02110535936
2.305e-06,24.824121343999998,21.02110535936
2.306e-06,24.824121343999998,21.02110535936
2.307e-06,24.824121343999998,21.02110535936
2.308e-06,24.422111232,21.02110535936
2.3090000000000003e-06,24.422111232,21.02110535936
2.3100000000000003e-06,24.422111232,21.02110535936
2.311e-06,24.422111232,21.02110535936
2.312e-06,24.02010112,21.02110535936
2.313e-06,24.02010112,21.02110535936
2.314e-06,24.02010112,21.02110535936
2.3150000000000003e-06,23.618091008,21.02110535936
2.316e-06,23.618091008,21.02110535936
2.317e-06,23.618091008,21.02110535936
2.318e-06,23.216080896,21.02110535936
2.319e-06,23.216080896,21.02110535936
2.3200000000000002e-06,23.216080896,21.02110535936
2.3210000000000003e-06,23.216080896,21.02110535936
2.322e-06,23.216080896,21.02110535936
2.323e-06,22.814070784,21.02110535936
2.324e-06,22.814070784,21.02110535936
2.325e-06,22.814070784,21.02110535936
2.3260000000000003e-06,22.814070784,21.02110535936
2.3270000000000003e-06,22.412060672,21.02110535936
2.328e-06,22.412060672,21.02110535936
2.329e-06,22.412060672,21.02110535936
2.33e-06,22.01005056,21.02110535936
2.3310000000000002e-06,22.01005056,21.02110535936
2.3320000000000003e-06,21.608040448,21.02110535936
2.333e-06,21.608040448,21.02110535936
2.334e-06,21.206030336,21.02110535936
2.335e-06,21.206030336,21.02110535936
2.336e-06,21.206030336,21.02110535936
2.3370000000000002e-06,20.804020224,21.02110535936
2.3380000000000003e-06,20.804020224,21.02110535936
2.339e-06,20.804020224,21.02110535936
2.34e-06,20.402010112,21.02110535936
2.341e-06,20.402010112,21.02110535936
2.342e-06,20.0,21.02110535936
2.3430000000000003e-06,20.0,21.02110535936
2.3440000000000003e-06,20.0,21.02110535936
2.345e-06,20.0,21.02110535936
2.346e-06,19.597989888,21.02110535936
2.347e-06,19.597989888,21.02110535936
2.3480000000000002e-06,19.195979776,21.02110535936
2.3490000000000003e-06,19.195979776,21.02110535936
2.35e-06,19.195979776,21.02110535936
2.351e-06,18.793969664,21.02110535936
2.352e-06,18.793969664,21.02110535936
2.353e-06,18.391959552,21.02110535936
2.3540000000000002e-06,18.391959552,21.02110535936
2.3550000000000003e-06,18.391959552,21.02110535936
2.356e-06,17.98994944,21.02110535936
2.357e-06,17.587939328,21.02110535936
2.358e-06,17.587939328,21.02110535936
2.359e-06,17.185929216,21.02110535936
2.3600000000000003e-06,17.185929216,21.02110535936
2.3610000000000003e-06,16.783919104,21.02110535936
2.362e-06,16.783919104,21.02110535936
2.363e-06,16.381908992,21.02110535936
2.364e-06,16.381908992,21.02110535936
2.3650000000000002e-06,15.97989888,21.02110535936
2.3660000000000003e-06,15.97989888,21.02110535936
2.367e-06,15.577888768000001,21.02110535936
2.368e-06,15.577888768000001,21.02110535936
2.369e-06,15.175878656,21.02110535936
2.37e-06,15.175878656,21.02110535936
2.3710000000000003e-06,14.773868543999999,21.02110535936
2.3720000000000003e-06,14.371858432,21.02110535936
2.373e-06,14.371858432,21.02110535936
2.374e-06,13.96984832,21.02110535936
2.375e-06,13.96984832,21.02110535936
2.376e-06,13.567838208000001,21.02110535936
2.3770000000000003e-06,13.567838208000001,21.02110535936
2.3780000000000004e-06,13.165828096,21.02110535936
2.379e-06,13.165828096,21.02110535936
2.38e-06,12.763817984,21.02110535936
2.381e-06,12.763817984,21.02110535936
2.3820000000000002e-06,12.763817984,21.02110535936
2.3830000000000003e-06,12.361807872,21.02110535936
2.384e-06,12.361807872,21.02110535936
2.385e-06,12.361807872,21.02110535936
2.386e-06,12.361807872,21.02110535936
2.387e-06,11.95979776,21.02110535936
2.3880000000000003e-06,11.95979776,21.02110535936
2.3890000000000003e-06,11.557787648,21.02110535936
2.39e-06,11.557787648,21.02110535936
2.391e-06,11.155777536,21.02110535936
2.392e-06,11.155777536,21.02110535936
2.3930000000000002e-06,10.753767424000001,21.02110535936
2.3940000000000003e-06,10.753767424000001,21.02110535936
2.395e-06,10.753767424000001,21.02110535936
2.396e-06,10.351757312,21.02110535936
2.397e-06,10.351757312,21.02110535936
2.398e-06,10.351757312,21.02110535936
2.3990000000000002e-06,10.351757312,21.02110535936
2.4000000000000003e-06,9.949747200000001,21.02110535936
2.401e-06,9.949747200000001,21.02110535936
2.402e-06,9.949747200000001,21.02110535936
2.403e-06,9.949747200000001,21.02110535936
2.404e-06,9.547737088,21.02110535936
2.4050000000000003e-06,9.547737088,21.02110535936
2.4060000000000003e-06,9.547737088,21.02110535936
2.407e-06,9.547737088,21.02110535936
2.408e-06,9.145726976,21.02110535936
2.409e-06,9.145726976,21.02110535936
2.4100000000000002e-06,8.743716864000001,21.02110535936
2.4110000000000003e-06,8.743716864000001,21.02110535936
2.412e-06,8.341706752,21.02110535936
2.413e-06,8.341706752,21.02110535936
2.414e-06,8.341706752,21.02110535936
2.415e-06,8.341706752,21.02110535936
2.4160000000000002e-06,8.341706752,21.02110535936
2.4170000000000003e-06,8.341706752,21.02110535936
2.418e-06,8.341706752,21.02110535936
2.419e-06,8.341706752,21.02110535936
2.42e-06,8.341706752,21.02110535936
2.421e-06,8.341706752,21.02110535936
2.4220000000000003e-06,8.341706752,21.02110535936
2.4230000000000003e-06,8.341706752,21.02110535936
2.424e-06,8.341706752,21.02110535936
2.425e-06,8.341706752,21.02110535936
2.426e-06,8.341706752,21.02110535936
2.4270000000000002e-06,8.341706752,21.02110535936
2.4280000000000003e-06,8.341706752,21.02110535936
2.429e-06,7.939696640000001,21.02110535936
2.43e-06,7.939696640000001,21.02110535936
2.431e-06,7.939696640000001,21.02110535936
2.432e-06,8.341706752,21.02110535936
2.4330000000000003e-06,8.341706752,21.02110535936
2.4340000000000003e-06,8.341706752,21.02110535936
2.435e-06,8.743716864000001,21.02110535936
2.436e-06,8.743716864000001,21.02110535936
2.437e-06,8.743716864000001,21.02110535936
2.438e-06,8.743716864000001,21.02110535936
2.4390000000000003e-06,8.743716864000001,21.02110535936
2.4400000000000004e-06,8.743716864000001,21.02110535936
2.441e-06,8.743716864000001,21.02110535936
2.442e-06,8.743716864000001,21.02110535936
2.443e-06,9.145726976,21.02110535936
2.4440000000000002e-06,9.145726976,21.02110535936
2.4450000000000003e-06,9.145726976,21.02110535936
2.446e-06,9.145726976,21.02110535936
2.447e-06,9.547737088,21.02110535936
2.448e-06,9.547737088,21.02110535936
2.449e-06,9.547737088,21.02110535936
2.4500000000000003e-06,9.547737088,21.02110535936
2.4510000000000003e-06,9.547737088,21.02110535936
2.452e-06,9.949747200000001,21.02110535936
2.453e-06,9.949747200000001,21.02110535936
2.454e-06,9.949747200000001,21.02110535936
2.4550000000000002e-06,9.949747200000001,21.02110535936
2.4560000000000003e-06,10.351757312,21.02110535936
2.4570000000000004e-06,10.351757312,21.02110535936
2.458e-06,10.351757312,21.02110535936
2.459e-06,10.753767424000001,21.02110535936
2.46e-06,10.753767424000001,21.02110535936
2.4610000000000002e-06,10.753767424000001,21.02110535936
2.4620000000000003e-06,11.155777536,21.02110535936
2.463e-06,11.155777536,21.02110535936
2.464e-06,11.155777536,21.02110535936
2.465e-06,11.557787648,21.02110535936
2.466e-06,11.557787648,21.02110535936
2.4670000000000003e-06,11.95979776,21.02110535936
2.4680000000000003e-06,11.95979776,21.02110535936
2.469e-06,12.361807872,21.02110535936
2.47e-06,12.361807872,21.02110535936
2.471e-06,12.763817984,21.02110535936
2.4720000000000002e-06,12.763817984,21.02110535936
2.4730000000000003e-06,13.165828096,21.02110535936
2.474e-06,13.165828096,21.02110535936
2.475e-06,13.165828096,21.02110535936
2.476e-06,13.165828096,21.02110535936
2.477e-06,13.567838208000001,21.02110535936
2.4780000000000002e-06,13.567838208000001,21.02110535936
2.4790000000000003e-06,13.567838208000001,21.02110535936
2.48e-06,13.96984832,21.02110535936
2.481e-06,13.96984832,21.02110535936
2.482e-06,14.371858432,21.02110535936
2.483e-06,14.773868543999999,21.02110535936
2.4840000000000003e-06,14.773868543999999,21.02110535936
2.4850000000000003e-06,15.175878656,21.02110535936
2.486e-06,15.175878656,21.02110535936
2.487e-06,15.577888768000001,21.02110535936
2.488e-06,15.577888768000001,21.02110535936
2.4890000000000002e-06,15.577888768000001,21.02110535936
2.4900000000000003e-06,15.97989888,21.02110535936
2.491e-06,15.97989888,21.02110535936
2.492e-06,16.381908992,21.02110535936
2.493e-06,16.381908992,21.02110535936
2.494e-06,16.783919104,21.02110535936
2.4950000000000003e-06,16.783919104,21.02110535936
2.4960000000000003e-06,17.185929216,21.02110535936
2.497e-06,17.185929216,21.02110535936
2.498e-06,17.587939328,21.02110535936
2.499e-06,17.587939328,21.02110535936
2.5e-06,17.98994944,21.02110535936
2.5010000000000003e-06,17.98994944,21.02110535936
2.5020000000000004e-06,18.391959552,21.02110535936
2.503e-06,18.391959552,21.02110535936
2.504e-06,18.391959552,21.02110535936
2.505e-06,18.793969664,21.02110535936
2.5060000000000002e-06,18.793969664,21.02110535936
2.5070000000000003e-06,18.793969664,21.02110535936
2.508e-06,19.195979776,21.02110535936
2.509e-06,19.195979776,21.02110535936
2.51e-06,19.195979776,21.02110535936
2.511e-06,19.597989888,21.02110535936
2.5120000000000003e-06,19.597989888,21.02110535936
2.5130000000000003e-06,20.0,21.02110535936
2.514e-06,20.0,21.02110535936
2.515e-06,20.0,21.02110535936
2.516e-06,20.402010112,21.02110535936
2.517e-06,20.402010112,21.02110535936
2.5180000000000003e-06,20.804020224,21.02110535936
2.5190000000000004e-06,20.804020224,21.02110535936
2.52e-06,21.206030336,21.02110535936
2.521e-06,21.206030336,21.02110535936
2.522e-06,21.608040448,21.02110535936
2.5230000000000002e-06,21.608040448,21.02110535936
2.5240000000000003e-06,21.608040448,21.02110535936
2.525e-06,22.01005056,21.02110535936
2.526e-06,22.01005056,21.02110535936
2.527e-06,22.412060672,21.02110535936
2.528e-06,22.412060672,21.02110535936
2.5290000000000003e-06,22.412060672,21.02110535936
2.5300000000000003e-06,22.412060672,21.02110535936
2.531e-06,22.412060672,21.02110535936
2.532e-06,22.412060672,21.02110535936
2.533e-06,22.814070784,21.02110535936
2.5340000000000002e-06,22.814070784,21.02110535936
2.5350000000000003e-06,23.216080896,21.02110535936
2.5360000000000004e-06,23.216080896,21.02110535936
2.537e-06,23.618091008,21.02110535936
2.538e-06,23.618091008,21.02110535936
2.539e-06,23.618091008,21.02110535936
2.5400000000000002e-06,23.618091008,21.02110535936
2.5410000000000003e-06,23.618091008,21.02110535936
2.542e-06,23.618091008,21.02110535936
2.543e-06,23.618091008,21.02110535936
2.544e-06,23.618091008,21.02110535936
2.545e-06,23.618091008,21.02110535936
2.5460000000000003e-06,24.02010112,21.02110535936
2.5470000000000003e-06,24.02010112,21.02110535936
2.548e-06,24.02010112,21.02110535936
2.549e-06,24.02010112,21.02110535936
2.55e-06,24.02010112,21.02110535936
2.5510000000000002e-06,24.422111232,21.02110535936
2.5520000000000003e-06,24.422111232,21.02110535936
2.553e-06,24.422111232,21.02110535936
2.554e-06,24.422111232,21.02110535936
2.555e-06,24.422111232,21.02110535936
2.556e-06,24.824121343999998,21.02110535936
2.5570000000000003e-06,24.824121343999998,21.02110535936
2.5580000000000003e-06,24.824121343999998,21.02110535936
2.559e-06,24.824121343999998,21.02110535936
2.56e-06,24.824121343999998,21.02110535936
2.561e-06,24.824121343999998,21.02110535936
2.562e-06,24.824121343999998,21.02110535936
2.5630000000000003e-06,24.824121343999998,21.02110535936
2.5640000000000004e-06,24.824121343999998,21.02110535936
2.565e-06,24.824121343999998,21.02110535936
2.566e-06,24.824121343999998,21.02110535936
2.567e-06,25.226131456,21.02110535936
2.5680000000000002e-06,25.226131456,21.02110535936
2.5690000000000003e-06,25.226131456,21.02110535936
2.57e-06,25.226131456,21.02110535936
2.571e-06,25.226131456,21.02110535936
2.572e-06,25.226131456,21.02110535936
2.573e-06,25.226131456,21.02110535936
2.5740000000000003e-06,25.226131456,21.02110535936
2.5750000000000003e-06,24.824121343999998,21.02110535936
2.576e-06,24.824121343999998,21.02110535936
2.577e-06,24.824121343999998,21.02110535936
2.578e-06,24.824121343999998,21.02110535936
2.579e-06,24.824121343999998,21.02110535936
2.5800000000000003e-06,24.824121343999998,21.02110535936
2.5810000000000004e-06,25.226131456,21.02110535936
2.582e-06,25.226131456,21.02110535936
2.583e-06,25.226131456,21.02110535936
2.584e-06,25.226131456,21.02110535936
2.5850000000000002e-06,25.226131456,21.02110535936
2.5860000000000003e-06,25.226131456,21.02110535936
2.587e-06,25.226131456,21.02110535936
2.588e-06,25.226131456,21.02110535936
2.589e-06,25.226131456,21.02110535936
2.59e-06,25.226131456,21.02110535936
2.5910000000000003e-06,25.226131456,21.02110535936
2.5920000000000003e-06,25.226131456,21.02110535936
2.593e-06,25.226131456,21.02110535936
2.594e-06,25.226131456,21.02110535936
2.595e-06,25.226131456,21.02110535936
2.5960000000000002e-06,25.226131456,21.02110535936
2.5970000000000003e-06,25.628141568,21.02110535936
2.5980000000000004e-06,25.628141568,21.02110535936
2.599e-06,25.628141568,21.02110535936
2.6e-06,25.628141568,21.02110535936
2.601e-06,25.628141568,21.02110535936
2.6020000000000002e-06,25.628141568,21.02110535936
2.6030000000000003e-06,25.628141568,21.02110535936
2.604e-06,25.226131456,21.02110535936
2.605e-06,25.226131456,21.02110535936
2.606e-06,24.824121343999998,21.02110535936
2.607e-06,24.824121343999998,21.02110535936
2.6080000000000003e-06,24.422111232,21.02110535936
2.6090000000000003e-06,24.422111232,21.02110535936
2.61e-06,24.422111232,21.02110535936
2.611e-06,24.422111232,21.02110535936
2.612e-06,24.422111232,21.02110535936
2.6130000000000002e-06,24.422111232,21.02110535936
2.6140000000000003e-06,24.824121343999998,21.02110535936
2.6150000000000004e-06,24.824121343999998,21.02110535936
2.616e-06,24.824121343999998,21.02110535936
2.617e-06,24.824121343999998,21.02110535936
2.618e-06,24.824121343999998,21.02110535936
2.6190000000000003e-06,24.824121343999998,21.02110535936
2.6200000000000003e-06,24.422111232,21.02110535936
2.621e-06,24.422111232,21.02110535936
2.622e-06,24.422111232,21.02110535936
2.623e-06,24.422111232,21.02110535936
2.624e-06,24.422111232,21.02110535936
2.6250000000000003e-06,24.422111232,21.02110535936
2.6260000000000004e-06,24.422111232,21.02110535936
2.627e-06,24.02010112,21.02110535936
2.628e-06,24.02010112,21.02110535936
2.629e-06,24.02010112,21.02110535936
2.6300000000000002e-06,24.02010112,21.02110535936
2.6310000000000003e-06,24.02010112,21.02110535936
2.632e-06,24.02010112,21.02110535936
2.633e-06,24.02010112,21.02110535936
2.634e-06,24.02010112,21.02110535936
2.635e-06,24.02010112,21.02110535936
2.6360000000000003e-06,23.618091008,21.02110535936
2.6370000000000003e-06,23.618091008,21.02110535936
2.638e-06,23.618091008,21.02110535936
2.639e-06,23.618091008,21.02110535936
2.64e-06,23.618091008,21.02110535936
2.641e-06,23.216080896,21.02110535936
2.6420000000000003e-06,23.216080896,21.02110535936
2.6430000000000004e-06,23.216080896,21.02110535936
2.644e-06,22.814070784,21.02110535936
2.645e-06,22.814070784,21.02110535936
2.646e-06,22.814070784,21.02110535936
2.6470000000000002e-06,22.412060672,21.02110535936
2.6480000000000003e-06,22.412060672,21.02110535936
2.649e-06,22.01005056,21.02110535936
2.65e-06,22.01005056,21.02110535936
2.651e-06,22.01005056,21.02110535936
2.652e-06,22.01005056,21.02110535936
2.6530000000000003e-06,21.608040448,21.02110535936
2.6540000000000003e-06,21.608040448,21.02110535936
2.655e-06,21.608040448,21.02110535936
2.656e-06,21.608040448,21.02110535936
2.657e-06,21.608040448,21.02110535936
2.6580000000000002e-06,21.608040448,21.02110535936
2.6590000000000003e-06,21.206030336,21.02110535936
2.6600000000000004e-06,21.206030336,21.02110535936
2.661e-06,20.804020224,21.02110535936
2.662e-06,20.804020224,21.02110535936
2.663e-06,20.402010112,21.02110535936
2.6640000000000002e-06,20.402010112,21.02110535936
2.6650000000000003e-06,20.402010112,21.02110535936
2.666e-06,20.0,21.02110535936
2.667e-06,20.0,21.02110535936
2.668e-06,20.0,21.02110535936
2.669e-06,20.0,21.02110535936
2.6700000000000003e-06,20.0,21.02110535936
2.6710000000000003e-06,20.0,21.02110535936
2.672e-06,19.597989888,21.02110535936
2.673e-06,19.597989888,21.02110535936
2.674e-06,19.195979776,21.02110535936
2.6750000000000002e-06,19.195979776,21.02110535936
2.6760000000000003e-06,18.793969664,21.02110535936
2.6770000000000004e-06,18.793969664,21.02110535936
2.678e-06,18.391959552,21.02110535936
2.679e-06,18.391959552,21.02110535936
2.68e-06,18.391959552,21.02110535936
2.6810000000000003e-06,17.98994944,21.02110535936
2.6820000000000003e-06,17.98994944,21.02110535936
2.683e-06,17.587939328,21.02110535936
2.684e-06,17.587939328,21.02110535936
2.685e-06,17.185929216,21.02110535936
2.686e-06,17.185929216,21.02110535936
2.6870000000000003e-06,17.185929216,21.02110535936
2.6880000000000004e-06,16.783919104,21.02110535936
2.689e-06,16.783919104,21.02110535936
2.69e-06,16.783919104,21.02110535936
2.691e-06,16.783919104,21.02110535936
2.6920000000000002e-06,16.783919104,21.02110535936
2.6930000000000003e-06,16.783919104,21.02110535936
2.694e-06,16.783919104,21.02110535936
2.695e-06,16.783919104,21.02110535936
2.696e-06,16.381908992,21.02110535936
2.697e-06,16.381908992,21.02110535936
2.6980000000000003e-06,15.97989888,21.02110535936
2.6990000000000003e-06,15.97989888,21.02110535936
2.7e-06,15.577888768000001,21.02110535936
2.701e-06,15.175878656,21.02110535936
2.702e-06,15.175878656,21.02110535936
2.703e-06,15.175878656,21.02110535936
2.7040000000000003e-06,14.773868543999999,21.02110535936
2.7050000000000004e-06,14.773868543999999,21.02110535936
2.706e-06,14.773868543999999,21.02110535936
2.707e-06,14.773868543999999,21.02110535936
2.708e-06,14.773868543999999,21.02110535936
2.7090000000000002e-06,14.371858432,21.02110535936
2.7100000000000003e-06,14.371858432,21.02110535936
2.711e-06,14.371858432,21.02110535936
2.712e-06,14.371858432,21.02110535936
2.713e-06,13.96984832,21.02110535936
2.714e-06,13.96984832,21.02110535936
2.7150000000000003e-06,13.96984832,21.02110535936
2.7160000000000003e-06,13.96984832,21.02110535936
2.717e-06,13.567838208000001,21.02110535936
2.718e-06,13.567838208000001,21.02110535936
2.719e-06,13.567838208000001,21.02110535936
2.7200000000000002e-06,13.165828096,21.02110535936
2.7210000000000003e-06,13.165828096,21.02110535936
2.7220000000000004e-06,12.763817984,21.02110535936
2.723e-06,12.763817984,21.02110535936
2.724e-06,12.763817984,21.02110535936
2.725e-06,12.763817984,21.02110535936
2.7260000000000002e-06,12.361807872,21.02110535936
2.7270000000000003e-06,12.361807872,21.02110535936
2.728e-06,12.361807872,21.02110535936
2.729e-06,12.361807872,21.02110535936
2.73e-06,12.361807872,21.02110535936
2.731e-06,12.361807872,21.02110535936
2.7320000000000003e-06,12.361807872,21.02110535936
2.7330000000000003e-06,12.361807872,21.02110535936
2.734e-06,12.361807872,21.02110535936
2.735e-06,12.361807872,21.02110535936
2.736e-06,12.361807872,21.02110535936
2.7370000000000002e-06,12.361807872,21.02110535936
2.7380000000000003e-06,12.361807872,21.02110535936
2.7390000000000004e-06,12.361807872,21.02110535936
2.74e-06,12.361807872,21.02110535936
2.741e-06,12.361807872,21.02110535936
2.742e-06,12.361807872,21.02110535936
2.7430000000000002e-06,12.361807872,21.02110535936
2.7440000000000003e-06,12.361807872,21.02110535936
2.745e-06,12.361807872,21.02110535936
2.746e-06,12.361807872,21.02110535936
2.747e-06,12.361807872,21.02110535936
2.748e-06,12.361807872,21.02110535936
2.7490000000000003e-06,12.361807872,21.02110535936
2.7500000000000004e-06,12.361807872,21.02110535936
2.751e-06,12.361807872,21.02110535936
2.752e-06,12.361807872,21.02110535936
2.753e-06,12.361807872,21.02110535936
2.7540000000000002e-06,12.361807872,21.02110535936
2.7550000000000003e-06,12.361807872,21.02110535936
2.7560000000000004e-06,12.361807872,21.02110535936
2.757e-06,12.361807872,21.02110535936
2.758e-06,12.361807872,21.02110535936
2.759e-06,12.361807872,21.02110535936
2.7600000000000003e-06,12.361807872,21.02110535936
2.7610000000000003e-06,12.763817984,21.02110535936
2.762e-06,12.763817984,21.02110535936
2.763e-06,12.763817984,21.02110535936
2.764e-06,12.763817984,21.02110535936
2.765e-06,12.763817984,21.02110535936
2.7660000000000003e-06,12.763817984,21.02110535936
2.7670000000000004e-06,13.165828096,21.02110535936
2.768e-06,13.165828096,21.02110535936
2.769e-06,13.165828096,21.02110535936
2.77e-06,13.165828096,21.02110535936
2.7710000000000002e-06,13.165828096,21.02110535936
2.7720000000000003e-06,13.165828096,21.02110535936
2.773e-06,13.165828096,21.02110535936
2.774e-06,13.165828096,21.02110535936
2.775e-06,13.165828096,21.02110535936
2.776e-06,13.567838208000001,21.02110535936
2.7770000000000003e-06,13.567838208000001,21.02110535936
2.7780000000000003e-06,13.567838208000001,21.02110535936
2.779e-06,13.96984832,21.02110535936
2.78e-06,14.371858432,21.02110535936
2.781e-06,14.371858432,21.02110535936
2.7820000000000002e-06,14.371858432,21.02110535936
2.7830000000000003e-06,14.371858432,21.02110535936
2.7840000000000004e-06,14.371858432,21.02110535936
2.785e-06,14.773868543999999,21.02110535936
2.786e-06,14.773868543999999,21.02110535936
2.787e-06,14.773868543999999,21.02110535936
2.7880000000000002e-06,15.175878656,21.02110535936
2.7890000000000003e-06,15.175878656,21.02110535936
2.79e-06,15.175878656,21.02110535936
2.791e-06,15.577888768000001,21.02110535936
2.792e-06,15.577888768000001,21.02110535936
2.793e-06,15.97989888,21.02110535936
2.7940000000000003e-06,15.97989888,21.02110535936
2.7950000000000003e-06,16.381908992,21.02110535936
2.796e-06,16.381908992,21.02110535936
2.797e-06,16.381908992,21.02110535936
2.798e-06,16.381908992,21.02110535936
2.7990000000000002e-06,16.783919104,21.02110535936
2.8000000000000003e-06,16.783919104,21.02110535936
2.8010000000000004e-06,16.783919104,21.02110535936
2.802e-06,17.185929216,21.02110535936
2.803e-06,17.185929216,21.02110535936
2.804e-06,17.185929216,21.02110535936
2.8050000000000002e-06,17.185929216,21.02110535936
2.8060000000000003e-06,17.587939328,21.02110535936
2.807e-06,17.587939328,21.02110535936
2.808e-06,17.587939328,21.02110535936
2.809e-06,17.98994944,21.02110535936
2.81e-06,17.98994944,21.02110535936
2.8110000000000003e-06,17.98994944,21.02110535936
2.8120000000000004e-06,18.391959552,21.02110535936
2.813e-06,18.391959552,21.02110535936
2.814e-06,18.391959552,21.02110535936
2.815e-06,18.793969664,21.02110535936
2.8160000000000002e-06,18.793969664,21.02110535936
2.8170000000000003e-06,19.195979776,21.02110535936
2.8180000000000004e-06,19.195979776,21.02110535936
2.819e-06,19.195979776,21.02110535936
2.82e-06,19.597989888,21.02110535936
2.821e-06,19.597989888,21.02110535936
2.8220000000000003e-06,20.0,21.02110535936
2.8230000000000003e-06,20.0,21.02110535936
2.824e-06,20.402010112,21.02110535936
2.825e-06,20.402010112,21.02110535936
2.826e-06,20.402010112,21.02110535936
2.827e-06,20.402010112,21.02110535936
2.8280000000000003e-06,20.804020224,21.02110535936
2.8290000000000004e-06,20.804020224,21.02110535936
2.83e-06,20.804020224,21.02110535936
2.831e-06,20.804020224,21.02110535936
2.832e-06,20.804020224,21.02110535936
2.8330000000000002e-06,21.206030336,21.02110535936
2.8340000000000003e-06,21.206030336,21.02110535936
2.8350000000000004e-06,21.608040448,21.02110535936
2.836e-06,21.608040448,21.02110535936
2.837e-06,21.608040448,21.02110535936
2.838e-06,22.01005056,21.02110535936
2.8390000000000003e-06,22.01005056,21.02110535936
2.8400000000000003e-06,22.01005056,21.02110535936
2.841e-06,22.01005056,21.02110535936
2.842e-06,22.01005056,21.02110535936
2.843e-06,22.01005056,21.02110535936
2.8440000000000002e-06,22.01005056,21.02110535936
2.8450000000000003e-06,22.412060672,21.02110535936
2.8460000000000004e-06,22.412060672,21.02110535936
2.847e-06,22.412060672,21.02110535936
2.848e-06,22.412060672,21.02110535936
2.849e-06,22.814070784,21.02110535936
2.8500000000000002e-06,22.814070784,21.02110535936
2.8510000000000003e-06,22.814070784,21.02110535936
2.852e-06,23.216080896,21.02110535936
2.853e-06,23.216080896,21.02110535936
2.854e-06,23.216080896,21.02110535936
2.855e-06,23.216080896,21.02110535936
2.8560000000000003e-06,23.618091008,21.02110535936
2.8570000000000003e-06,23.618091008,21.02110535936
2.858e-06,23.618091008,21.02110535936
2.859e-06,23.618091008,21.02110535936
2.86e-06,23.618091008,21.02110535936
2.8610000000000002e-06,23.618091008,21.02110535936
2.8620000000000003e-06,23.618091008,21.02110535936
2.8630000000000004e-06,24.02010112,21.02110535936
2.864e-06,24.02010112,21.02110535936
2.865e-06,24.02010112,21.02110535936
2.866e-06,24.02010112,21.02110535936
2.8670000000000002e-06,24.02010112,21.02110535936
2.8680000000000003e-06,24.02010112,21.02110535936
2.869e-06,24.02010112,21.02110535936
2.87e-06,24.02010112,21.02110535936
2.871e-06,24.02010112,21.02110535936
2.872e-06,24.02010112,21.02110535936
2.8730000000000003e-06,24.02010112,21.02110535936
2.8740000000000004e-06,24.422111232,21.02110535936
2.875e-06,24.422111232,21.02110535936
2.876e-06,24.422111232,21.02110535936
2.877e-06,24.824121343999998,21.02110535936
2.8780000000000002e-06,24.824121343999998,21.02110535936
2.8790000000000003e-06,24.824121343999998,21.02110535936
2.8800000000000004e-06,24.824121343999998,21.02110535936
2.881e-06,25.226131456,21.02110535936
2.882e-06,25.226131456,21.02110535936
2.883e-06,25.226131456,21.02110535936
2.8840000000000003e-06,25.226131456,21.02110535936
2.8850000000000003e-06,25.226131456,21.02110535936
2.886e-06,25.226131456,21.02110535936
2.887e-06,25.226131456,21.02110535936
2.888e-06,25.226131456,21.02110535936
2.889e-06,25.226131456,21.02110535936
2.8900000000000003e-06,25.226131456,21.02110535936
2.8910000000000004e-06,25.226131456,21.02110535936
2.892e-06,25.226131456,21.02110535936
2.893e-06,25.226131456,21.02110535936
2.894e-06,25.226131456,21.02110535936
2.8950000000000002e-06,25.226131456,21.02110535936
2.8960000000000003e-06,25.226131456,21.02110535936
2.8970000000000004e-06,25.226131456,21.02110535936
2.898e-06,25.226131456,21.02110535936
2.899e-06,25.226131456,21.02110535936
2.9e-06,25.226131456,21.02110535936
2.9010000000000003e-06,25.226131456,21.02110535936
2.9020000000000003e-06,25.226131456,21.02110535936
2.903e-06,25.226131456,21.02110535936
2.904e-06,25.226131456,21.02110535936
2.905e-06,25.226131456,21.02110535936
2.9060000000000002e-06,25.226131456,21.02110535936
2.9070000000000003e-06,25.226131456,21.02110535936
2.9080000000000004e-06,25.226131456,21.02110535936
2.909e-06,25.226131456,21.02110535936
2.91e-06,25.226131456,21.02110535936
2.911e-06,25.226131456,21.02110535936
2.9120000000000002e-06,25.226131456,21.02110535936
2.9130000000000003e-06,25.628141568,21.02110535936
2.9140000000000004e-06,25.628141568,21.02110535936
2.915e-06,25.628141568,21.02110535936
2.916e-06,25.628141568,21.02110535936
2.917e-06,25.628141568,21.02110535936
2.9180000000000003e-06,25.628141568,21.02110535936
2.9190000000000003e-06,25.628141568,21.02110535936
2.92e-06,25.628141568,21.02110535936
2.921e-06,25.628141568,21.02110535936
2.922e-06,25.226131456,21.02110535936
2.9230000000000002e-06,25.226131456,21.02110535936
2.9240000000000003e-06,25.226131456,21.02110535936
2.9250000000000004e-06,25.628141568,21.02110535936
2.926e-06,25.628141568,21.02110535936
2.927e-06,25.628141568,21.02110535936
2.928e-06,25.628141568,21.02110535936
2.9290000000000002e-06,25.628141568,21.02110535936
2.9300000000000003e-06,25.226131456,21.02110535936
2.931e-06,25.226131456,21.02110535936
2.932e-06,25.226131456,21.02110535936
2.933e-06,25.226131456,21.02110535936
2.934e-06,25.226131456,21.02110535936
2.9350000000000003e-06,25.226131456,21.02110535936
2.9360000000000003e-06,25.226131456,21.02110535936
2.937e-06,25.226131456,21.02110535936
2.938e-06,25.226131456,21.02110535936
2.939e-06,24.824121343999998,21.02110535936
2.9400000000000002e-06,24.824121343999998,21.02110535936
2.9410000000000003e-06,24.824121343999998,21.02110535936
2.9420000000000004e-06,24.824121343999998,21.02110535936
2.943e-06,24.824121343999998,21.02110535936
2.944e-06,24.824121343999998,21.02110535936
2.945e-06,24.824121343999998,21.02110535936
2.9460000000000003e-06,24.824121343999998,21.02110535936
2.9470000000000003e-06,24.824121343999998,21.02110535936
2.948e-06,24.824121343999998,21.02110535936
2.949e-06,24.824121343999998,21.02110535936
2.95e-06,24.824121343999998,21.02110535936
2.951e-06,24.824121343999998,21.02110535936
2.9520000000000003e-06,24.824121343999998,21.02110535936
2.9530000000000004e-06,24.824121343999998,21.02110535936
2.954e-06,24.422111232,21.02110535936
2.955e-06,24.422111232,21.02110535936
2.956e-06,24.422111232,21.02110535936
2.9570000000000002e-06,24.422111232,21.02110535936
2.9580000000000003e-06,24.422111232,21.02110535936
2.9590000000000004e-06,24.02010112,21.02110535936
2.96e-06,24.02010112,21.02110535936
2.961e-06,24.02010112,21.02110535936
2.962e-06,24.02010112,21.02110535936
2.9630000000000003e-06,23.618091008,21.02110535936
2.9640000000000003e-06,23.618091008,21.02110535936
2.965e-06,23.618091008,21.02110535936
2.966e-06,23.216080896,21.02110535936
2.967e-06,23.216080896,21.02110535936
2.9680000000000002e-06,23.216080896,21.02110535936
2.9690000000000003e-06,23.216080896,21.02110535936
2.9700000000000004e-06,23.216080896,21.02110535936
2.971e-06,22.814070784,21.02110535936
2.972e-06,22.814070784,21.02110535936
2.973e-06,22.814070784,21.02110535936
2.9740000000000002e-06,22.814070784,21.02110535936
2.9750000000000003e-06,22.814070784,21.02110535936
2.9760000000000004e-06,22.814070784,21.02110535936
2.977e-06,22.814070784,21.02110535936
2.978e-06,22.412060672,21.02110535936
2.979e-06,22.412060672,21.02110535936
2.9800000000000003e-06,22.412060672,21.02110535936
2.9810000000000003e-06,22.01005056,21.02110535936
2.982e-06,22.01005056,21.02110535936
2.983e-06,22.01005056,21.02110535936
2.984e-06,22.01005056,21.02110535936
2.9850000000000002e-06,22.01005056,21.02110535936
2.9860000000000003e-06,22.01005056,21.02110535936
2.9870000000000004e-06,22.01005056,21.02110535936
2.988e-06,22.01005056,21.02110535936
2.989e-06,22.01005056,21.02110535936
2.99e-06,22.01005056,21.02110535936
2.9910000000000002e-06,22.01005056,21.02110535936
2.9920000000000003e-06,21.608040448,21.02110535936
2.9930000000000004e-06,21.608040448,21.02110535936
2.994e-06,21.206030336,21.02110535936
2.995e-06,21.206030336,21.02110535936
2.996e-06,21.206030336,21.02110535936
2.9970000000000003e-06,21.206030336,21.02110535936
2.9980000000000003e-06,20.804020224,21.02110535936
2.999e-06,20.804020224,21.02110535936
3e-06,20.804020224,21.02110535936
3.001e-06,20.804020224,21.02110535936
3.0020000000000002e-06,20.402010112,21.02110535936
3.0030000000000003e-06,20.402010112,21.02110535936
3.0040000000000004e-06,20.0,21.02110535936
3.005e-06,19.597989888,21.02110535936
3.006e-06,19.597989888,21.02110535936
3.007e-06,19.597989888,21.02110535936
3.0080000000000003e-06,19.597989888,21.02110535936
3.0090000000000003e-06,19.195979776,21.02110535936
3.01e-06,19.195979776,21.02110535936
3.011e-06,19.195979776,21.02110535936
3.012e-06,19.195979776,21.02110535936
3.013e-06,19.195979776,21.02110535936
3.0140000000000003e-06,18.793969664,21.02110535936
3.0150000000000004e-06,18.793969664,21.02110535936
3.016e-06,18.793969664,21.02110535936
3.017e-06,18.793969664,21.02110535936
3.018e-06,18.793969664,21.02110535936
3.0190000000000002e-06,18.793969664,21.02110535936
3.0200000000000003e-06,18.391959552,21.02110535936
3.0210000000000004e-06,18.391959552,21.02110535936
3.022e-06,18.391959552,21.02110535936
3.023e-06,18.391959552,21.02110535936
3.024e-06,17.98994944,21.02110535936
3.0250000000000003e-06,17.98994944,21.02110535936
3.0260000000000003e-06,17.98994944,21.02110535936
3.027e-06,17.98994944,21.02110535936
3.028e-06,17.98994944,21.02110535936
3.029e-06,17.587939328,21.02110535936
3.0300000000000002e-06,17.587939328,21.02110535936
3.0310000000000003e-06,17.587939328,21.02110535936
3.0320000000000004e-06,17.185929216,21.02110535936
3.033e-06,17.185929216,21.02110535936
3.034e-06,17.185929216,21.02110535936
3.035e-06,16.783919104,21.02110535936
3.0360000000000002e-06,16.783919104,21.02110535936
3.0370000000000003e-06,16.381908992,21.02110535936
3.0380000000000004e-06,16.381908992,21.02110535936
3.039e-06,16.381908992,21.02110535936
3.04e-06,16.381908992,21.02110535936
3.041e-06,16.381908992,21.02110535936
3.0420000000000003e-06,16.381908992,21.02110535936
3.0430000000000003e-06,16.381908992,21.02110535936
3.044e-06,16.381908992,21.02110535936
3.045e-06,16.381908992,21.02110535936
3.046e-06,16.381908992,21.02110535936
3.0470000000000002e-06,15.97989888,21.02110535936
3.0480000000000003e-06,15.97989888,21.02110535936
3.0490000000000004e-06,15.97989888,21.02110535936
3.05e-06,15.577888768000001,21.02110535936
3.051e-06,15.577888768000001,21.02110535936
3.052e-06,15.577888768000001,21.02110535936
3.0530000000000002e-06,15.577888768000001,21.02110535936
3.0540000000000003e-06,15.577888768000001,21.02110535936
3.0550000000000004e-06,15.577888768000001,21.02110535936
3.056e-06,15.577888768000001,21.02110535936
3.057e-06,15.577888768000001,21.02110535936
3.058e-06,15.577888768000001,21.02110535936
3.0590000000000003e-06,15.577888768000001,21.02110535936
3.0600000000000003e-06,15.175878656,21.02110535936
3.061e-06,15.577888768000001,21.02110535936
3.062e-06,15.577888768000001,21.02110535936
3.063e-06,15.577888768000001,21.02110535936
3.0640000000000002e-06,15.577888768000001,21.02110535936
3.0650000000000003e-06,15.577888768000001,21.02110535936
3.0660000000000004e-06,15.577888768000001,21.02110535936
3.067e-06,15.577888768000001,21.02110535936
3.068e-06,15.577888768000001,21.02110535936
3.069e-06,15.577888768000001,21.02110535936
3.0700000000000003e-06,15.577888768000001,21.02110535936
3.0710000000000003e-06,15.175878656,21.02110535936
3.0720000000000004e-06,15.175878656,21.02110535936
3.073e-06,15.175878656,21.02110535936
3.074e-06,15.175878656,21.02110535936
3.075e-06,15.175878656,21.02110535936
3.0760000000000003e-06,15.175878656,21.02110535936
3.0770000000000004e-06,15.175878656,21.02110535936
3.078e-06,15.175878656,21.02110535936
3.079e-06,15.175878656,21.02110535936
3.08e-06,15.175878656,21.02110535936
3.0810000000000002e-06,15.175878656,21.02110535936
3.0820000000000003e-06,15.175878656,21.02110535936
3.0830000000000004e-06,15.175878656,21.02110535936
3.084e-06,15.175878656,21.02110535936
3.085e-06,15.175878656,21.02110535936
3.086e-06,15.175878656,21.02110535936
3.0870000000000003e-06,15.175878656,21.02110535936
3.0880000000000003e-06,15.577888768000001,21.02110535936
3.089e-06,15.577888768000001,21.02110535936
3.09e-06,15.577888768000001,21.02110535936
3.091e-06,15.175878656,21.02110535936
3.092e-06,15.577888768000001,21.02110535936
3.0930000000000003e-06,15.577888768000001,21.02110535936
3.0940000000000004e-06,15.577888768000001,21.02110535936
3.095e-06,15.577888768000001,21.02110535936
3.096e-06,15.97989888,21.02110535936
3.097e-06,15.97989888,21.02110535936
3.0980000000000002e-06,15.97989888,21.02110535936
3.0990000000000003e-06,16.381908992,21.02110535936
3.1000000000000004e-06,16.381908992,21.02110535936
3.101e-06,16.381908992,21.02110535936
3.102e-06,16.381908992,21.02110535936
3.103e-06,16.381908992,21.02110535936
3.1040000000000003e-06,16.381908992,21.02110535936
3.1050000000000003e-06,16.381908992,21.02110535936
3.106e-06,16.381908992,21.02110535936
3.107e-06,16.381908992,21.02110535936
3.108e-06,16.381908992,21.02110535936
3.1090000000000002e-06,16.783919104,21.02110535936
3.1100000000000003e-06,16.783919104,21.02110535936
3.1110000000000004e-06,16.783919104,21.02110535936
3.112e-06,16.783919104,21.02110535936
3.113e-06,16.783919104,21.02110535936
3.114e-06,17.185929216,21.02110535936
3.1150000000000002e-06,16.783919104,21.02110535936
3.1160000000000003e-06,16.783919104,21.02110535936
3.1170000000000004e-06,17.185929216,21.02110535936
3.118e-06,17.185929216,21.02110535936
3.119e-06,17.185929216,21.02110535936
3.12e-06,17.587939328,21.02110535936
3.1210000000000003e-06,17.587939328,21.02110535936
3.1220000000000003e-06,17.98994944,21.02110535936
3.123e-06,17.98994944,21.02110535936
3.124e-06,17.98994944,21.02110535936
3.125e-06,18.391959552,21.02110535936
3.1260000000000002e-06,18.391959552,21.02110535936
3.1270000000000003e-06,18.391959552,21.02110535936
3.1280000000000004e-06,18.391959552,21.02110535936
3.129e-06,18.391959552,21.02110535936
3.13e-06,18.793969664,21.02110535936
3.131e-06,18.793969664,21.02110535936
3.1320000000000003e-06,18.793969664,21.02110535936
3.1330000000000003e-06,18.793969664,21.02110535936
3.1340000000000004e-06,19.195979776,21.02110535936
3.135e-06,19.195979776,21.02110535936
3.136e-06,19.195979776,21.02110535936
3.137e-06,19.195979776,21.02110535936
3.1380000000000003e-06,19.597989888,21.02110535936
3.1390000000000004e-06,19.597989888,21.02110535936
3.14e-06,19.597989888,21.02110535936
3.141e-06,20.0,21.02110535936
3.142e-06,20.0,21.02110535936
3.1430000000000002e-06,20.0,21.02110535936
3.1440000000000003e-06,20.0,21.02110535936
3.1450000000000004e-06,20.0,21.02110535936
3.146e-06,20.402010112,21.02110535936
3.147e-06,20.402010112,21.02110535936
3.148e-06,20.402010112,21.02110535936
3.1490000000000003e-06,20.402010112,21.02110535936
3.1500000000000003e-06,20.804020224,21.02110535936
3.151e-06,20.804020224,21.02110535936
3.152e-06,21.206030336,21.02110535936
3.153e-06,21.206030336,21.02110535936
3.154e-06,21.206030336,21.02110535936
3.1550000000000003e-06,21.206030336,21.02110535936
3.1560000000000004e-06,21.608040448,21.02110535936
3.157e-06,21.608040448,21.02110535936
3.158e-06,21.608040448,21.02110535936
3.159e-06,21.608040448,21.02110535936
3.1600000000000002e-06,21.608040448,21.02110535936
3.1610000000000003e-06,21.608040448,21.02110535936
3.1620000000000004e-06,21.608040448,21.02110535936
3.163e-06,21.608040448,21.02110535936
3.164e-06,21.608040448,21.02110535936
3.165e-06,22.01005056,21.02110535936
3.1660000000000003e-06,22.01005056,21.02110535936
3.1670000000000003e-06,22.01005056,21.02110535936
3.168e-06,22.01005056,21.02110535936
3.169e-06,22.412060672,21.02110535936
3.17e-06,22.412060672,21.02110535936
3.1710000000000002e-06,22.412060672,21.02110535936
3.1720000000000003e-06,22.412060672,21.02110535936
3.1730000000000004e-06,22.814070784,21.02110535936
3.174e-06,22.814070784,21.02110535936
3.175e-06,22.814070784,21.02110535936
3.176e-06,22.814070784,21.02110535936
3.1770000000000002e-06,22.814070784,21.02110535936
3.1780000000000003e-06,23.216080896,21.02110535936
3.1790000000000004e-06,23.216080896,21.02110535936
3.18e-06,23.216080896,21.02110535936
3.181e-06,23.216080896,21.02110535936
3.182e-06,23.216080896,21.02110535936
3.1830000000000003e-06,23.618091008,21.02110535936
3.1840000000000003e-06,23.216080896,21.02110535936
3.185e-06,23.618091008,21.02110535936
3.186e-06,23.618091008,21.02110535936
3.187e-06,23.618091008,21.02110535936
3.1880000000000002e-06,23.618091008,21.02110535936
3.1890000000000003e-06,23.618091008,21.02110535936
3.1900000000000004e-06,23.618091008,21.02110535936
3.191e-06,24.02010112,21.02110535936
3.192e-06,24.02010112,21.02110535936
3.193e-06,24.02010112,21.02110535936
3.1940000000000003e-06,24.02010112,21.02110535936
3.1950000000000003e-06,24.02010112,21.02110535936
3.1960000000000004e-06,24.02010112,21.02110535936
3.197e-06,24.02010112,21.02110535936
3.198e-06,24.02010112,21.02110535936
3.199e-06,24.02010112,21.02110535936
3.2000000000000003e-06,24.02010112,21.02110535936
3.2010000000000004e-06,24.02010112,21.02110535936
3.202e-06,24.422111232,21.02110535936
3.203e-06,24.422111232,21.02110535936
3.204e-06,24.422111232,21.02110535936
3.2050000000000002e-06,24.422111232,21.02110535936
3.2060000000000003e-06,24.422111232,21.02110535936
3.2070000000000004e-06,24.422111232,21.02110535936
3.208e-06,24.422111232,21.02110535936
3.209e-06,24.422111232,21.02110535936
3.21e-06,24.824121343999998,21.02110535936
3.2110000000000003e-06,24.824121343999998,21.02110535936
3.2120000000000003e-06,24.824121343999998,21.02110535936
3.2130000000000004e-06,24.824121343999998,21.02110535936
3.214e-06,24.824121343999998,21.02110535936
3.215e-06,25.226131456,21.02110535936
3.216e-06,25.226131456,21.02110535936
3.2170000000000003e-06,25.226131456,21.02110535936
3.2180000000000004e-06,25.226131456,21.02110535936
3.219e-06,25.226131456,21.02110535936
3.22e-06,25.226131456,21.02110535936
3.221e-06,25.226131456,21.02110535936
3.2220000000000002e-06,25.226131456,21.02110535936
3.2230000000000003e-06,24.824121343999998,21.02110535936
3.2240000000000004e-06,24.824121343999998,21.02110535936
3.225e-06,24.824121343999998,21.02110535936
3.226e-06,24.824121343999998,21.02110535936
3.227e-06,24.824121343999998,21.02110535936
3.2280000000000003e-06,24.824121343999998,21.02110535936
3.2290000000000003e-06,24.824121343999998,21.02110535936
3.23e-06,24.824121343999998,21.02110535936
3.231e-06,24.824121343999998,21.02110535936
3.232e-06,24.824121343999998,21.02110535936
3.2330000000000002e-06,24.824121343999998,21.02110535936
3.2340000000000003e-06,24.824121343999998,21.02110535936
3.2350000000000004e-06,24.824121343999998,21.02110535936
3.236e-06,24.824121343999998,21.02110535936
3.237e-06,24.824121343999998,21.02110535936
3.238e-06,25.226131456,21.02110535936
3.2390000000000002e-06,25.226131456,21.02110535936
3.2400000000000003e-06,25.226131456,21.02110535936
3.2410000000000004e-06,25.226131456,21.02110535936
3.242e-06,25.226131456,21.02110535936
3.243e-06,25.226131456,21.02110535936
3.244e-06,25.226131456,21.02110535936
3.2450000000000003e-06,25.226131456,21.02110535936
3.2460000000000003e-06,25.226131456,21.02110535936
3.247e-06,25.226131456,21.02110535936
3.248e-06,25.226131456,21.02110535936
3.249e-06,25.226131456,21.02110535936
3.2500000000000002e-06,25.226131456,21.02110535936
3.2510000000000003e-06,25.226131456,21.02110535936
3.2520000000000004e-06,25.226131456,21.02110535936
3.253e-06,24.824121343999998,21.02110535936
3.254e-06,24.824121343999998,21.02110535936
3.255e-06,24.824121343999998,21.02110535936
3.2560000000000003e-06,24.824121343999998,21.02110535936
3.2570000000000003e-06,24.824121343999998,21.02110535936
3.2580000000000004e-06,24.824121343999998,21.02110535936
3.259e-06,24.824121343999998,21.02110535936
3.26e-06,24.824121343999998,21.02110535936
3.261e-06,24.824121343999998,21.02110535936
3.2620000000000003e-06,24.824121343999998,21.02110535936
3.2630000000000004e-06,24.824121343999998,21.02110535936
3.264e-06,24.824121343999998,21.02110535936
3.265e-06,24.824121343999998,21.02110535936
3.266e-06,25.226131456,21.02110535936
3.2670000000000002e-06,24.824121343999998,21.02110535936
3.2680000000000003e-06,24.824121343999998,21.02110535936
3.2690000000000004e-06,24.824121343999998,21.02110535936
3.27e-06,24.824121343999998,21.02110535936
3.271e-06,24.824121343999998,21.02110535936
3.272e-06,24.824121343999998,21.02110535936
3.2730000000000003e-06,24.824121343999998,21.02110535936
3.2740000000000003e-06,24.824121343999998,21.02110535936
3.2750000000000004e-06,24.824121343999998,21.02110535936
3.276e-06,24.824121343999998,21.02110535936
3.277e-06,24.824121343999998,21.02110535936
3.278e-06,24.422111232,21.02110535936
3.2790000000000003e-06,24.824121343999998,21.02110535936
3.2800000000000004e-06,24.824121343999998,21.02110535936
3.281e-06,24.824121343999998,21.02110535936
3.282e-06,24.824121343999998,21.02110535936
3.283e-06,24.824121343999998,21.02110535936
3.2840000000000002e-06,24.422111232,21.02110535936
3.2850000000000003e-06,24.422111232,21.02110535936
3.2860000000000004e-06,24.422111232,21.02110535936
3.287e-06,24.422111232,21.02110535936
3.288e-06,24.422111232,21.02110535936
3.289e-06,24.422111232,21.02110535936
3.2900000000000003e-06,24.422111232,21.02110535936
3.2910000000000003e-06,24.422111232,21.02110535936
3.2920000000000004e-06,24.02010112,21.02110535936
3.293e-06,24.02010112,21.02110535936
3.294e-06,24.02010112,21.02110535936
3.2950000000000002e-06,24.02010112,21.02110535936
3.2960000000000003e-06,24.02010112,21.02110535936
3.2970000000000004e-06,24.02010112,21.02110535936
3.298e-06,24.02010112,21.02110535936
3.299e-06,24.02010112,21.02110535936
3.3e-06,24.02010112,21.02110535936
3.3010000000000002e-06,24.02010112,21.02110535936
3.3020000000000003e-06,24.02010112,21.02110535936
3.3030000000000004e-06,24.02010112,21.02110535936
3.304e-06,23.618091008,21.02110535936
3.305e-06,23.618091008,21.02110535936
3.306e-06,23.618091008,21.02110535936
3.3070000000000003e-06,23.618091008,21.02110535936
3.3080000000000003e-06,23.216080896,21.02110535936
3.309e-06,23.216080896,21.02110535936
3.31e-06,23.216080896,21.02110535936
3.311e-06,23.216080896,21.02110535936
3.3120000000000002e-06,22.814070784,21.02110535936
3.3130000000000003e-06,22.814070784,21.02110535936
3.3140000000000004e-06,22.814070784,21.02110535936
3.315e-06,22.814070784,21.02110535936
3.316e-06,22.814070784,21.02110535936
3.317e-06,22.814070784,21.02110535936
3.3180000000000003e-06,22.814070784,21.02110535936
3.3190000000000003e-06,22.814070784,21.02110535936
3.3200000000000004e-06,22.412060672,21.02110535936
3.321e-06,22.412060672,21.02110535936
3.322e-06,22.412060672,21.02110535936
3.323e-06,22.412060672,21.02110535936
3.3240000000000003e-06,22.01005056,21.02110535936
3.3250000000000004e-06,22.01005056,21.02110535936
3.326e-06,22.01005056,21.02110535936
3.327e-06,22.01005056,21.02110535936
3.328e-06,22.01005056,21.02110535936
3.3290000000000002e-06,21.608040448,21.02110535936
3.3300000000000003e-06,21.608040448,21.02110535936
3.3310000000000004e-06,21.608040448,21.02110535936
3.332e-06,21.608040448,21.02110535936
3.333e-06,21.206030336,21.02110535936
3.334e-06,21.206030336,21.02110535936
3.3350000000000003e-06,21.206030336,21.02110535936
3.3360000000000003e-06,21.206030336,21.02110535936
3.3370000000000004e-06,21.206030336,21.02110535936
3.338e-06,21.206030336,21.02110535936
3.339e-06,20.804020224,21.02110535936
3.34e-06,20.804020224,21.02110535936
3.3410000000000003e-06,20.804020224,21.02110535936
3.3420000000000004e-06,20.804020224,21.02110535936
3.343e-06,20.804020224,21.02110535936
3.344e-06,20.804020224,21.02110535936
3.345e-06,20.804020224,21.02110535936
3.3460000000000002e-06,20.804020224,21.02110535936
3.3470000000000003e-06,20.402010112,21.02110535936
3.3480000000000004e-06,20.402010112,21.02110535936
3.349e-06,20.402010112,21.02110535936
3.35e-06,20.0,21.02110535936
3.351e-06,20.0,21.02110535936
3.3520000000000003e-06,20.0,21.02110535936
3.3530000000000003e-06,20.0,21.02110535936
3.3540000000000004e-06,20.0,21.02110535936
3.355e-06,20.0,21.02110535936
3.356e-06,20.0,21.02110535936
3.3570000000000002e-06,19.597989888,21.02110535936
3.3580000000000003e-06,19.597989888,21.02110535936
3.3590000000000004e-06,19.597989888,21.02110535936
3.36e-06,19.597989888,21.02110535936
3.361e-06,19.195979776,21.02110535936
3.362e-06,19.195979776,21.02110535936
3.3630000000000002e-06,19.195979776,21.02110535936
3.3640000000000003e-06,19.195979776,21.02110535936
3.3650000000000004e-06,18.793969664,21.02110535936
3.366e-06,18.793969664,21.02110535936
3.367e-06,18.793969664,21.02110535936
3.368e-06,18.793969664,21.02110535936
3.3690000000000003e-06,18.793969664,21.02110535936
3.3700000000000003e-06,18.793969664,21.02110535936
3.3710000000000004e-06,18.793969664,21.02110535936
3.372e-06,18.391959552,21.02110535936
3.373e-06,18.391959552,21.02110535936
3.3740000000000002e-06,18.391959552,21.02110535936
3.3750000000000003e-06,18.391959552,21.02110535936
3.3760000000000004e-06,18.391959552,21.02110535936
3.377e-06,18.391959552,21.02110535936
3.378e-06,18.391959552,21.02110535936
3.379e-06,17.98994944,21.02110535936
3.3800000000000002e-06,17.98994944,21.02110535936
3.3810000000000003e-06,17.98994944,21.02110535936
3.3820000000000004e-06,17.98994944,21.02110535936
3.383e-06,17.98994944,21.02110535936
3.384e-06,17.98994944,21.02110535936
3.385e-06,17.98994944,21.02110535936
3.3860000000000003e-06,17.587939328,21.02110535936
3.3870000000000004e-06,17.587939328,21.02110535936
3.388e-06,17.587939328,21.02110535936
3.389e-06,17.587939328,21.02110535936
3.39e-06,17.587939328,21.02110535936
3.3910000000000002e-06,17.587939328,21.02110535936
3.3920000000000003e-06,17.587939328,21.02110535936
3.3930000000000004e-06,17.587939328,21.02110535936
3.394e-06,17.587939328,21.02110535936
3.395e-06,17.587939328,21.02110535936
3.396e-06,17.587939328,21.02110535936
3.3970000000000003e-06,17.185929216,21.02110535936
3.3980000000000003e-06,17.185929216,21.02110535936
3.3990000000000004e-06,17.185929216,21.02110535936
3.4e-06,17.185929216,21.02110535936
3.401e-06,17.185929216,21.02110535936
3.402e-06,17.185929216,21.02110535936
3.4030000000000003e-06,17.185929216,21.02110535936
3.4040000000000004e-06,17.185929216,21.02110535936
3.405e-06,17.185929216,21.02110535936
3.406e-06,17.185929216,21.02110535936
3.407e-06,17.185929216,21.02110535936
3.4080000000000002e-06,17.185929216,21.02110535936
3.4090000000000003e-06,17.185929216,21.02110535936
3.4100000000000004e-06,17.185929216,21.02110535936
3.411e-06,17.185929216,21.02110535936
3.412e-06,16.783919104,21.02110535936
3.413e-06,16.783919104,21.02110535936
3.4140000000000003e-06,16.783919104,21.02110535936
3.4150000000000003e-06,17.185929216,21.02110535936
3.4160000000000004e-06,17.185929216,21.02110535936
3.417e-06,17.185929216,21.02110535936
3.418e-06,17.185929216,21.02110535936
3.4190000000000002e-06,17.185929216,21.02110535936
3.4200000000000003e-06,17.185929216,21.02110535936
3.4210000000000004e-06,17.185929216,21.02110535936
3.422e-06,17.185929216,21.02110535936
3.423e-06,17.185929216,21.02110535936
3.424e-06,17.185929216,21.02110535936
3.4250000000000002e-06,17.587939328,21.02110535936
3.4260000000000003e-06,17.587939328,21.02110535936
3.4270000000000004e-06,17.587939328,21.02110535936
3.428e-06,17.587939328,21.02110535936
3.429e-06,17.587939328,21.02110535936
3.43e-06,17.98994944,21.02110535936
3.4310000000000003e-06,17.98994944,21.02110535936
3.4320000000000003e-06,17.98994944,21.02110535936
3.4330000000000004e-06,17.98994944,21.02110535936
3.434e-06,17.98994944,21.02110535936
3.435e-06,17.98994944,21.02110535936
3.4360000000000002e-06,17.98994944,21.02110535936
3.4370000000000003e-06,17.98994944,21.02110535936
3.4380000000000004e-06,17.587939328,21.02110535936
3.439e-06,17.587939328,21.02110535936
3.44e-06,17.587939328,21.02110535936
3.441e-06,17.98994944,21.02110535936
3.4420000000000002e-06,17.98994944,21.02110535936
3.4430000000000003e-06,17.98994944,21.02110535936
3.4440000000000004e-06,18.391959552,21.02110535936
3.445e-06,18.391959552,21.02110535936
3.446e-06,18.391959552,21.02110535936
3.447e-06,18.391959552,21.02110535936
3.4480000000000003e-06,18.391959552,21.02110535936
3.4490000000000004e-06,18.391959552,21.02110535936
3.4500000000000004e-06,18.391959552,21.02110535936
3.451e-06,18.391959552,21.02110535936
3.452e-06,18.391959552,21.02110535936
3.4530000000000002e-06,18.391959552,21.02110535936
3.4540000000000003e-06,18.391959552,21.02110535936
3.4550000000000004e-06,18.793969664,21.02110535936
3.456e-06,18.793969664,21.02110535936
3.457e-06,18.793969664,21.02110535936
3.458e-06,18.793969664,21.02110535936
3.4590000000000003e-06,18.793969664,21.02110535936
3.4600000000000003e-06,19.195979776,21.02110535936
3.4610000000000004e-06,19.195979776,21.02110535936
3.462e-06,19.195979776,21.02110535936
3.463e-06,19.195979776,21.02110535936
3.464e-06,19.195979776,21.02110535936
3.4650000000000003e-06,19.195979776,21.02110535936
3.4660000000000004e-06,19.195979776,21.02110535936
3.467e-06,19.195979776,21.02110535936
3.468e-06,19.195979776,21.02110535936
3.469e-06,19.597989888,21.02110535936
3.4700000000000002e-06,19.597989888,21.02110535936
3.4710000000000003e-06,19.597989888,21.02110535936
3.4720000000000004e-06,20.0,21.02110535936
3.473e-06,20.0,21.02110535936
3.474e-06,20.402010112,21.02110535936
3.475e-06,20.402010112,21.02110535936
3.4760000000000003e-06,20.402010112,21.02110535936
3.4770000000000003e-06,20.402010112,21.02110535936
3.4780000000000004e-06,20.402010112,21.02110535936
3.479e-06,20.402010112,21.02110535936
3.48e-06,20.804020224,21.02110535936
3.4810000000000002e-06,20.804020224,21.02110535936
3.4820000000000003e-06,21.206030336,21.02110535936
3.4830000000000004e-06,21.206030336,21.02110535936
3.484e-06,21.206030336,21.02110535936
3.485e-06,21.206030336,21.02110535936
3.486e-06,21.206030336,21.02110535936
3.4870000000000002e-06,21.206030336,21.02110535936
3.4880000000000003e-06,21.206030336,21.02110535936
3.4890000000000004e-06,21.206030336,21.02110535936
3.49e-06,21.206030336,21.02110535936
3.491e-06,21.206030336,21.02110535936
3.492e-06,21.206030336,21.02110535936
3.4930000000000003e-06,21.608040448,21.02110535936
3.4940000000000003e-06,21.608040448,21.02110535936
3.4950000000000004e-06,22.01005056,21.02110535936
3.496e-06,22.01005056,21.02110535936
3.497e-06,22.01005056,21.02110535936
3.4980000000000002e-06,22.01005056,21.02110535936
3.4990000000000003e-06,22.01005056,21.02110535936
3.5000000000000004e-06,22.01005056,21.02110535936
3.501e-06,22.01005056,21.02110535936
3.502e-06,22.01005056,21.02110535936
3.503e-06,22.412060672,21.02110535936
3.5040000000000002e-06,22.412060672,21.02110535936
3.5050000000000003e-06,22.412060672,21.02110535936
3.5060000000000004e-06,22.412060672,21.02110535936
3.507e-06,22.412060672,21.02110535936
3.508e-06,22.412060672,21.02110535936
3.509e-06,22.412060672,21.02110535936
3.5100000000000003e-06,22.412060672,21.02110535936
3.5110000000000004e-06,22.814070784,21.02110535936
3.5120000000000004e-06,22.814070784,21.02110535936
3.513e-06,22.814070784,21.02110535936
3.514e-06,22.814070784,21.02110535936
3.5150000000000002e-06,22.814070784,21.02110535936
3.5160000000000003e-06,23.216080896,21.02110535936
3.5170000000000004e-06,23.216080896,21.02110535936
3.518e-06,23.216080896,21.02110535936
3.519e-06,23.216080896,21.02110535936
3.52e-06,23.216080896,21.02110535936
3.5210000000000003e-06,23.216080896,21.02110535936
3.5220000000000003e-06,23.618091008,21.02110535936
3.5230000000000004e-06,23.618091008,21.02110535936
3.524e-06,23.618091008,21.02110535936
3.525e-06,23.618091008,21.02110535936
3.526e-06,23.618091008,21.02110535936
3.5270000000000003e-06,23.618091008,21.02110535936
3.5280000000000004e-06,23.618091008,21.02110535936
3.529e-06,24.02010112,21.02110535936
3.53e-06,24.02010112,21.02110535936
3.531e-06,24.02010112,21.02110535936
3.5320000000000002e-06,24.02010112,21.02110535936
3.5330000000000003e-06,24.02010112,21.02110535936
3.5340000000000004e-06,24.02010112,21.02110535936
3.535e-06,24.02010112,21.02110535936
3.536e-06,24.02010112,21.02110535936
3.537e-06,24.02010112,21.02110535936
3.5380000000000003e-06,24.02010112,21.02110535936
3.5390000000000003e-06,24.02010112,21.02110535936
3.5400000000000004e-06,24.02010112,21.02110535936
3.541e-06,24.02010112,21.02110535936
3.542e-06,24.02010112,21.02110535936
3.5430000000000002e-06,24.02010112,21.02110535936
3.5440000000000003e-06,24.02010112,21.02110535936
3.5450000000000004e-06,24.02010112,21.02110535936
3.546e-06,24.02010112,21.02110535936
3.547e-06,24.02010112,21.02110535936
3.548e-06,24.02010112,21.02110535936
3.5490000000000002e-06,24.422111232,21.02110535936
3.5500000000000003e-06,24.422111232,21.02110535936
3.5510000000000004e-06,24.422111232,21.02110535936
3.552e-06,24.422111232,21.02110535936
3.553e-06,24.422111232,21.02110535936
3.554e-06,24.422111232,21.02110535936
3.5550000000000003e-06,24.422111232,21.02110535936
3.5560000000000003e-06,24.422111232,21.02110535936
3.5570000000000004e-06,24.422111232,21.02110535936
3.558e-06,24.422111232,21.02110535936
3.559e-06,24.422111232,21.02110535936
3.5600000000000002e-06,24.422111232,21.02110535936
3.5610000000000003e-06,24.422111232,21.02110535936
3.5620000000000004e-06,24.422111232,21.02110535936
3.563e-06,24.422111232,21.02110535936
3.564e-06,24.422111232,21.02110535936
3.565e-06,24.422111232,21.02110535936
3.5660000000000002e-06,24.824121343999998,21.02110535936
3.5670000000000003e-06,24.824121343999998,21.02110535936
3.5680000000000004e-06,24.824121343999998,21.02110535936
3.569e-06,24.824121343999998,21.02110535936
3.57e-06,25.226131456,21.02110535936
3.571e-06,25.226131456,21.02110535936
3.5720000000000003e-06,25.226131456,21.02110535936
3.5730000000000003e-06,24.824121343999998,21.02110535936
3.5740000000000004e-06,24.824121343999998,21.02110535936
3.575e-06,24.824121343999998,21.02110535936
3.576e-06,24.824121343999998,21.02110535936
3.5770000000000002e-06,24.422111232,21.02110535936
3.5780000000000003e-06,24.422111232,21.02110535936
3.5790000000000004e-06,24.422111232,21.02110535936
3.58e-06,24.422111232,21.02110535936
3.581e-06,24.422111232,21.02110535936
3.582e-06,24.422111232,21.02110535936
3.5830000000000003e-06,24.824121343999998,21.02110535936
3.5840000000000003e-06,24.824121343999998,21.02110535936
3.5850000000000004e-06,24.824121343999998,21.02110535936
3.586e-06,24.824121343999998,21.02110535936
3.587e-06,24.824121343999998,21.02110535936
3.588e-06,24.824121343999998,21.02110535936
3.5890000000000003e-06,24.824121343999998,21.02110535936
3.5900000000000004e-06,24.824121343999998,21.02110535936
3.5910000000000004e-06,24.824121343999998,21.02110535936
3.592e-06,24.824121343999998,21.02110535936
3.593e-06,24.824121343999998,21.02110535936
3.5940000000000002e-06,24.824121343999998,21.02110535936
3.5950000000000003e-06,24.824121343999998,21.02110535936
3.5960000000000004e-06,24.824121343999998,21.02110535936
3.597e-06,24.824121343999998,21.02110535936
3.598e-06,24.824121343999998,21.02110535936
3.599e-06,24.824121343999998,21.02110535936
3.6000000000000003e-06,24.824121343999998,21.02110535936
3.6010000000000003e-06,24.824121343999998,21.02110535936
3.6020000000000004e-06,24.824121343999998,21.02110535936
3.603e-06,24.824121343999998,21.02110535936
3.604e-06,24.422111232,21.02110535936
3.6050000000000002e-06,24.422111232,21.02110535936
3.6060000000000003e-06,24.422111232,21.02110535936
3.6070000000000004e-06,24.422111232,21.02110535936
3.608e-06,24.422111232,21.02110535936
3.609e-06,24.422111232,21.02110535936
3.61e-06,24.422111232,21.02110535936
3.6110000000000002e-06,24.422111232,21.02110535936
3.6120000000000003e-06,24.422111232,21.02110535936
3.6130000000000004e-06,24.422111232,21.02110535936
3.614e-06,24.422111232,21.02110535936
3.615e-06,24.422111232,21.02110535936
3.616e-06,24.422111232,21.02110535936
3.6170000000000003e-06,24.422111232,21.02110535936
3.6180000000000003e-06,24.422111232,21.02110535936
3.6190000000000004e-06,24.422111232,21.02110535936
3.62e-06,24.422111232,21.02110535936
3.621e-06,24.422111232,21.02110535936
3.6220000000000002e-06,24.02010112,21.02110535936
3.6230000000000003e-06,24.02010112,21.02110535936
3.6240000000000004e-06,24.02010112,21.02110535936
3.625e-06,24.02010112,21.02110535936
3.626e-06,24.02010112,21.02110535936
3.627e-06,23.618091008,21.02110535936
3.6280000000000002e-06,23.618091008,21.02110535936
3.6290000000000003e-06,23.618091008,21.02110535936
3.6300000000000004e-06,23.618091008,21.02110535936
3.631e-06,23.618091008,21.02110535936
3.632e-06,23.618091008,21.02110535936
3.633e-06,23.618091008,21.02110535936
3.6340000000000003e-06,23.618091008,21.02110535936
3.6350000000000003e-06,23.618091008,21.02110535936
3.6360000000000004e-06,23.618091008,21.02110535936
3.637e-06,23.618091008,21.02110535936
3.638e-06,23.618091008,21.02110535936
3.6390000000000002e-06,23.618091008,21.02110535936
3.6400000000000003e-06,23.618091008,21.02110535936
3.6410000000000004e-06,23.618091008,21.02110535936
3.642e-06,23.216080896,21.02110535936
3.643e-06,23.216080896,21.02110535936
3.644e-06,23.216080896,21.02110535936
3.6450000000000003e-06,23.216080896,21.02110535936
3.6460000000000003e-06,22.814070784,21.02110535936
3.6470000000000004e-06,22.814070784,21.02110535936
3.648e-06,23.216080896,21.02110535936
3.649e-06,23.216080896,21.02110535936
3.65e-06,23.216080896,21.02110535936
3.6510000000000003e-06,23.216080896,21.02110535936
3.6520000000000004e-06,23.216080896,21.02110535936
3.6530000000000004e-06,23.216080896,21.02110535936
3.654e-06,23.216080896,21.02110535936
3.655e-06,22.814070784,21.02110535936
3.6560000000000002e-06,22.814070784,21.02110535936
3.6570000000000003e-06,22.814070784,21.02110535936
3.6580000000000004e-06,22.814070784,21.02110535936
3.659e-06,22.412060672,21.02110535936
3.66e-06,22.412060672,21.02110535936
3.661e-06,22.412060672,21.02110535936
3.6620000000000003e-06,22.01005056,21.02110535936
3.6630000000000003e-06,22.01005056,21.02110535936
3.6640000000000004e-06,22.01005056,21.02110535936
3.665e-06,22.01005056,21.02110535936
3.666e-06,22.01005056,21.02110535936
3.6670000000000002e-06,22.01005056,21.02110535936
3.6680000000000003e-06,22.01005056,21.02110535936
3.6690000000000004e-06,21.608040448,21.02110535936
3.6700000000000004e-06,21.608040448,21.02110535936
3.671e-06,21.608040448,21.02110535936
3.672e-06,21.206030336,21.02110535936
3.6730000000000002e-06,21.206030336,21.02110535936
3.6740000000000003e-06,21.206030336,21.02110535936
3.6750000000000004e-06,21.206030336,21.02110535936
3.676e-06,21.206030336,21.02110535936
3.677e-06,21.206030336,21.02110535936
3.678e-06,21.206030336,21.02110535936
3.6790000000000003e-06,21.206030336,21.02110535936
3.6800000000000003e-06,20.804020224,21.02110535936
3.6810000000000004e-06,20.804020224,21.02110535936
3.682e-06,20.804020224,21.02110535936
3.683e-06,20.804020224,21.02110535936
3.6840000000000002e-06,20.804020224,21.02110535936
3.6850000000000003e-06,20.402010112,21.02110535936
3.6860000000000004e-06,20.402010112,21.02110535936
3.687e-06,20.402010112,21.02110535936
3.688e-06,20.402010112,21.02110535936
3.689e-06,20.402010112,21.02110535936
3.6900000000000002e-06,20.402010112,21.02110535936
3.6910000000000003e-06,20.402010112,21.02110535936
3.6920000000000004e-06,20.0,21.02110535936
3.693e-06,20.0,21.02110535936
3.694e-06,20.0,21.02110535936
3.695e-06,20.0,21.02110535936
3.6960000000000003e-06,20.0,21.02110535936
3.6970000000000003e-06,20.0,21.02110535936
3.6980000000000004e-06,20.0,21.02110535936
3.699e-06,20.0,21.02110535936
3.7e-06,19.597989888,21.02110535936
3.7010000000000002e-06,19.597989888,21.02110535936
3.7020000000000003e-06,19.597989888,21.02110535936
3.7030000000000004e-06,19.597989888,21.02110535936
3.704e-06,19.597989888,21.02110535936
3.705e-06,19.597989888,21.02110535936
3.706e-06,19.597989888,21.02110535936
3.7070000000000003e-06,19.597989888,21.02110535936
3.7080000000000003e-06,19.597989888,21.02110535936
3.7090000000000004e-06,19.597989888,21.02110535936
3.71e-06,19.597989888,21.02110535936
3.711e-06,19.195979776,21.02110535936
3.712e-06,19.195979776,21.02110535936
3.7130000000000003e-06,19.195979776,21.02110535936
3.7140000000000004e-06,19.195979776,21.02110535936
3.7150000000000004e-06,18.793969664,21.02110535936
3.716e-06,18.793969664,21.02110535936
3.717e-06,18.793969664,21.02110535936
3.7180000000000002e-06,18.391959552,21.02110535936
3.7190000000000003e-06,18.391959552,21.02110535936
3.7200000000000004e-06,18.391959552,21.02110535936
3.721e-06,18.391959552,21.02110535936
3.722e-06,18.391959552,21.02110535936
3.723e-06,18.391959552,21.02110535936
3.7240000000000003e-06,18.391959552,21.02110535936
3.7250000000000003e-06,18.391959552,21.02110535936
3.7260000000000004e-06,18.391959552,21.02110535936
3.727e-06,18.391959552,21.02110535936
3.728e-06,18.391959552,21.02110535936
3.729e-06,18.391959552,21.02110535936
3.7300000000000003e-06,18.391959552,21.02110535936
3.7310000000000004e-06,18.391959552,21.02110535936
3.7320000000000004e-06,18.391959552,21.02110535936
3.733e-06,18.391959552,21.02110535936
3.734e-06,18.391959552,21.02110535936
3.7350000000000002e-06,18.391959552,21.02110535936
3.7360000000000003e-06,18.391959552,21.02110535936
3.7370000000000004e-06,18.391959552,21.02110535936
3.738e-06,18.391959552,21.02110535936
3.739e-06,18.391959552,21.02110535936
3.74e-06,18.391959552,21.02110535936
3.7410000000000003e-06,18.391959552,21.02110535936
3.7420000000000003e-06,18.391959552,21.02110535936
3.7430000000000004e-06,18.391959552,21.02110535936
3.744e-06,17.98994944,21.02110535936
3.745e-06,17.98994944,21.02110535936
3.7460000000000002e-06,17.98994944,21.02110535936
3.7470000000000003e-06,17.98994944,21.02110535936
3.7480000000000004e-06,17.98994944,21.02110535936
3.7490000000000004e-06,18.391959552,21.02110535936
3.75e-06,18.391959552,21.02110535936
3.751e-06,18.391959552,21.02110535936
3.7520000000000002e-06,18.391959552,21.02110535936
3.7530000000000003e-06,18.391959552,21.02110535936
3.7540000000000004e-06,18.391959552,21.02110535936
3.755e-06,17.98994944,21.02110535936
3.756e-06,17.98994944,21.02110535936
3.757e-06,17.98994944,21.02110535936
3.7580000000000003e-06,17.98994944,21.02110535936
3.7590000000000003e-06,17.98994944,21.02110535936
3.7600000000000004e-06,17.98994944,21.02110535936
3.761e-06,17.98994944,21.02110535936
3.762e-06,17.98994944,21.02110535936
3.7630000000000002e-06,17.98994944,21.02110535936
3.7640000000000003e-06,18.391959552,21.02110535936
3.7650000000000004e-06,18.391959552,21.02110535936
3.766e-06,18.391959552,21.02110535936
3.767e-06,18.391959552,21.02110535936
3.768e-06,18.391959552,21.02110535936
3.7690000000000003e-06,18.391959552,21.02110535936
3.7700000000000003e-06,18.391959552,21.02110535936
3.7710000000000004e-06,17.98994944,21.02110535936
3.772e-06,17.98994944,21.02110535936
3.773e-06,17.98994944,21.02110535936
3.774e-06,17.98994944,21.02110535936
3.7750000000000003e-06,17.98994944,21.02110535936
3.7760000000000004e-06,17.98994944,21.02110535936
3.7770000000000004e-06,17.98994944,21.02110535936
3.778e-06,18.391959552,21.02110535936
3.779e-06,17.98994944,21.02110535936
3.7800000000000002e-06,17.98994944,21.02110535936
3.7810000000000003e-06,18.391959552,21.02110535936
3.7820000000000004e-06,18.391959552,21.02110535936
3.783e-06,18.391959552,21.02110535936
3.784e-06,18.793969664,21.02110535936
3.785e-06,18.793969664,21.02110535936
3.7860000000000003e-06,19.195979776,21.02110535936
3.7870000000000003e-06,19.195979776,21.02110535936
3.7880000000000004e-06,19.195979776,21.02110535936
3.789e-06,19.195979776,21.02110535936
3.79e-06,19.195979776,21.02110535936
3.791e-06,19.195979776,21.02110535936
3.7920000000000003e-06,19.195979776,21.02110535936
3.7930000000000004e-06,19.195979776,21.02110535936
3.7940000000000004e-06,19.195979776,21.02110535936
3.795e-06,19.195979776,21.02110535936
3.796e-06,19.597989888,21.02110535936
3.7970000000000002e-06,19.597989888,21.02110535936
3.7980000000000003e-06,19.597989888,21.02110535936
3.7990000000000004e-06,19.597989888,21.02110535936
3.8e-06,20.0,21.02110535936
3.801e-06,20.0,21.02110535936
3.802e-06,20.0,21.02110535936
3.8030000000000003e-06,20.0,21.02110535936
3.8040000000000003e-06,20.0,21.02110535936
3.8050000000000004e-06,19.597989888,21.02110535936
3.806e-06,20.0,21.02110535936
3.807e-06,20.0,21.02110535936
3.8080000000000002e-06,20.0,21.02110535936
3.8090000000000003e-06,20.402010112,21.02110535936
3.8100000000000004e-06,20.402010112,21.02110535936
3.8110000000000004e-06,20.402010112,21.02110535936
3.812e-06,20.402010112,21.02110535936
3.813e-06,20.804020224,21.02110535936
3.8140000000000002e-06,20.804020224,21.02110535936
3.815e-06,20.402010112,21.02110535936
3.816e-06,20.402010112,21.02110535936
3.817e-06,20.402010112,21.02110535936
3.8180000000000005e-06,20.402010112,21.02110535936
3.819e-06,20.402010112,21.02110535936
3.82e-06,20.402010112,21.02110535936
3.821e-06,20.804020224,21.02110535936
3.822e-06,20.804020224,21.02110535936
3.8230000000000005e-06,20.804020224,21.02110535936
3.824e-06,20.804020224,21.02110535936
3.825000000000001e-06,21.206030336,21.02110535936
3.826e-06,21.206030336,21.02110535936
3.827e-06,21.206030336,21.02110535936
3.8280000000000004e-06,21.206030336,21.02110535936
3.829e-06,21.206030336,21.02110535936
3.830000000000001e-06,21.206030336,21.02110535936
3.831e-06,21.206030336,21.02110535936
3.832e-06,21.206030336,21.02110535936
3.833e-06,21.206030336,21.02110535936
3.834e-06,21.608040448,21.02110535936
3.8350000000000006e-06,21.608040448,21.02110535936
3.836e-06,21.608040448,21.02110535936
3.837e-06,21.608040448,21.02110535936
3.838e-06,22.01005056,21.02110535936
3.839e-06,22.01005056,21.02110535936
3.8400000000000005e-06,22.01005056,21.02110535936
3.841e-06,22.01005056,21.02110535936
3.842000000000001e-06,22.01005056,21.02110535936
3.843e-06,22.01005056,21.02110535936
3.844e-06,22.01005056,21.02110535936
3.8450000000000005e-06,22.412060672,21.02110535936
3.846e-06,22.412060672,21.02110535936
3.847000000000001e-06,22.412060672,21.02110535936
3.848e-06,22.412060672,21.02110535936
3.849e-06,22.412060672,21.02110535936
3.85e-06,22.412060672,21.02110535936
3.851e-06,22.412060672,21.02110535936
3.8520000000000006e-06,22.412060672,21.02110535936
3.853e-06,22.412060672,21.02110535936
3.854e-06,22.412060672,21.02110535936
3.855e-06,22.412060672,21.02110535936
3.856e-06,22.412060672,21.02110535936
3.8570000000000005e-06,22.412060672,21.02110535936
3.858e-06,22.814070784,21.02110535936
3.859000000000001e-06,22.412060672,21.02110535936
3.86e-06,22.412060672,21.02110535936
3.861e-06,22.814070784,21.02110535936
3.8620000000000005e-06,22.814070784,21.02110535936
3.863e-06,22.814070784,21.02110535936
3.864000000000001e-06,22.814070784,21.02110535936
3.865e-06,22.814070784,21.02110535936
3.866e-06,23.216080896,21.02110535936
3.867e-06,23.216080896,21.02110535936
3.868e-06,23.216080896,21.02110535936
3.8690000000000006e-06,23.216080896,21.02110535936
3.87e-06,23.216080896,21.02110535936
3.871e-06,23.216080896,21.02110535936
3.872e-06,23.216080896,21.02110535936
3.873e-06,23.216080896,21.02110535936
3.8740000000000005e-06,23.216080896,21.02110535936
3.875e-06,23.216080896,21.02110535936
3.876e-06,23.216080896,21.02110535936
3.877e-06,23.216080896,21.02110535936
3.878e-06,23.216080896,21.02110535936
3.8790000000000005e-06,23.216080896,21.02110535936
3.88e-06,23.216080896,21.02110535936
3.881000000000001e-06,23.216080896,21.02110535936
3.882e-06,23.618091008,21.02110535936
3.883e-06,23.618091008,21.02110535936
3.884e-06,23.618091008,21.02110535936
3.885e-06,23.618091008,21.02110535936
3.8860000000000006e-06,23.618091008,21.02110535936
3.887e-06,24.02010112,21.02110535936
3.888e-06,24.02010112,21.02110535936
3.889e-06,24.02010112,21.02110535936
3.89e-06,24.02010112,21.02110535936
3.8910000000000005e-06,24.02010112,21.02110535936
3.892e-06,24.02010112,21.02110535936
3.893e-06,23.618091008,21.02110535936
3.894e-06,23.618091008,21.02110535936
3.895e-06,24.02010112,21.02110535936
3.8960000000000005e-06,24.02010112,21.02110535936
3.897e-06,24.02010112,21.02110535936
3.898000000000001e-06,24.02010112,21.02110535936
3.899e-06,24.02010112,21.02110535936
3.9e-06,24.02010112,21.02110535936
3.9010000000000004e-06,24.02010112,21.02110535936
3.902e-06,24.02010112,21.02110535936
3.903000000000001e-06,24.02010112,21.02110535936
3.904e-06,24.02010112,21.02110535936
3.905e-06,24.02010112,21.02110535936
3.906e-06,24.02010112,21.02110535936
3.907e-06,23.618091008,21.02110535936
3.9080000000000005e-06,23.618091008,21.02110535936
3.909e-06,23.618091008,21.02110535936
3.91e-06,23.618091008,21.02110535936
3.911e-06,23.618091008,21.02110535936
3.912e-06,23.618091008,21.02110535936
3.9130000000000005e-06,24.02010112,21.02110535936
3.914e-06,24.02010112,21.02110535936
3.915000000000001e-06,24.02010112,21.02110535936
3.916e-06,24.02010112,21.02110535936
3.917e-06,23.618091008,21.02110535936
3.9180000000000004e-06,24.02010112,21.02110535936
3.919e-06,24.02010112,21.02110535936
3.920000000000001e-06,24.02010112,21.02110535936
3.921e-06,24.02010112,21.02110535936
3.922e-06,24.02010112,21.02110535936
3.923e-06,24.422111232,21.02110535936
3.924e-06,24.422111232,21.02110535936
3.9250000000000005e-06,24.422111232,21.02110535936
3.926e-06,24.422111232,21.02110535936
3.927e-06,24.422111232,21.02110535936
3.928e-06,24.422111232,21.02110535936
3.929e-06,24.422111232,21.02110535936
3.9300000000000005e-06,24.02010112,21.02110535936
3.931e-06,24.02010112,21.02110535936
3.932000000000001e-06,24.02010112,21.02110535936
3.933e-06,23.618091008,21.02110535936
3.934e-06,23.618091008,21.02110535936
3.9350000000000004e-06,23.618091008,21.02110535936
3.936e-06,24.02010112,21.02110535936
3.937000000000001e-06,24.02010112,21.02110535936
3.938e-06,24.02010112,21.02110535936
3.939e-06,24.02010112,21.02110535936
3.94e-06,24.02010112,21.02110535936
3.941e-06,24.02010112,21.02110535936
3.9420000000000005e-06,24.02010112,21.02110535936
3.943e-06,23.618091008,21.02110535936
3.944e-06,23.618091008,21.02110535936
3.945e-06,23.618091008,21.02110535936
3.946e-06,23.618091008,21.02110535936
3.9470000000000005e-06,23.618091008,21.02110535936
3.948e-06,23.618091008,21.02110535936
3.949000000000001e-06,23.618091008,21.02110535936
3.95e-06,23.618091008,21.02110535936
3.951e-06,23.618091008,21.02110535936
3.9520000000000004e-06,23.618091008,21.02110535936
3.953e-06,23.618091008,21.02110535936
3.954000000000001e-06,23.618091008,21.02110535936
3.955e-06,23.618091008,21.02110535936
3.956e-06,23.216080896,21.02110535936
3.957e-06,23.216080896,21.02110535936
3.958e-06,23.216080896,21.02110535936
3.9590000000000006e-06,23.216080896,21.02110535936
3.96e-06,23.216080896,21.02110535936
3.961e-06,23.216080896,21.02110535936
3.962e-06,23.216080896,21.02110535936
3.963e-06,23.216080896,21.02110535936
3.9640000000000005e-06,23.216080896,21.02110535936
3.965e-06,23.216080896,21.02110535936
3.966000000000001e-06,23.216080896,21.02110535936
3.967e-06,23.216080896,21.02110535936
3.968e-06,23.216080896,21.02110535936
3.9690000000000005e-06,22.814070784,21.02110535936
3.97e-06,22.814070784,21.02110535936
3.971000000000001e-06,22.814070784,21.02110535936
3.972e-06,22.814070784,21.02110535936
3.973e-06,22.814070784,21.02110535936
3.974e-06,22.814070784,21.02110535936
3.975e-06,22.814070784,21.02110535936
3.9760000000000006e-06,22.814070784,21.02110535936
3.977e-06,22.814070784,21.02110535936
3.978e-06,22.814070784,21.02110535936
3.979e-06,22.814070784,21.02110535936
3.98e-06,22.814070784,21.02110535936
3.9810000000000005e-06,22.814070784,21.02110535936
3.982e-06,22.412060672,21.02110535936
3.983000000000001e-06,22.412060672,21.02110535936
3.984e-06,22.412060672,21.02110535936
3.985e-06,22.412060672,21.02110535936
3.9860000000000005e-06,22.412060672,21.02110535936
3.987e-06,22.412060672,21.02110535936
3.988000000000001e-06,22.412060672,21.02110535936
3.989e-06,22.01005056,21.02110535936
3.99e-06,22.01005056,21.02110535936
3.991e-06,22.01005056,21.02110535936
3.992e-06,22.01005056,21.02110535936
3.9930000000000006e-06,22.01005056,21.02110535936
3.994e-06,22.01005056,21.02110535936
3.995e-06,22.01005056,21.02110535936
3.996e-06,22.01005056,21.02110535936
3.997e-06,22.01005056,21.02110535936
3.9980000000000005e-06,21.608040448,21.02110535936
3.999e-06,21.608040448,21.02110535936
4.000000000000001e-06,21.608040448,21.02110535936
4.001e-06,21.608040448,21.02110535936
4.002e-06,21.608040448,21.02110535936
4.0030000000000005e-06,21.608040448,21.02110535936
4.004e-06,21.608040448,21.02110535936
4.005000000000001e-06,21.608040448,21.02110535936
4.006e-06,21.608040448,21.02110535936
4.007e-06,21.206030336,21.02110535936
4.008e-06,21.206030336,21.02110535936
4.009e-06,21.206030336,21.02110535936
4.0100000000000006e-06,20.804020224,21.02110535936
4.011e-06,20.804020224,21.02110535936
4.012e-06,20.804020224,21.02110535936
4.013e-06,20.804020224,21.02110535936
4.014e-06,20.804020224,21.02110535936
4.0150000000000005e-06,20.804020224,21.02110535936
4.016e-06,20.804020224,21.02110535936
4.017000000000001e-06,20.402010112,21.02110535936
4.018e-06,20.402010112,21.02110535936
4.019e-06,20.402010112,21.02110535936
4.0200000000000005e-06,20.402010112,21.02110535936
4.021e-06,20.0,21.02110535936
4.022000000000001e-06,20.0,21.02110535936
4.023e-06,20.402010112,21.02110535936
4.024e-06,20.402010112,21.02110535936
4.0250000000000004e-06,20.402010112,21.02110535936
4.026e-06,20.402010112,21.02110535936
4.027000000000001e-06,20.0,21.02110535936
4.028e-06,20.0,21.02110535936
4.029e-06,20.0,21.02110535936
4.03e-06,19.597989888,21.02110535936
4.031e-06,19.597989888,21.02110535936
4.0320000000000005e-06,19.597989888,21.02110535936
4.033e-06,19.597989888,21.02110535936
4.034e-06,19.597989888,21.02110535936
4.035e-06,19.597989888,21.02110535936
4.036e-06,19.597989888,21.02110535936
4.0370000000000005e-06,19.195979776,21.02110535936
4.038e-06,19.195979776,21.02110535936
4.039000000000001e-06,19.195979776,21.02110535936
4.04e-06,19.195979776,21.02110535936
4.041e-06,19.195979776,21.02110535936
4.0420000000000004e-06,19.195979776,21.02110535936
4.043e-06,19.195979776,21.02110535936
4.044000000000001e-06,19.195979776,21.02110535936
4.045e-06,19.195979776,21.02110535936
4.046e-06,18.793969664,21.02110535936
4.047e-06,18.793969664,21.02110535936
4.048e-06,18.793969664,21.02110535936
4.0490000000000005e-06,18.793969664,21.02110535936
4.05e-06,18.793969664,21.02110535936
4.051e-06,18.793969664,21.02110535936
4.052e-06,18.391959552,21.02110535936
4.053e-06,18.391959552,21.02110535936
4.0540000000000005e-06,18.391959552,21.02110535936
4.055e-06,18.391959552,21.02110535936
4.056000000000001e-06,18.391959552,21.02110535936
4.057e-06,18.391959552,21.02110535936
4.058e-06,18.391959552,21.02110535936
4.0590000000000004e-06,18.391959552,21.02110535936
4.06e-06,18.391959552,21.02110535936
4.061000000000001e-06,18.391959552,21.02110535936
4.062e-06,18.391959552,21.02110535936
4.063e-06,18.391959552,21.02110535936
4.064e-06,18.391959552,21.02110535936
4.065e-06,18.391959552,21.02110535936
4.0660000000000005e-06,18.391959552,21.02110535936
4.067e-06,18.391959552,21.02110535936
4.068e-06,18.391959552,21.02110535936
4.069e-06,18.391959552,21.02110535936
4.07e-06,18.391959552,21.02110535936
4.0710000000000005e-06,18.391959552,21.02110535936
4.072e-06,18.391959552,21.02110535936
4.073000000000001e-06,18.391959552,21.02110535936
4.074e-06,18.391959552,21.02110535936
4.075e-06,18.391959552,21.02110535936
4.0760000000000004e-06,17.98994944,21.02110535936
4.077e-06,17.98994944,21.02110535936
4.078000000000001e-06,17.98994944,21.02110535936
4.079e-06,17.98994944,21.02110535936
4.08e-06,17.98994944,21.02110535936
4.081e-06,17.98994944,21.02110535936
4.082e-06,17.98994944,21.02110535936
4.0830000000000005e-06,17.98994944,21.02110535936
4.084e-06,17.98994944,21.02110535936
4.085e-06,17.98994944,21.02110535936
4.086e-06,17.98994944,21.02110535936
4.087e-06,17.98994944,21.02110535936
4.0880000000000005e-06,17.587939328,21.02110535936
4.089e-06,17.587939328,21.02110535936
4.090000000000001e-06,17.587939328,21.02110535936
4.091e-06,17.587939328,21.02110535936
4.092e-06,17.587939328,21.02110535936
4.0930000000000005e-06,17.98994944,21.02110535936
4.094e-06,17.98994944,21.02110535936
4.095000000000001e-06,17.98994944,21.02110535936
4.096e-06,17.98994944,21.02110535936
4.097e-06,17.98994944,21.02110535936
4.098e-06,17.98994944,21.02110535936
4.099e-06,17.98994944,21.02110535936
4.1000000000000006e-06,17.98994944,21.02110535936
4.101e-06,17.98994944,21.02110535936
4.102e-06,17.98994944,21.02110535936
4.103e-06,17.98994944,21.02110535936
4.104e-06,17.98994944,21.02110535936
4.1050000000000005e-06,17.98994944,21.02110535936
4.106e-06,17.98994944,21.02110535936
4.107000000000001e-06,18.391959552,21.02110535936
4.108e-06,18.391959552,21.02110535936
4.109e-06,18.391959552,21.02110535936
4.1100000000000005e-06,18.391959552,21.02110535936
4.111e-06,18.391959552,21.02110535936
4.112000000000001e-06,18.391959552,21.02110535936
4.113e-06,18.391959552,21.02110535936
4.114e-06,18.391959552,21.02110535936
4.115e-06,18.391959552,21.02110535936
4.116e-06,18.391959552,21.02110535936
4.1170000000000006e-06,18.391959552,21.02110535936
4.118e-06,18.391959552,21.02110535936
4.119e-06,18.391959552,21.02110535936
4.12e-06,18.391959552,21.02110535936
4.121e-06,18.793969664,21.02110535936
4.1220000000000005e-06,18.793969664,21.02110535936
4.123e-06,18.793969664,21.02110535936
4.124000000000001e-06,18.793969664,21.02110535936
4.125e-06,18.793969664,21.02110535936
4.126e-06,18.793969664,21.02110535936
4.1270000000000005e-06,18.793969664,21.02110535936
4.128e-06,18.793969664,21.02110535936
4.129000000000001e-06,19.195979776,21.02110535936
4.13e-06,19.195979776,21.02110535936
4.131e-06,19.195979776,21.02110535936
4.132e-06,19.195979776,21.02110535936
4.133e-06,19.195979776,21.02110535936
4.1340000000000006e-06,19.195979776,21.02110535936
4.135e-06,19.195979776,21.02110535936
4.136e-06,19.195979776,21.02110535936
4.137e-06,19.195979776,21.02110535936
4.138e-06,19.597989888,21.02110535936
4.1390000000000005e-06,19.195979776,21.02110535936
4.14e-06,19.195979776,21.02110535936
4.141000000000001e-06,19.195979776,21.02110535936
4.142e-06,19.195979776,21.02110535936
4.143e-06,19.597989888,21.02110535936
4.1440000000000005e-06,19.597989888,21.02110535936
4.145e-06,19.597989888,21.02110535936
4.146000000000001e-06,19.597989888,21.02110535936
4.147e-06,20.0,21.02110535936
4.148e-06,20.0,21.02110535936
4.1490000000000004e-06,20.0,21.02110535936
4.15e-06,20.0,21.02110535936
4.1510000000000006e-06,20.0,21.02110535936
4.152e-06,20.0,21.02110535936
4.153e-06,20.402010112,21.02110535936
4.154e-06,20.402010112,21.02110535936
4.155e-06,20.402010112,21.02110535936
4.1560000000000005e-06,20.402010112,21.02110535936
4.157e-06,20.402010112,21.02110535936
4.158000000000001e-06,20.402010112,21.02110535936
4.159e-06,20.402010112,21.02110535936
4.16e-06,20.402010112,21.02110535936
4.1610000000000005e-06,20.402010112,21.02110535936
4.162e-06,20.402010112,21.02110535936
4.163000000000001e-06,20.402010112,21.02110535936
4.164e-06,20.804020224,21.02110535936
4.165e-06,20.804020224,21.02110535936
4.1660000000000004e-06,20.804020224,21.02110535936
4.167e-06,20.804020224,21.02110535936
4.168000000000001e-06,20.804020224,21.02110535936
4.169e-06,20.804020224,21.02110535936
4.17e-06,21.206030336,21.02110535936
4.171e-06,21.206030336,21.02110535936
4.172e-06,21.206030336,21.02110535936
4.1730000000000005e-06,21.206030336,21.02110535936
4.174e-06,21.206030336,21.02110535936
4.175e-06,21.206030336,21.02110535936
4.176e-06,21.206030336,21.02110535936
4.177e-06,21.206030336,21.02110535936
4.1780000000000005e-06,21.206030336,21.02110535936
4.179e-06,21.206030336,21.02110535936
4.180000000000001e-06,21.608040448,21.02110535936
4.181e-06,21.608040448,21.02110535936
4.182e-06,21.608040448,21.02110535936
4.1830000000000004e-06,21.608040448,21.02110535936
4.184e-06,21.608040448,21.02110535936
4.185000000000001e-06,21.608040448,21.02110535936
4.186e-06,22.01005056,21.02110535936
4.187e-06,21.608040448,21.02110535936
4.188e-06,21.608040448,21.02110535936
4.189e-06,21.608040448,21.02110535936
4.1900000000000005e-06,21.608040448,21.02110535936
4.191e-06,22.01005056,21.02110535936
4.192e-06,22.01005056,21.02110535936
4.193e-06,22.01005056,21.02110535936
4.194e-06,22.01005056,21.02110535936
4.1950000000000005e-06,22.01005056,21.02110535936
4.196e-06,22.01005056,21.02110535936
4.197000000000001e-06,21.608040448,21.02110535936
4.198e-06,21.608040448,21.02110535936
4.199e-06,21.608040448,21.02110535936
4.2000000000000004e-06,21.608040448,21.02110535936
4.201e-06,21.608040448,21.02110535936
4.202000000000001e-06,21.608040448,21.02110535936
4.203e-06,22.01005056,21.02110535936
4.204e-06,22.01005056,21.02110535936
4.205e-06,22.412060672,21.02110535936
4.206e-06,22.412060672,21.02110535936
4.2070000000000005e-06,22.814070784,21.02110535936
4.208e-06,22.814070784,21.02110535936
4.209e-06,22.814070784,21.02110535936
4.21e-06,22.814070784,21.02110535936
4.211e-06,22.814070784,21.02110535936
4.2120000000000005e-06,22.814070784,21.02110535936
4.213e-06,22.814070784,21.02110535936
4.214000000000001e-06,22.412060672,21.02110535936
4.215e-06,22.412060672,21.02110535936
4.216e-06,22.412060672,21.02110535936
4.2170000000000005e-06,22.412060672,21.02110535936
4.218e-06,22.412060672,21.02110535936
4.219000000000001e-06,22.412060672,21.02110535936
4.22e-06,22.412060672,21.02110535936
4.221e-06,22.412060672,21.02110535936
4.222e-06,22.412060672,21.02110535936
4.223e-06,22.814070784,21.02110535936
4.2240000000000006e-06,22.814070784,21.02110535936
4.225e-06,22.814070784,21.02110535936
4.226e-06,22.814070784,21.02110535936
4.227e-06,22.814070784,21.02110535936
4.228e-06,22.814070784,21.02110535936
4.2290000000000005e-06,22.814070784,21.02110535936
4.23e-06,22.814070784,21.02110535936
4.231000000000001e-06,22.814070784,21.02110535936
4.232e-06,22.814070784,21.02110535936
4.233e-06,22.814070784,21.02110535936
4.2340000000000005e-06,22.814070784,21.02110535936
4.235e-06,22.814070784,21.02110535936
4.236000000000001e-06,22.814070784,21.02110535936
4.237e-06,22.814070784,21.02110535936
4.238e-06,22.814070784,21.02110535936
4.239e-06,22.814070784,21.02110535936
4.24e-06,22.814070784,21.02110535936
4.2410000000000006e-06,22.814070784,21.02110535936
4.242e-06,22.814070784,21.02110535936
4.243e-06,22.814070784,21.02110535936
4.244e-06,22.814070784,21.02110535936
4.245e-06,22.412060672,21.02110535936
4.2460000000000005e-06,22.412060672,21.02110535936
4.247e-06,22.412060672,21.02110535936
4.248000000000001e-06,22.412060672,21.02110535936
4.249e-06,22.814070784,21.02110535936
4.25e-06,22.814070784,21.02110535936
4.2510000000000005e-06,22.814070784,21.02110535936
4.252e-06,22.814070784,21.02110535936
4.253000000000001e-06,22.814070784,21.02110535936
4.254e-06,22.814070784,21.02110535936
4.255e-06,22.814070784,21.02110535936
4.256e-06,22.814070784,21.02110535936
4.257e-06,22.814070784,21.02110535936
4.2580000000000006e-06,22.814070784,21.02110535936
4.259e-06,22.814070784,21.02110535936
4.26e-06,22.412060672,21.02110535936
4.261e-06,22.412060672,21.02110535936
4.262e-06,22.412060672,21.02110535936
4.2630000000000005e-06,22.412060672,21.02110535936
4.264e-06,22.412060672,21.02110535936
4.265000000000001e-06,22.412060672,21.02110535936
4.266e-06,22.412060672,21.02110535936
4.267e-06,22.412060672,21.02110535936
4.2680000000000005e-06,22.412060672,21.02110535936
4.269e-06,22.412060672,21.02110535936
4.270000000000001e-06,22.412060672,21.02110535936
4.271e-06,22.814070784,21.02110535936
4.272e-06,22.814070784,21.02110535936
4.2730000000000004e-06,22.814070784,21.02110535936
4.274e-06,22.814070784,21.02110535936
4.2750000000000006e-06,22.412060672,21.02110535936
4.276e-06,22.412060672,21.02110535936
4.277e-06,22.412060672,21.02110535936
4.278e-06,22.412060672,21.02110535936
4.279e-06,22.412060672,21.02110535936
4.2800000000000005e-06,22.412060672,21.02110535936
4.281e-06,22.412060672,21.02110535936
4.282000000000001e-06,22.412060672,21.02110535936
4.283e-06,22.412060672,21.02110535936
4.284e-06,22.412060672,21.02110535936
4.2850000000000005e-06,22.412060672,21.02110535936
4.286e-06,22.412060672,21.02110535936
4.287000000000001e-06,22.412060672,21.02110535936
4.288e-06,22.01005056,21.02110535936
4.289e-06,22.01005056,21.02110535936
4.2900000000000004e-06,22.01005056,21.02110535936
4.291e-06,21.608040448,21.02110535936
4.292000000000001e-06,21.608040448,21.02110535936
4.293e-06,21.608040448,21.02110535936
4.294e-06,21.608040448,21.02110535936
4.295e-06,21.608040448,21.02110535936
4.296e-06,21.608040448,21.02110535936
4.2970000000000005e-06,21.608040448,21.02110535936
4.298e-06,21.608040448,21.02110535936
4.299000000000001e-06,21.608040448,21.02110535936
4.3e-06,21.608040448,21.02110535936
4.301e-06,21.608040448,21.02110535936
4.3020000000000005e-06,21.608040448,21.02110535936
4.303e-06,21.608040448,21.02110535936
4.304000000000001e-06,21.608040448,21.02110535936
4.305e-06,21.608040448,21.02110535936
4.306e-06,21.608040448,21.02110535936
4.3070000000000004e-06,21.206030336,21.02110535936
4.308e-06,21.206030336,21.02110535936
4.309000000000001e-06,21.206030336,21.02110535936
4.31e-06,21.206030336,21.02110535936
4.311e-06,21.206030336,21.02110535936
4.312e-06,21.206030336,21.02110535936
4.313e-06,21.206030336,21.02110535936
4.3140000000000005e-06,21.206030336,21.02110535936
4.315e-06,21.206030336,21.02110535936
4.316000000000001e-06,21.206030336,21.02110535936
4.317e-06,21.206030336,21.02110535936
4.318e-06,20.804020224,21.02110535936
4.3190000000000005e-06,20.804020224,21.02110535936
4.32e-06,20.402010112,21.02110535936
4.321000000000001e-06,20.402010112,21.02110535936
4.322e-06,20.402010112,21.02110535936
4.323e-06,20.402010112,21.02110535936
4.3240000000000004e-06,20.402010112,21.02110535936
4.325e-06,20.402010112,21.02110535936
4.326000000000001e-06,20.0,21.02110535936
4.327e-06,20.0,21.02110535936
4.328e-06,20.0,21.02110535936
4.329e-06,20.402010112,21.02110535936
4.33e-06,20.0,21.02110535936
4.3310000000000005e-06,20.0,21.02110535936
4.332e-06,20.0,21.02110535936
4.333e-06,20.0,21.02110535936
4.334e-06,20.0,21.02110535936
4.335e-06,20.0,21.02110535936
4.3360000000000005e-06,20.0,21.02110535936
4.337e-06,20.0,21.02110535936
4.338000000000001e-06,20.0,21.02110535936
4.339e-06,19.597989888,21.02110535936
4.34e-06,19.597989888,21.02110535936
4.3410000000000005e-06,19.597989888,21.02110535936
4.342e-06,19.597989888,21.02110535936
4.343000000000001e-06,19.597989888,21.02110535936
4.344e-06,19.597989888,21.02110535936
4.345e-06,19.597989888,21.02110535936
4.346e-06,19.597989888,21.02110535936
4.347e-06,19.597989888,21.02110535936
4.3480000000000006e-06,19.597989888,21.02110535936
4.349e-06,19.597989888,21.02110535936
4.35e-06,19.195979776,21.02110535936
4.351e-06,19.195979776,21.02110535936
4.352e-06,19.195979776,21.02110535936
4.3530000000000005e-06,19.195979776,21.02110535936
4.354e-06,19.195979776,21.02110535936
4.355000000000001e-06,18.793969664,21.02110535936
4.356e-06,18.793969664,21.02110535936
4.357e-06,18.793969664,21.02110535936
4.3580000000000005e-06,18.793969664,21.02110535936
4.359e-06,18.793969664,21.02110535936
4.360000000000001e-06,18.793969664,21.02110535936
4.361e-06,18.793969664,21.02110535936
4.362e-06,18.793969664,21.02110535936
4.363e-06,18.391959552,21.02110535936
4.364e-06,18.391959552,21.02110535936
4.3650000000000006e-06,18.391959552,21.02110535936
4.366e-06,18.391959552,21.02110535936
4.367e-06,18.391959552,21.02110535936
4.368e-06,17.98994944,21.02110535936
4.369e-06,17.98994944,21.02110535936
4.3700000000000005e-06,17.98994944,21.02110535936
4.371e-06,17.98994944,21.02110535936
4.372000000000001e-06,17.98994944,21.02110535936
4.373e-06,17.98994944,21.02110535936
4.374e-06,17.587939328,21.02110535936
4.3750000000000005e-06,17.587939328,21.02110535936
4.376e-06,17.587939328,21.02110535936
4.377000000000001e-06,17.587939328,21.02110535936
4.378e-06,17.587939328,21.02110535936
4.379e-06,17.587939328,21.02110535936
4.38e-06,17.98994944,21.02110535936
4.381e-06,17.98994944,21.02110535936
4.3820000000000006e-06,17.98994944,21.02110535936
4.383e-06,17.98994944,21.02110535936
4.384e-06,17.98994944,21.02110535936
4.385e-06,17.587939328,21.02110535936
4.386e-06,17.587939328,21.02110535936
4.3870000000000005e-06,17.587939328,21.02110535936
4.388e-06,17.185929216,21.02110535936
4.389000000000001e-06,17.185929216,21.02110535936
4.39e-06,17.185929216,21.02110535936
4.391e-06,17.185929216,21.02110535936
4.3920000000000005e-06,17.185929216,21.02110535936
4.393e-06,17.185929216,21.02110535936
4.394000000000001e-06,17.185929216,21.02110535936
4.395e-06,17.185929216,21.02110535936
4.396e-06,17.185929216,21.02110535936
4.397e-06,17.185929216,21.02110535936
4.398e-06,17.185929216,21.02110535936
4.3990000000000006e-06,17.185929216,21.02110535936
4.4e-06,17.185929216,21.02110535936
4.401e-06,17.185929216,21.02110535936
4.402e-06,17.587939328,21.02110535936
4.403e-06,17.587939328,21.02110535936
4.4040000000000005e-06,17.185929216,21.02110535936
4.405e-06,17.185929216,21.02110535936
4.406000000000001e-06,17.185929216,21.02110535936
4.407e-06,17.185929216,21.02110535936
4.408e-06,17.185929216,21.02110535936
4.4090000000000005e-06,17.185929216,21.02110535936
4.41e-06,17.185929216,21.02110535936
4.411000000000001e-06,17.185929216,21.02110535936
4.412e-06,17.587939328,21.02110535936
4.413e-06,17.587939328,21.02110535936
4.4140000000000004e-06,17.185929216,21.02110535936
4.415e-06,17.185929216,21.02110535936
4.416000000000001e-06,17.185929216,21.02110535936
4.417e-06,17.185929216,21.02110535936
4.418e-06,17.185929216,21.02110535936
4.419e-06,17.185929216,21.02110535936
4.42e-06,17.185929216,21.02110535936
4.4210000000000005e-06,17.185929216,21.02110535936
4.422e-06,17.185929216,21.02110535936
4.423000000000001e-06,17.185929216,21.02110535936
4.424e-06,17.185929216,21.02110535936
4.425e-06,17.185929216,21.02110535936
4.4260000000000005e-06,17.587939328,21.02110535936
4.427e-06,17.185929216,21.02110535936
4.428000000000001e-06,17.587939328,21.02110535936
4.429e-06,17.587939328,21.02110535936
4.43e-06,17.185929216,21.02110535936
4.4310000000000004e-06,17.185929216,21.02110535936
4.432e-06,17.185929216,21.02110535936
4.433000000000001e-06,17.185929216,21.02110535936
4.434e-06,17.587939328,21.02110535936
4.435e-06,17.587939328,21.02110535936
4.436e-06,17.587939328,21.02110535936
4.437e-06,17.587939328,21.02110535936
4.4380000000000005e-06,17.587939328,21.02110535936
4.439e-06,17.587939328,21.02110535936
4.440000000000001e-06,17.587939328,21.02110535936
4.441e-06,17.587939328,21.02110535936
4.442e-06,17.587939328,21.02110535936
4.4430000000000005e-06,17.587939328,21.02110535936
4.444e-06,17.587939328,21.02110535936
4.445000000000001e-06,17.587939328,21.02110535936
4.446e-06,17.587939328,21.02110535936
4.447e-06,17.587939328,21.02110535936
4.4480000000000004e-06,17.587939328,21.02110535936
4.449e-06,17.587939328,21.02110535936
4.450000000000001e-06,17.587939328,21.02110535936
4.451e-06,17.98994944,21.02110535936
4.452e-06,17.98994944,21.02110535936
4.453e-06,17.98994944,21.02110535936
4.454e-06,17.98994944,21.02110535936
4.4550000000000005e-06,17.98994944,21.02110535936
4.456e-06,18.391959552,21.02110535936
4.457000000000001e-06,18.391959552,21.02110535936
4.458e-06,18.391959552,21.02110535936
4.459e-06,18.391959552,21.02110535936
4.4600000000000005e-06,18.391959552,21.02110535936
4.461e-06,18.391959552,21.02110535936
4.462000000000001e-06,18.391959552,21.02110535936
4.463e-06,18.391959552,21.02110535936
4.464e-06,18.391959552,21.02110535936
4.4650000000000004e-06,18.391959552,21.02110535936
4.466e-06,18.793969664,21.02110535936
4.467000000000001e-06,18.793969664,21.02110535936
4.468e-06,18.793969664,21.02110535936
4.469e-06,18.793969664,21.02110535936
4.47e-06,18.391959552,21.02110535936
4.471e-06,18.391959552,21.02110535936
4.4720000000000006e-06,18.391959552,21.02110535936
4.473e-06,18.391959552,21.02110535936
4.474000000000001e-06,18.793969664,21.02110535936
4.475e-06,18.793969664,21.02110535936
4.476e-06,18.793969664,21.02110535936
4.4770000000000005e-06,19.195979776,21.02110535936
4.478e-06,19.195979776,21.02110535936
4.479000000000001e-06,19.195979776,21.02110535936
4.48e-06,19.195979776,21.02110535936
4.481e-06,19.195979776,21.02110535936
4.4820000000000005e-06,19.195979776,21.02110535936
4.483e-06,19.195979776,21.02110535936
4.484000000000001e-06,19.195979776,21.02110535936
4.485e-06,19.195979776,21.02110535936
4.486e-06,19.195979776,21.02110535936
4.487e-06,19.195979776,21.02110535936
4.488e-06,19.195979776,21.02110535936
4.4890000000000006e-06,19.195979776,21.02110535936
4.49e-06,19.597989888,21.02110535936
4.491e-06,19.597989888,21.02110535936
4.492e-06,19.597989888,21.02110535936
4.493e-06,19.597989888,21.02110535936
4.4940000000000005e-06,19.597989888,21.02110535936
4.495e-06,20.0,21.02110535936
4.496000000000001e-06,20.0,21.02110535936
4.497e-06,20.0,21.02110535936
4.498e-06,20.0,21.02110535936
4.4990000000000005e-06,20.0,21.02110535936
4.5e-06,20.0,21.02110535936
4.501000000000001e-06,20.402010112,21.02110535936
4.502e-06,20.402010112,21.02110535936
4.503e-06,20.402010112,21.02110535936
4.504e-06,20.402010112,21.02110535936
4.505e-06,20.402010112,21.02110535936
4.5060000000000006e-06,20.402010112,21.02110535936
4.507e-06,20.402010112,21.02110535936
4.508e-06,20.402010112,21.02110535936
4.509e-06,20.402010112,21.02110535936
4.51e-06,20.402010112,21.02110535936
4.5110000000000005e-06,20.402010112,21.02110535936
4.512e-06,20.402010112,21.02110535936
4.513000000000001e-06,20.402010112,21.02110535936
4.514e-06,20.402010112,21.02110535936
4.515e-06,20.402010112,21.02110535936
4.5160000000000005e-06,20.402010112,21.02110535936
4.517e-06,20.402010112,21.02110535936
4.518000000000001e-06,20.402010112,21.02110535936
4.519e-06,20.804020224,21.02110535936
4.52e-06,20.804020224,21.02110535936
4.521e-06,20.804020224,21.02110535936
4.522e-06,20.804020224,21.02110535936
4.5230000000000006e-06,20.804020224,21.02110535936
4.524e-06,20.804020224,21.02110535936
4.525e-06,20.804020224,21.02110535936
4.526e-06,20.804020224,21.02110535936
4.527e-06,20.804020224,21.02110535936
4.5280000000000005e-06,20.804020224,21.02110535936
4.529e-06,20.804020224,21.02110535936
4.530000000000001e-06,20.804020224,21.02110535936
4.531e-06,20.804020224,21.02110535936
4.532e-06,20.804020224,21.02110535936
4.5330000000000005e-06,20.804020224,21.02110535936
4.534e-06,20.804020224,21.02110535936
4.535000000000001e-06,20.804020224,21.02110535936
4.536e-06,20.804020224,21.02110535936
4.537e-06,20.804020224,21.02110535936
4.5380000000000004e-06,20.804020224,21.02110535936
4.539e-06,20.804020224,21.02110535936
4.540000000000001e-06,20.804020224,21.02110535936
4.541e-06,20.804020224,21.02110535936
4.542e-06,20.804020224,21.02110535936
4.543e-06,20.804020224,21.02110535936
4.544e-06,20.804020224,21.02110535936
4.5450000000000005e-06,20.804020224,21.02110535936
4.546e-06,20.804020224,21.02110535936
4.547000000000001e-06,20.804020224,21.02110535936
4.548e-06,20.804020224,21.02110535936
4.549e-06,20.804020224,21.02110535936
4.5500000000000005e-06,21.206030336,21.02110535936
4.551e-06,21.206030336,21.02110535936
4.552000000000001e-06,21.206030336,21.02110535936
4.553e-06,21.206030336,21.02110535936
4.554e-06,21.206030336,21.02110535936
4.5550000000000004e-06,21.206030336,21.02110535936
4.556e-06,21.206030336,21.02110535936
4.557000000000001e-06,21.206030336,21.02110535936
4.558e-06,21.206030336,21.02110535936
4.559e-06,21.206030336,21.02110535936
4.56e-06,21.206030336,21.02110535936
4.561e-06,21.206030336,21.02110535936
4.5620000000000005e-06,21.206030336,21.02110535936
4.563e-06,21.206030336,21.02110535936
4.564000000000001e-06,21.206030336,21.02110535936
4.565e-06,21.206030336,21.02110535936
4.566e-06,21.206030336,21.02110535936
4.5670000000000005e-06,21.206030336,21.02110535936
4.568e-06,21.206030336,21.02110535936
4.569000000000001e-06,21.206030336,21.02110535936
4.57e-06,20.804020224,21.02110535936
4.571e-06,20.804020224,21.02110535936
4.5720000000000004e-06,20.804020224,21.02110535936
4.573e-06,20.804020224,21.02110535936
4.574000000000001e-06,20.804020224,21.02110535936
4.575e-06,20.804020224,21.02110535936
4.576e-06,20.804020224,21.02110535936
4.577e-06,20.804020224,21.02110535936
4.578e-06,21.206030336,21.02110535936
4.5790000000000005e-06,21.206030336,21.02110535936
4.58e-06,21.206030336,21.02110535936
4.581000000000001e-06,21.206030336,21.02110535936
4.582e-06,21.206030336,21.02110535936
4.583e-06,20.804020224,21.02110535936
4.5840000000000005e-06,20.804020224,21.02110535936
4.585e-06,20.804020224,21.02110535936
4.586000000000001e-06,20.804020224,21.02110535936
4.587e-06,20.804020224,21.02110535936
4.588e-06,20.804020224,21.02110535936
4.5890000000000004e-06,20.804020224,21.02110535936
4.59e-06,20.402010112,21.02110535936
4.591000000000001e-06,20.402010112,21.02110535936
4.592e-06,20.804020224,21.02110535936
4.593e-06,20.804020224,21.02110535936
4.594e-06,20.402010112,21.02110535936
4.595e-06,20.402010112,21.02110535936
4.5960000000000006e-06,20.402010112,21.02110535936
4.597e-06,20.402010112,21.02110535936
4.598000000000001e-06,20.402010112,21.02110535936
4.599e-06,20.402010112,21.02110535936
4.6e-06,20.402010112,21.02110535936
4.6010000000000005e-06,20.402010112,21.02110535936
4.602e-06,20.402010112,21.02110535936
4.603000000000001e-06,20.402010112,21.02110535936
4.604e-06,20.402010112,21.02110535936
4.605e-06,20.402010112,21.02110535936
4.6060000000000005e-06,20.402010112,21.02110535936
4.607e-06,20.402010112,21.02110535936
4.608000000000001e-06,20.0,21.02110535936
4.609e-06,20.0,21.02110535936
4.61e-06,20.0,21.02110535936
4.611e-06,20.0,21.02110535936
4.612e-06,20.0,21.02110535936
4.6130000000000006e-06,20.0,21.02110535936
4.614e-06,19.597989888,21.02110535936
4.615000000000001e-06,19.597989888,21.02110535936
4.616e-06,19.597989888,21.02110535936
4.617e-06,19.597989888,21.02110535936
4.6180000000000005e-06,19.597989888,21.02110535936
4.619e-06,19.597989888,21.02110535936
4.620000000000001e-06,19.597989888,21.02110535936
4.621e-06,19.597989888,21.02110535936
4.622e-06,19.597989888,21.02110535936
4.6230000000000005e-06,19.597989888,21.02110535936
4.624e-06,19.597989888,21.02110535936
4.625000000000001e-06,19.597989888,21.02110535936
4.626e-06,19.597989888,21.02110535936
4.627e-06,19.597989888,21.02110535936
4.628e-06,19.597989888,21.02110535936
4.629e-06,19.597989888,21.02110535936
4.6300000000000006e-06,19.597989888,21.02110535936
4.631e-06,19.597989888,21.02110535936
4.632e-06,19.597989888,21.02110535936
4.633e-06,19.597989888,21.02110535936
4.634e-06,19.195979776,21.02110535936
4.6350000000000005e-06,19.195979776,21.02110535936
4.636e-06,19.195979776,21.02110535936
4.637000000000001e-06,18.793969664,21.02110535936
4.638e-06,18.793969664,21.02110535936
4.639e-06,18.793969664,21.02110535936
4.6400000000000005e-06,18.793969664,21.02110535936
4.641e-06,18.793969664,21.02110535936
4.642000000000001e-06,19.195979776,21.02110535936
4.643e-06,19.195979776,21.02110535936
4.644e-06,19.195979776,21.02110535936
4.645e-06,19.195979776,21.02110535936
4.646e-06,18.793969664,21.02110535936
4.6470000000000006e-06,18.793969664,21.02110535936
4.648e-06,18.391959552,21.02110535936
4.649e-06,18.391959552,21.02110535936
4.65e-06,17.98994944,21.02110535936
4.651e-06,17.98994944,21.02110535936
4.6520000000000005e-06,17.98994944,21.02110535936
4.653e-06,17.98994944,21.02110535936
4.654000000000001e-06,17.98994944,21.02110535936
4.655e-06,17.98994944,21.02110535936
4.656e-06,17.98994944,21.02110535936
4.6570000000000005e-06,17.98994944,21.02110535936
4.658e-06,17.98994944,21.02110535936
4.659000000000001e-06,17.98994944,21.02110535936
4.66e-06,17.587939328,21.02110535936
4.661e-06,17.587939328,21.02110535936
4.6620000000000004e-06,17.587939328,21.02110535936
4.663e-06,17.587939328,21.02110535936
4.664000000000001e-06,17.587939328,21.02110535936
4.665e-06,17.587939328,21.02110535936
4.666e-06,17.587939328,21.02110535936
4.667e-06,17.587939328,21.02110535936
4.668e-06,17.185929216,21.02110535936
4.6690000000000005e-06,17.185929216,21.02110535936
4.67e-06,17.185929216,21.02110535936
4.671000000000001e-06,17.185929216,21.02110535936
4.672e-06,17.185929216,21.02110535936
4.673e-06,17.185929216,21.02110535936
4.6740000000000005e-06,17.185929216,21.02110535936
4.675e-06,17.185929216,21.02110535936
4.676000000000001e-06,17.185929216,21.02110535936
4.677e-06,17.185929216,21.02110535936
4.678e-06,17.185929216,21.02110535936
4.6790000000000004e-06,17.185929216,21.02110535936
4.68e-06,17.185929216,21.02110535936
4.681000000000001e-06,17.185929216,21.02110535936
4.682e-06,16.783919104,21.02110535936
4.683e-06,16.783919104,21.02110535936
4.684e-06,16.783919104,21.02110535936
4.685e-06,16.783919104,21.02110535936
4.6860000000000005e-06,16.783919104,21.02110535936
4.687e-06,16.783919104,21.02110535936
4.688000000000001e-06,16.783919104,21.02110535936
4.689e-06,16.783919104,21.02110535936
4.69e-06,16.783919104,21.02110535936
4.6910000000000005e-06,16.783919104,21.02110535936
4.692e-06,16.783919104,21.02110535936
4.693000000000001e-06,16.783919104,21.02110535936
4.694e-06,16.783919104,21.02110535936
4.695e-06,16.783919104,21.02110535936
4.6960000000000004e-06,16.381908992,21.02110535936
4.697e-06,16.381908992,21.02110535936
4.698000000000001e-06,16.381908992,21.02110535936
4.699e-06,15.97989888,21.02110535936
4.7e-06,15.97989888,21.02110535936
4.701e-06,15.97989888,21.02110535936
4.702e-06,15.97989888,21.02110535936
4.7030000000000005e-06,15.97989888,21.02110535936
4.704e-06,15.97989888,21.02110535936
4.705000000000001e-06,16.381908992,21.02110535936
4.706e-06,16.381908992,21.02110535936
4.707e-06,15.97989888,21.02110535936
4.7080000000000005e-06,15.97989888,21.02110535936
4.709e-06,16.381908992,21.02110535936
4.710000000000001e-06,16.381908992,21.02110535936
4.711e-06,16.381908992,21.02110535936
4.712e-06,16.381908992,21.02110535936
4.7130000000000004e-06,16.381908992,21.02110535936
4.714e-06,16.381908992,21.02110535936
4.715000000000001e-06,16.381908992,21.02110535936
4.716e-06,16.381908992,21.02110535936
4.717e-06,16.381908992,21.02110535936
4.718e-06,16.381908992,21.02110535936
4.719e-06,16.381908992,21.02110535936
4.7200000000000005e-06,16.381908992,21.02110535936
4.721e-06,15.97989888,21.02110535936
4.722000000000001e-06,15.97989888,21.02110535936
4.723e-06,15.97989888,21.02110535936
4.724e-06,15.97989888,21.02110535936
4.7250000000000005e-06,15.97989888,21.02110535936
4.726e-06,15.97989888,21.02110535936
4.727000000000001e-06,15.97989888,21.02110535936
4.728e-06,15.97989888,21.02110535936
4.729e-06,15.97989888,21.02110535936
4.7300000000000005e-06,15.97989888,21.02110535936
4.731e-06,15.97989888,21.02110535936
4.732000000000001e-06,15.97989888,21.02110535936
4.733e-06,16.381908992,21.02110535936
4.734e-06,16.381908992,21.02110535936
4.735e-06,16.381908992,21.02110535936
4.736e-06,16.381908992,21.02110535936
4.7370000000000006e-06,16.381908992,21.02110535936
4.738e-06,16.381908992,21.02110535936
4.739000000000001e-06,15.97989888,21.02110535936
4.74e-06,15.97989888,21.02110535936
4.741e-06,15.97989888,21.02110535936
4.7420000000000005e-06,15.97989888,21.02110535936
4.743e-06,15.97989888,21.02110535936
4.744000000000001e-06,15.97989888,21.02110535936
4.745e-06,16.381908992,21.02110535936
4.746e-06,16.381908992,21.02110535936
4.7470000000000005e-06,16.381908992,21.02110535936
4.748e-06,16.381908992,21.02110535936
4.749000000000001e-06,16.381908992,21.02110535936
4.75e-06,16.381908992,21.02110535936
4.751e-06,16.381908992,21.02110535936
4.752e-06,16.381908992,21.02110535936
4.753e-06,16.783919104,21.02110535936
4.7540000000000006e-06,16.783919104,21.02110535936
4.755e-06,16.783919104,21.02110535936
4.756000000000001e-06,16.783919104,21.02110535936
4.757e-06,16.783919104,21.02110535936
4.758e-06,16.783919104,21.02110535936
4.7590000000000005e-06,16.783919104,21.02110535936
4.76e-06,16.783919104,21.02110535936
4.761000000000001e-06,16.783919104,21.02110535936
4.762e-06,16.783919104,21.02110535936
4.763e-06,16.783919104,21.02110535936
4.7640000000000005e-06,16.783919104,21.02110535936
4.765e-06,16.783919104,21.02110535936
4.766000000000001e-06,16.381908992,21.02110535936
4.767e-06,16.381908992,21.02110535936
4.768e-06,16.381908992,21.02110535936
4.769e-06,16.783919104,21.02110535936
4.77e-06,16.783919104,21.02110535936
4.7710000000000006e-06,16.783919104,21.02110535936
4.772e-06,16.783919104,21.02110535936
4.773000000000001e-06,16.783919104,21.02110535936
4.774e-06,16.783919104,21.02110535936
4.775e-06,16.783919104,21.02110535936
4.7760000000000005e-06,16.783919104,21.02110535936
4.777e-06,16.783919104,21.02110535936
4.778000000000001e-06,17.185929216,21.02110535936
4.779e-06,17.185929216,21.02110535936
4.78e-06,17.185929216,21.02110535936
4.7810000000000005e-06,17.185929216,21.02110535936
4.782e-06,17.185929216,21.02110535936
4.783000000000001e-06,17.185929216,21.02110535936
4.784e-06,17.587939328,21.02110535936
4.785e-06,17.587939328,21.02110535936
4.7860000000000004e-06,17.587939328,21.02110535936
4.787e-06,17.587939328,21.02110535936
4.7880000000000006e-06,17.587939328,21.02110535936
4.789e-06,17.587939328,21.02110535936
4.79e-06,17.587939328,21.02110535936
4.791e-06,17.587939328,21.02110535936
4.792e-06,17.587939328,21.02110535936
4.7930000000000005e-06,17.587939328,21.02110535936
4.794e-06,17.587939328,21.02110535936
4.795000000000001e-06,17.587939328,21.02110535936
4.796e-06,17.587939328,21.02110535936
4.797e-06,17.587939328,21.02110535936
4.7980000000000005e-06,17.587939328,21.02110535936
4.799e-06,17.587939328,21.02110535936
4.800000000000001e-06,17.98994944,21.02110535936
4.801e-06,17.98994944,21.02110535936
4.802e-06,17.98994944,21.02110535936
4.8030000000000004e-06,17.98994944,21.02110535936
4.804e-06,18.391959552,21.02110535936
4.805000000000001e-06,18.391959552,21.02110535936
4.806e-06,18.391959552,21.02110535936
4.807e-06,18.391959552,21.02110535936
4.808e-06,18.391959552,21.02110535936
4.809e-06,18.391959552,21.02110535936
4.8100000000000005e-06,18.391959552,21.02110535936
4.811e-06,17.98994944,21.02110535936
4.812000000000001e-06,17.98994944,21.02110535936
4.813e-06,17.98994944,21.02110535936
4.814e-06,17.98994944,21.02110535936
4.8150000000000005e-06,18.391959552,21.02110535936
4.816e-06,18.391959552,21.02110535936
4.817000000000001e-06,18.391959552,21.02110535936
4.818e-06,18.391959552,21.02110535936
4.819e-06,18.391959552,21.02110535936
4.8200000000000004e-06,18.391959552,21.02110535936
4.821e-06,18.793969664,21.02110535936
4.822000000000001e-06,18.793969664,21.02110535936
4.823e-06,18.793969664,21.02110535936
4.824e-06,18.793969664,21.02110535936
4.825e-06,18.793969664,21.02110535936
4.826e-06,18.391959552,21.02110535936
4.8270000000000005e-06,18.391959552,21.02110535936
4.828e-06,18.391959552,21.02110535936
4.829000000000001e-06,18.391959552,21.02110535936
4.83e-06,18.793969664,21.02110535936
4.831e-06,18.793969664,21.02110535936
4.8320000000000005e-06,18.793969664,21.02110535936
4.833e-06,18.793969664,21.02110535936
4.834000000000001e-06,18.793969664,21.02110535936
4.835e-06,18.793969664,21.02110535936
4.836e-06,18.793969664,21.02110535936
4.8370000000000004e-06,18.793969664,21.02110535936
4.838e-06,18.793969664,21.02110535936
4.839000000000001e-06,18.793969664,21.02110535936
4.84e-06,19.195979776,21.02110535936
4.841e-06,19.195979776,21.02110535936
4.842e-06,19.195979776,21.02110535936
4.843e-06,18.793969664,21.02110535936
4.8440000000000005e-06,18.793969664,21.02110535936
4.845e-06,18.793969664,21.02110535936
4.846000000000001e-06,18.793969664,21.02110535936
4.847e-06,18.793969664,21.02110535936
4.848e-06,18.793969664,21.02110535936
4.8490000000000005e-06,19.195979776,21.02110535936
4.85e-06,19.195979776,21.02110535936
4.851000000000001e-06,19.195979776,21.02110535936
4.852e-06,19.195979776,21.02110535936
4.853e-06,19.195979776,21.02110535936
4.8540000000000005e-06,19.195979776,21.02110535936
4.855e-06,19.195979776,21.02110535936
4.856000000000001e-06,19.195979776,21.02110535936
4.857e-06,19.195979776,21.02110535936
4.858e-06,19.195979776,21.02110535936
4.859e-06,19.195979776,21.02110535936
4.86e-06,19.195979776,21.02110535936
4.8610000000000006e-06,19.195979776,21.02110535936
4.862e-06,19.195979776,21.02110535936
4.863000000000001e-06,19.195979776,21.02110535936
4.864e-06,19.195979776,21.02110535936
4.865e-06,19.195979776,21.02110535936
4.8660000000000005e-06,19.195979776,21.02110535936
4.867e-06,19.195979776,21.02110535936
4.868000000000001e-06,19.195979776,21.02110535936
4.869e-06,19.195979776,21.02110535936
4.87e-06,19.195979776,21.02110535936
4.8710000000000005e-06,19.195979776,21.02110535936
4.872e-06,19.195979776,21.02110535936
4.873000000000001e-06,18.793969664,21.02110535936
4.874e-06,18.793969664,21.02110535936
4.875e-06,18.793969664,21.02110535936
4.876e-06,18.793969664,21.02110535936
4.877e-06,18.793969664,21.02110535936
4.8780000000000006e-06,18.793969664,21.02110535936
4.879e-06,18.793969664,21.02110535936
4.880000000000001e-06,18.793969664,21.02110535936
4.881e-06,18.793969664,21.02110535936
4.882e-06,18.793969664,21.02110535936
4.8830000000000005e-06,18.793969664,21.02110535936
4.884e-06,18.793969664,21.02110535936
4.885000000000001e-06,18.793969664,21.02110535936
4.886e-06,18.793969664,21.02110535936
4.887e-06,18.793969664,21.02110535936
4.8880000000000005e-06,18.793969664,21.02110535936
4.889e-06,18.793969664,21.02110535936
4.890000000000001e-06,18.793969664,21.02110535936
4.891e-06,18.391959552,21.02110535936
4.892e-06,18.391959552,21.02110535936
4.893e-06,18.391959552,21.02110535936
4.894e-06,18.391959552,21.02110535936
4.8950000000000006e-06,18.391959552,21.02110535936
4.896e-06,18.391959552,21.02110535936
4.897000000000001e-06,18.391959552,21.02110535936
4.898e-06,18.391959552,21.02110535936
4.899e-06,18.391959552,21.02110535936
4.9000000000000005e-06,18.391959552,21.02110535936
4.901e-06,18.391959552,21.02110535936
4.902000000000001e-06,18.391959552,21.02110535936
4.903e-06,18.391959552,21.02110535936
4.904e-06,18.391959552,21.02110535936
4.9050000000000005e-06,18.391959552,21.02110535936
4.906e-06,18.391959552,21.02110535936
4.907000000000001e-06,18.391959552,21.02110535936
4.908e-06,17.98994944,21.02110535936
4.909e-06,17.98994944,21.02110535936
4.9100000000000004e-06,17.98994944,21.02110535936
4.911e-06,17.98994944,21.02110535936
4.9120000000000006e-06,17.587939328,21.02110535936
4.913e-06,17.587939328,21.02110535936
4.914000000000001e-06,17.587939328,21.02110535936
4.915e-06,17.98994944,21.02110535936
4.916e-06,17.98994944,21.02110535936
4.9170000000000005e-06,17.98994944,21.02110535936
4.918e-06,17.98994944,21.02110535936
4.919000000000001e-06,17.98994944,21.02110535936
4.92e-06,17.98994944,21.02110535936
4.921e-06,17.98994944,21.02110535936
4.9220000000000005e-06,17.98994944,21.02110535936
4.923e-06,17.98994944,21.02110535936
4.924000000000001e-06,17.587939328,21.02110535936
4.925e-06,17.587939328,21.02110535936
4.926e-06,17.587939328,21.02110535936
4.9270000000000004e-06,17.587939328,21.02110535936
4.928e-06,17.185929216,21.02110535936
4.929000000000001e-06,17.185929216,21.02110535936
4.93e-06,17.185929216,21.02110535936
4.931e-06,17.185929216,21.02110535936
4.932e-06,17.185929216,21.02110535936
4.933e-06,17.185929216,21.02110535936
4.9340000000000005e-06,17.185929216,21.02110535936
4.935e-06,17.185929216,21.02110535936
4.936000000000001e-06,17.185929216,21.02110535936
4.937e-06,17.185929216,21.02110535936
4.938e-06,17.185929216,21.02110535936
4.9390000000000005e-06,17.185929216,21.02110535936
4.94e-06,17.185929216,21.02110535936
4.941000000000001e-06,17.185929216,21.02110535936
4.942e-06,17.185929216,21.02110535936
4.943e-06,16.783919104,21.02110535936
4.9440000000000004e-06,16.783919104,21.02110535936
4.945e-06,16.783919104,21.02110535936
4.946000000000001e-06,16.783919104,21.02110535936
4.947e-06,16.783919104,21.02110535936
4.948e-06,16.783919104,21.02110535936
4.949e-06,16.783919104,21.02110535936
4.95e-06,16.381908992,21.02110535936
4.9510000000000005e-06,16.381908992,21.02110535936
4.952e-06,16.381908992,21.02110535936
4.953000000000001e-06,16.381908992,21.02110535936
4.954e-06,16.381908992,21.02110535936
4.955e-06,16.381908992,21.02110535936
4.9560000000000005e-06,16.381908992,21.02110535936
4.957e-06,16.381908992,21.02110535936
4.958000000000001e-06,15.97989888,21.02110535936
4.959e-06,15.97989888,21.02110535936
4.96e-06,15.97989888,21.02110535936
4.9610000000000004e-06,15.97989888,21.02110535936
4.962e-06,15.97989888,21.02110535936
4.963000000000001e-06,15.97989888,21.02110535936
4.964e-06,15.97989888,21.02110535936
4.965e-06,15.97989888,21.02110535936
4.966e-06,15.97989888,21.02110535936
4.967e-06,15.97989888,21.02110535936
4.9680000000000005e-06,15.97989888,21.02110535936
4.969e-06,15.97989888,21.02110535936
4.970000000000001e-06,15.97989888,21.02110535936
4.971e-06,15.97989888,21.02110535936
4.972e-06,15.577888768000001,21.02110535936
4.9730000000000005e-06,15.577888768000001,21.02110535936
4.974e-06,15.577888768000001,21.02110535936
4.975000000000001e-06,15.577888768000001,21.02110535936
4.976e-06,15.175878656,21.02110535936
4.977e-06,15.175878656,21.02110535936
4.9780000000000005e-06,15.175878656,21.02110535936
4.979e-06,15.175878656,21.02110535936
4.980000000000001e-06,15.175878656,21.02110535936
4.981e-06,15.175878656,21.02110535936
4.982e-06,15.175878656,21.02110535936
4.983e-06,15.175878656,21.02110535936
4.984e-06,14.773868543999999,21.02110535936
4.9850000000000006e-06,14.773868543999999,21.02110535936
4.986e-06,14.773868543999999,21.02110535936
4.987000000000001e-06,14.773868543999999,21.02110535936
4.988e-06,14.773868543999999,21.02110535936
4.989e-06,14.773868543999999,21.02110535936
4.9900000000000005e-06,14.773868543999999,21.02110535936
4.991e-06,15.175878656,21.02110535936
4.992000000000001e-06,15.175878656,21.02110535936
4.993e-06,15.175878656,21.02110535936
4.994e-06,15.175878656,21.02110535936
4.9950000000000005e-06,15.175878656,21.02110535936
4.996e-06,15.175878656,21.02110535936
4.997000000000001e-06,15.175878656,21.02110535936
4.998e-06,14.773868543999999,21.02110535936
4.999e-06,14.773868543999999,21.02110535936
5e-06,14.773868543999999,21.02110535936
5.001e-06,14.773868543999999,21.02110535936
5.0020000000000006e-06,14.371858432,21.02110535936
5.003e-06,14.371858432,21.02110535936
5.004000000000001e-06,14.371858432,21.02110535936
5.005e-06,14.371858432,21.02110535936
5.006e-06,14.371858432,21.02110535936
5.0070000000000005e-06,14.371858432,21.02110535936
5.008e-06,14.371858432,21.02110535936
5.009000000000001e-06,14.371858432,21.02110535936
5.01e-06,14.371858432,21.02110535936
5.011e-06,14.371858432,21.02110535936
5.0120000000000005e-06,14.371858432,21.02110535936
5.013e-06,14.371858432,21.02110535936
5.014000000000001e-06,14.773868543999999,21.02110535936
5.015e-06,14.773868543999999,21.02110535936
5.016e-06,14.773868543999999,21.02110535936
5.017e-06,14.371858432,21.02110535936
5.018e-06,14.371858432,21.02110535936
5.0190000000000006e-06,14.371858432,21.02110535936
5.02e-06,14.371858432,21.02110535936
5.021000000000001e-06,14.371858432,21.02110535936
5.022e-06,14.371858432,21.02110535936
5.023e-06,14.371858432,21.02110535936
5.0240000000000005e-06,14.371858432,21.02110535936
5.025e-06,14.371858432,21.02110535936
5.026000000000001e-06,14.371858432,21.02110535936
5.027e-06,14.371858432,21.02110535936
5.028e-06,14.371858432,21.02110535936
5.0290000000000005e-06,14.371858432,21.02110535936
5.03e-06,14.371858432,21.02110535936
5.031000000000001e-06,14.371858432,21.02110535936
5.032e-06,14.371858432,21.02110535936
5.033e-06,14.371858432,21.02110535936
5.034e-06,14.371858432,21.02110535936
5.035e-06,13.96984832,21.02110535936
5.0360000000000006e-06,13.96984832,21.02110535936
5.037e-06,13.96984832,21.02110535936
5.038000000000001e-06,13.96984832,21.02110535936
5.039e-06,13.96984832,21.02110535936
5.04e-06,13.96984832,21.02110535936
5.0410000000000005e-06,13.96984832,21.02110535936
5.042e-06,13.96984832,21.02110535936
5.043000000000001e-06,13.96984832,21.02110535936
5.044e-06,14.371858432,21.02110535936
5.045e-06,14.371858432,21.02110535936
5.0460000000000005e-06,14.371858432,21.02110535936
5.047e-06,14.371858432,21.02110535936
5.048000000000001e-06,14.371858432,21.02110535936
5.049e-06,14.371858432,21.02110535936
5.05e-06,14.371858432,21.02110535936
5.0510000000000004e-06,14.371858432,21.02110535936
5.052e-06,14.773868543999999,21.02110535936
5.053000000000001e-06,14.773868543999999,21.02110535936
5.054e-06,14.773868543999999,21.02110535936
5.055000000000001e-06,14.773868543999999,21.02110535936
5.056e-06,14.773868543999999,21.02110535936
5.057e-06,14.773868543999999,21.02110535936
5.0580000000000005e-06,14.773868543999999,21.02110535936
5.059e-06,14.773868543999999,21.02110535936
5.060000000000001e-06,14.773868543999999,21.02110535936
5.061e-06,14.773868543999999,21.02110535936
5.062e-06,14.773868543999999,21.02110535936
5.0630000000000005e-06,14.773868543999999,21.02110535936
5.064e-06,14.773868543999999,21.02110535936
5.065000000000001e-06,14.773868543999999,21.02110535936
5.066e-06,14.773868543999999,21.02110535936
5.067e-06,14.773868543999999,21.02110535936
5.0680000000000004e-06,14.773868543999999,21.02110535936
5.069e-06,14.773868543999999,21.02110535936
5.070000000000001e-06,14.773868543999999,21.02110535936
5.071e-06,14.773868543999999,21.02110535936
5.072000000000001e-06,14.773868543999999,21.02110535936
5.073e-06,14.773868543999999,21.02110535936
5.074e-06,14.773868543999999,21.02110535936
5.0750000000000005e-06,14.773868543999999,21.02110535936
5.076e-06,14.773868543999999,21.02110535936
5.077000000000001e-06,14.773868543999999,21.02110535936
5.078e-06,15.175878656,21.02110535936
5.079e-06,15.175878656,21.02110535936
5.0800000000000005e-06,15.175878656,21.02110535936
5.081e-06,15.175878656,21.02110535936
5.082000000000001e-06,15.175878656,21.02110535936
5.083e-06,15.175878656,21.02110535936
5.084e-06,15.175878656,21.02110535936
5.0850000000000004e-06,15.175878656,21.02110535936
5.086e-06,15.175878656,21.02110535936
5.087000000000001e-06,15.175878656,21.02110535936
5.088e-06,15.175878656,21.02110535936
5.089e-06,15.175878656,21.02110535936
5.09e-06,15.175878656,21.02110535936
5.091e-06,15.577888768000001,21.02110535936
5.0920000000000005e-06,15.577888768000001,21.02110535936
5.093e-06,15.577888768000001,21.02110535936
5.094000000000001e-06,15.577888768000001,21.02110535936
5.095e-06,15.97989888,21.02110535936
5.096e-06,15.97989888,21.02110535936
5.0970000000000005e-06,15.97989888,21.02110535936
5.098e-06,15.97989888,21.02110535936
5.099000000000001e-06,15.97989888,21.02110535936
5.1e-06,15.97989888,21.02110535936
5.101e-06,15.97989888,21.02110535936
5.1020000000000004e-06,15.97989888,21.02110535936
5.103e-06,15.97989888,21.02110535936
5.104000000000001e-06,15.577888768000001,21.02110535936
5.105e-06,15.97989888,21.02110535936
5.106e-06,15.97989888,21.02110535936
5.107e-06,15.97989888,21.02110535936
5.108e-06,15.97989888,21.02110535936
5.1090000000000006e-06,15.97989888,21.02110535936
5.11e-06,15.97989888,21.02110535936
5.111000000000001e-06,16.381908992,21.02110535936
5.112e-06,16.381908992,21.02110535936
5.113e-06,16.381908992,21.02110535936
5.1140000000000005e-06,16.381908992,21.02110535936
5.115e-06,16.381908992,21.02110535936
5.116000000000001e-06,16.381908992,21.02110535936
5.117e-06,16.381908992,21.02110535936
5.118e-06,16.381908992,21.02110535936
5.1190000000000005e-06,16.381908992,21.02110535936
5.12e-06,15.97989888,21.02110535936
5.121000000000001e-06,15.97989888,21.02110535936
5.122e-06,16.381908992,21.02110535936
5.123e-06,16.381908992,21.02110535936
5.124e-06,16.381908992,21.02110535936
5.125e-06,16.381908992,21.02110535936
5.1260000000000006e-06,16.381908992,21.02110535936
5.127e-06,16.381908992,21.02110535936
5.128000000000001e-06,16.381908992,21.02110535936
5.129e-06,15.97989888,21.02110535936
5.13e-06,15.97989888,21.02110535936
5.1310000000000005e-06,15.97989888,21.02110535936
5.132e-06,15.97989888,21.02110535936
5.133000000000001e-06,15.97989888,21.02110535936
5.134e-06,16.381908992,21.02110535936
5.135e-06,16.381908992,21.02110535936
5.1360000000000005e-06,16.381908992,21.02110535936
5.137e-06,16.381908992,21.02110535936
5.138000000000001e-06,16.381908992,21.02110535936
5.139e-06,16.381908992,21.02110535936
5.14e-06,16.381908992,21.02110535936
5.141e-06,16.381908992,21.02110535936
5.142e-06,16.381908992,21.02110535936
5.1430000000000006e-06,16.381908992,21.02110535936
5.144e-06,16.381908992,21.02110535936
5.145000000000001e-06,16.381908992,21.02110535936
5.146e-06,16.381908992,21.02110535936
5.147e-06,16.783919104,21.02110535936
5.1480000000000005e-06,16.783919104,21.02110535936
5.149e-06,16.783919104,21.02110535936
5.150000000000001e-06,16.783919104,21.02110535936
5.151e-06,16.783919104,21.02110535936
5.152e-06,16.783919104,21.02110535936
5.1530000000000005e-06,16.783919104,21.02110535936
5.154e-06,16.783919104,21.02110535936
5.155000000000001e-06,16.381908992,21.02110535936
5.156e-06,16.381908992,21.02110535936
5.157e-06,16.381908992,21.02110535936
5.158e-06,16.381908992,21.02110535936
5.159e-06,16.381908992,21.02110535936
5.1600000000000006e-06,16.381908992,21.02110535936
5.161e-06,16.381908992,21.02110535936
5.162000000000001e-06,16.783919104,21.02110535936
5.163e-06,16.783919104,21.02110535936
5.164e-06,16.783919104,21.02110535936
5.1650000000000005e-06,16.783919104,21.02110535936
5.166e-06,16.783919104,21.02110535936
5.167000000000001e-06,16.783919104,21.02110535936
5.168e-06,16.783919104,21.02110535936
5.169e-06,16.783919104,21.02110535936
5.1700000000000005e-06,16.783919104,21.02110535936
5.171e-06,16.783919104,21.02110535936
5.172000000000001e-06,16.381908992,21.02110535936
5.173e-06,16.381908992,21.02110535936
5.174e-06,16.381908992,21.02110535936
5.1750000000000004e-06,16.381908992,21.02110535936
5.176e-06,16.381908992,21.02110535936
5.177000000000001e-06,16.783919104,21.02110535936
5.178e-06,16.783919104,21.02110535936
5.179000000000001e-06,16.381908992,21.02110535936
5.18e-06,16.381908992,21.02110535936
5.181e-06,16.381908992,21.02110535936
5.1820000000000005e-06,16.381908992,21.02110535936
5.183e-06,16.381908992,21.02110535936
5.184000000000001e-06,16.381908992,21.02110535936
5.185e-06,16.381908992,21.02110535936
5.186e-06,16.381908992,21.02110535936
5.1870000000000005e-06,16.381908992,21.02110535936
5.188e-06,16.381908992,21.02110535936
5.189000000000001e-06,16.381908992,21.02110535936
5.19e-06,16.381908992,21.02110535936
5.191e-06,16.381908992,21.02110535936
5.1920000000000004e-06,15.97989888,21.02110535936
5.193e-06,15.97989888,21.02110535936
5.194000000000001e-06,15.97989888,21.02110535936
5.195e-06,15.97989888,21.02110535936
5.196000000000001e-06,15.97989888,21.02110535936
5.197e-06,15.97989888,21.02110535936
5.198e-06,15.97989888,21.02110535936
5.1990000000000005e-06,15.97989888,21.02110535936
5.2e-06,15.577888768000001,21.02110535936
5.201000000000001e-06,15.577888768000001,21.02110535936
5.202e-06,15.577888768000001,21.02110535936
5.203e-06,15.577888768000001,21.02110535936
5.2040000000000005e-06,15.577888768000001,21.02110535936
5.205e-06,15.577888768000001,21.02110535936
5.206000000000001e-06,15.577888768000001,21.02110535936
5.207e-06,15.97989888,21.02110535936
5.208e-06,15.97989888,21.02110535936
5.2090000000000004e-06,15.97989888,21.02110535936
5.21e-06,15.97989888,21.02110535936
5.211000000000001e-06,15.97989888,21.02110535936
5.212e-06,15.97989888,21.02110535936
5.213000000000001e-06,15.97989888,21.02110535936
5.214e-06,15.577888768000001,21.02110535936
5.215e-06,15.577888768000001,21.02110535936
5.2160000000000005e-06,15.175878656,21.02110535936
5.217e-06,15.175878656,21.02110535936
5.218000000000001e-06,15.175878656,21.02110535936
5.219e-06,15.175878656,21.02110535936
5.22e-06,15.175878656,21.02110535936
5.2210000000000005e-06,15.175878656,21.02110535936
5.222e-06,15.175878656,21.02110535936
5.223000000000001e-06,15.175878656,21.02110535936
5.224e-06,15.175878656,21.02110535936
5.225e-06,15.175878656,21.02110535936
5.2260000000000004e-06,15.175878656,21.02110535936
5.227e-06,15.175878656,21.02110535936
5.228000000000001e-06,15.175878656,21.02110535936
5.229e-06,15.175878656,21.02110535936
5.230000000000001e-06,15.175878656,21.02110535936
5.231e-06,14.773868543999999,21.02110535936
5.232e-06,14.773868543999999,21.02110535936
5.2330000000000005e-06,14.773868543999999,21.02110535936
5.234e-06,14.773868543999999,21.02110535936
5.235000000000001e-06,14.773868543999999,21.02110535936
5.236e-06,14.773868543999999,21.02110535936
5.237e-06,14.773868543999999,21.02110535936
5.2380000000000005e-06,14.773868543999999,21.02110535936
5.239e-06,14.773868543999999,21.02110535936
5.240000000000001e-06,14.773868543999999,21.02110535936
5.241e-06,14.773868543999999,21.02110535936
5.242e-06,14.773868543999999,21.02110535936
5.2430000000000005e-06,14.773868543999999,21.02110535936
5.244e-06,14.773868543999999,21.02110535936
5.245000000000001e-06,14.773868543999999,21.02110535936
5.246e-06,14.773868543999999,21.02110535936
5.247e-06,14.371858432,21.02110535936
5.248e-06,14.371858432,21.02110535936
5.249e-06,14.371858432,21.02110535936
5.2500000000000006e-06,14.371858432,21.02110535936
5.251e-06,13.96984832,21.02110535936
5.252000000000001e-06,13.96984832,21.02110535936
5.253e-06,13.96984832,21.02110535936
5.254e-06,13.96984832,21.02110535936
5.2550000000000005e-06,13.96984832,21.02110535936
5.256e-06,13.96984832,21.02110535936
5.257000000000001e-06,13.567838208000001,21.02110535936
5.258e-06,13.567838208000001,21.02110535936
5.259e-06,13.567838208000001,21.02110535936
5.2600000000000005e-06,13.165828096,21.02110535936
5.261e-06,13.165828096,21.02110535936
5.262000000000001e-06,13.165828096,21.02110535936
5.263e-06,13.165828096,21.02110535936
5.264e-06,13.165828096,21.02110535936
5.265e-06,13.165828096,21.02110535936
5.266e-06,13.165828096,21.02110535936
5.2670000000000006e-06,13.165828096,21.02110535936
5.268e-06,13.165828096,21.02110535936
5.269000000000001e-06,13.165828096,21.02110535936
5.27e-06,13.165828096,21.02110535936
5.271e-06,13.165828096,21.02110535936
5.2720000000000005e-06,13.165828096,21.02110535936
5.273e-06,13.165828096,21.02110535936
5.274000000000001e-06,13.165828096,21.02110535936
5.275e-06,13.165828096,21.02110535936
5.276e-06,13.165828096,21.02110535936
5.2770000000000005e-06,13.165828096,21.02110535936
5.278e-06,13.165828096,21.02110535936
5.279000000000001e-06,12.763817984,21.02110535936
5.28e-06,12.763817984,21.02110535936
5.281e-06,12.763817984,21.02110535936
5.282e-06,12.763817984,21.02110535936
5.283e-06,12.763817984,21.02110535936
5.2840000000000006e-06,12.763817984,21.02110535936
5.285e-06,12.763817984,21.02110535936
5.286000000000001e-06,12.763817984,21.02110535936
5.287e-06,12.763817984,21.02110535936
5.288e-06,12.763817984,21.02110535936
5.2890000000000005e-06,12.763817984,21.02110535936
5.29e-06,12.763817984,21.02110535936
5.291000000000001e-06,12.763817984,21.02110535936
5.292e-06,12.763817984,21.02110535936
5.293e-06,12.763817984,21.02110535936
5.2940000000000005e-06,12.361807872,21.02110535936
5.295e-06,12.361807872,21.02110535936
5.296000000000001e-06,12.361807872,21.02110535936
5.297e-06,12.361807872,21.02110535936
5.298e-06,12.361807872,21.02110535936
5.2990000000000004e-06,12.361807872,21.02110535936
5.3e-06,12.361807872,21.02110535936
5.3010000000000006e-06,12.361807872,21.02110535936
5.302e-06,12.361807872,21.02110535936
5.303000000000001e-06,12.361807872,21.02110535936
5.304e-06,12.361807872,21.02110535936
5.305e-06,12.361807872,21.02110535936
5.3060000000000005e-06,12.361807872,21.02110535936
5.307e-06,12.361807872,21.02110535936
5.308000000000001e-06,12.361807872,21.02110535936
5.309e-06,12.361807872,21.02110535936
5.31e-06,12.361807872,21.02110535936
5.3110000000000005e-06,12.361807872,21.02110535936
5.312e-06,12.361807872,21.02110535936
5.313000000000001e-06,12.361807872,21.02110535936
5.314e-06,12.361807872,21.02110535936
5.315e-06,12.361807872,21.02110535936
5.3160000000000004e-06,12.361807872,21.02110535936
5.317e-06,12.361807872,21.02110535936
5.318000000000001e-06,12.361807872,21.02110535936
5.319e-06,12.361807872,21.02110535936
5.320000000000001e-06,12.361807872,21.02110535936
5.321e-06,11.95979776,21.02110535936
5.322e-06,11.95979776,21.02110535936
5.3230000000000005e-06,11.95979776,21.02110535936
5.324e-06,11.95979776,21.02110535936
5.325000000000001e-06,11.95979776,21.02110535936
5.326e-06,11.95979776,21.02110535936
5.327e-06,11.95979776,21.02110535936
5.3280000000000005e-06,12.361807872,21.02110535936
5.329e-06,12.361807872,21.02110535936
5.330000000000001e-06,12.361807872,21.02110535936
5.331e-06,12.361807872,21.02110535936
5.332e-06,12.361807872,21.02110535936
5.3330000000000004e-06,12.361807872,21.02110535936
5.334e-06,12.361807872,21.02110535936
5.335000000000001e-06,12.361807872,21.02110535936
5.336e-06,12.361807872,21.02110535936
5.337000000000001e-06,12.361807872,21.02110535936
5.338e-06,12.361807872,21.02110535936
5.339e-06,12.361807872,21.02110535936
5.3400000000000005e-06,11.95979776,21.02110535936
5.341e-06,11.95979776,21.02110535936
5.342000000000001e-06,11.95979776,21.02110535936
5.343e-06,12.361807872,21.02110535936
5.344e-06,12.361807872,21.02110535936
5.3450000000000005e-06,12.361807872,21.02110535936
5.346e-06,12.361807872,21.02110535936
5.347000000000001e-06,12.361807872,21.02110535936
5.348e-06,12.361807872,21.02110535936
5.349e-06,12.361807872,21.02110535936
5.3500000000000004e-06,12.361807872,21.02110535936
5.351e-06,12.361807872,21.02110535936
5.352000000000001e-06,11.95979776,21.02110535936
5.353e-06,12.361807872,21.02110535936
5.354000000000001e-06,12.361807872,21.02110535936
5.355e-06,12.361807872,21.02110535936
5.356e-06,12.361807872,21.02110535936
5.3570000000000005e-06,12.361807872,21.02110535936
5.358e-06,12.361807872,21.02110535936
5.359000000000001e-06,12.763817984,21.02110535936
5.36e-06,12.763817984,21.02110535936
5.361e-06,12.763817984,21.02110535936
5.3620000000000005e-06,13.165828096,21.02110535936
5.363e-06,13.165828096,21.02110535936
5.364000000000001e-06,13.165828096,21.02110535936
5.365e-06,13.165828096,21.02110535936
5.366e-06,13.165828096,21.02110535936
5.3670000000000005e-06,13.165828096,21.02110535936
5.368e-06,13.165828096,21.02110535936
5.369000000000001e-06,13.165828096,21.02110535936
5.37e-06,13.165828096,21.02110535936
5.371000000000001e-06,13.165828096,21.02110535936
5.372e-06,13.165828096,21.02110535936
5.373e-06,13.165828096,21.02110535936
5.3740000000000006e-06,13.165828096,21.02110535936
5.375e-06,13.165828096,21.02110535936
5.376000000000001e-06,13.165828096,21.02110535936
5.377e-06,13.165828096,21.02110535936
5.378e-06,12.763817984,21.02110535936
5.3790000000000005e-06,12.763817984,21.02110535936
5.38e-06,12.763817984,21.02110535936
5.381000000000001e-06,12.763817984,21.02110535936
5.382e-06,12.763817984,21.02110535936
5.383e-06,12.763817984,21.02110535936
5.3840000000000005e-06,12.763817984,21.02110535936
5.385e-06,13.165828096,21.02110535936
5.386000000000001e-06,13.165828096,21.02110535936
5.387e-06,13.165828096,21.02110535936
5.388e-06,13.165828096,21.02110535936
5.389e-06,13.165828096,21.02110535936
5.39e-06,13.165828096,21.02110535936
5.3910000000000006e-06,13.567838208000001,21.02110535936
5.392e-06,13.567838208000001,21.02110535936
5.393000000000001e-06,13.567838208000001,21.02110535936
5.394e-06,13.567838208000001,21.02110535936
5.395e-06,13.567838208000001,21.02110535936
5.3960000000000005e-06,13.567838208000001,21.02110535936
5.397e-06,13.567838208000001,21.02110535936
5.398000000000001e-06,13.567838208000001,21.02110535936
5.399e-06,13.567838208000001,21.02110535936
5.4e-06,13.567838208000001,21.02110535936
5.4010000000000005e-06,13.567838208000001,21.02110535936
5.402e-06,13.96984832,21.02110535936
5.403000000000001e-06,13.96984832,21.02110535936
5.404e-06,13.96984832,21.02110535936
5.405e-06,13.96984832,21.02110535936
5.406e-06,13.567838208000001,21.02110535936
5.407e-06,13.567838208000001,21.02110535936
5.4080000000000006e-06,13.567838208000001,21.02110535936
5.409e-06,13.567838208000001,21.02110535936
5.410000000000001e-06,13.567838208000001,21.02110535936
5.411e-06,13.567838208000001,21.02110535936
5.412e-06,13.567838208000001,21.02110535936
5.4130000000000005e-06,13.567838208000001,21.02110535936
5.414e-06,13.567838208000001,21.02110535936
5.415000000000001e-06,13.567838208000001,21.02110535936
5.416e-06,13.567838208000001,21.02110535936
5.417e-06,13.567838208000001,21.02110535936
5.4180000000000005e-06,13.567838208000001,21.02110535936
5.419e-06,13.96984832,21.02110535936
5.420000000000001e-06,13.96984832,21.02110535936
5.421e-06,13.96984832,21.02110535936
5.422e-06,13.96984832,21.02110535936
5.4230000000000004e-06,13.96984832,21.02110535936
5.424e-06,13.96984832,21.02110535936
5.4250000000000006e-06,13.96984832,21.02110535936
5.426e-06,13.96984832,21.02110535936
5.427000000000001e-06,13.96984832,21.02110535936
5.428e-06,13.96984832,21.02110535936
5.429e-06,13.96984832,21.02110535936
5.4300000000000005e-06,13.96984832,21.02110535936
5.431e-06,13.96984832,21.02110535936
5.432000000000001e-06,13.96984832,21.02110535936
5.433e-06,13.96984832,21.02110535936
5.434e-06,13.96984832,21.02110535936
5.4350000000000005e-06,13.96984832,21.02110535936
5.436e-06,13.96984832,21.02110535936
5.437000000000001e-06,13.96984832,21.02110535936
5.438e-06,13.96984832,21.02110535936
5.439e-06,13.96984832,21.02110535936
5.4400000000000004e-06,13.96984832,21.02110535936
5.441e-06,13.96984832,21.02110535936
5.442000000000001e-06,13.96984832,21.02110535936
5.443e-06,13.96984832,21.02110535936
5.444000000000001e-06,13.96984832,21.02110535936
5.445e-06,13.96984832,21.02110535936
5.446e-06,13.96984832,21.02110535936
5.4470000000000005e-06,13.96984832,21.02110535936
5.448e-06,13.96984832,21.02110535936
5.449000000000001e-06,13.96984832,21.02110535936
5.45e-06,13.96984832,21.02110535936
5.451e-06,13.96984832,21.02110535936
5.4520000000000005e-06,13.96984832,21.02110535936
5.453e-06,13.96984832,21.02110535936
5.454000000000001e-06,13.96984832,21.02110535936
5.455e-06,13.96984832,21.02110535936
5.456e-06,13.96984832,21.02110535936
5.4570000000000004e-06,13.96984832,21.02110535936
5.458e-06,13.96984832,21.02110535936
5.459000000000001e-06,13.96984832,21.02110535936
5.46e-06,13.96984832,21.02110535936
5.461000000000001e-06,13.96984832,21.02110535936
5.462e-06,13.96984832,21.02110535936
5.463e-06,13.96984832,21.02110535936
5.4640000000000005e-06,13.96984832,21.02110535936
5.465e-06,13.96984832,21.02110535936
5.466000000000001e-06,13.96984832,21.02110535936
5.467e-06,13.96984832,21.02110535936
5.468e-06,13.96984832,21.02110535936
5.4690000000000005e-06,13.96984832,21.02110535936
5.47e-06,13.96984832,21.02110535936
5.471000000000001e-06,13.96984832,21.02110535936
5.472e-06,13.96984832,21.02110535936
5.473e-06,13.96984832,21.02110535936
5.4740000000000004e-06,13.96984832,21.02110535936
5.475e-06,13.96984832,21.02110535936
5.476000000000001e-06,13.96984832,21.02110535936
5.477e-06,13.96984832,21.02110535936
5.478000000000001e-06,13.96984832,21.02110535936
5.479e-06,13.96984832,21.02110535936
5.48e-06,13.96984832,21.02110535936
5.4810000000000005e-06,13.96984832,21.02110535936
5.482e-06,13.567838208000001,21.02110535936
5.483000000000001e-06,13.567838208000001,21.02110535936
5.484e-06,13.567838208000001,21.02110535936
5.485e-06,13.567838208000001,21.02110535936
5.4860000000000005e-06,13.567838208000001,21.02110535936
5.487e-06,13.165828096,21.02110535936
5.488000000000001e-06,13.165828096,21.02110535936
5.489e-06,13.165828096,21.02110535936
5.49e-06,13.165828096,21.02110535936
5.4910000000000005e-06,13.165828096,21.02110535936
5.492e-06,13.165828096,21.02110535936
5.493000000000001e-06,13.165828096,21.02110535936
5.494e-06,13.165828096,21.02110535936
5.495000000000001e-06,13.165828096,21.02110535936
5.496e-06,13.165828096,21.02110535936
5.497e-06,12.763817984,21.02110535936
5.4980000000000006e-06,12.763817984,21.02110535936
5.499e-06,12.763817984,21.02110535936
5.500000000000001e-06,12.763817984,21.02110535936
5.501e-06,12.361807872,21.02110535936
5.502e-06,12.361807872,21.02110535936
5.5030000000000005e-06,12.361807872,21.02110535936
5.504e-06,12.763817984,21.02110535936
5.505000000000001e-06,12.763817984,21.02110535936
5.506e-06,12.763817984,21.02110535936
5.507e-06,12.763817984,21.02110535936
5.5080000000000005e-06,12.763817984,21.02110535936
5.509e-06,12.763817984,21.02110535936
5.510000000000001e-06,12.763817984,21.02110535936
5.511e-06,12.763817984,21.02110535936
5.512000000000001e-06,12.763817984,21.02110535936
5.513e-06,12.763817984,21.02110535936
5.514e-06,12.763817984,21.02110535936
5.5150000000000006e-06,12.763817984,21.02110535936
5.516e-06,12.763817984,21.02110535936
5.517000000000001e-06,12.763817984,21.02110535936
5.518e-06,12.763817984,21.02110535936
5.519e-06,12.361807872,21.02110535936
5.5200000000000005e-06,12.361807872,21.02110535936
5.521e-06,12.361807872,21.02110535936
5.522000000000001e-06,12.361807872,21.02110535936
5.523e-06,11.95979776,21.02110535936
5.524e-06,11.95979776,21.02110535936
5.5250000000000005e-06,11.95979776,21.02110535936
5.526e-06,11.95979776,21.02110535936
5.527000000000001e-06,11.557787648,21.02110535936
5.528e-06,11.557787648,21.02110535936
5.529000000000001e-06,11.557787648,21.02110535936
5.53e-06,11.95979776,21.02110535936
5.531e-06,11.95979776,21.02110535936
5.5320000000000006e-06,11.557787648,21.02110535936
5.533e-06,11.95979776,21.02110535936
5.534000000000001e-06,11.95979776,21.02110535936
5.535e-06,11.95979776,21.02110535936
5.536e-06,11.95979776,21.02110535936
5.5370000000000005e-06,11.557787648,21.02110535936
5.538e-06,11.557787648,21.02110535936
5.539000000000001e-06,11.557787648,21.02110535936
5.54e-06,11.557787648,21.02110535936
5.541e-06,11.557787648,21.02110535936
5.5420000000000005e-06,11.557787648,21.02110535936
5.543e-06,11.557787648,21.02110535936
5.544000000000001e-06,11.557787648,21.02110535936
5.545e-06,11.557787648,21.02110535936
5.546e-06,11.155777536,21.02110535936
5.547e-06,11.155777536,21.02110535936
5.548e-06,11.155777536,21.02110535936
5.5490000000000006e-06,11.155777536,21.02110535936
5.55e-06,11.155777536,21.02110535936
5.551000000000001e-06,11.155777536,21.02110535936
5.552e-06,10.753767424000001,21.02110535936
5.553e-06,10.753767424000001,21.02110535936
5.5540000000000005e-06,10.753767424000001,21.02110535936
5.555e-06,10.753767424000001,21.02110535936
5.556000000000001e-06,11.155777536,21.02110535936
5.557e-06,11.155777536,21.02110535936
5.558e-06,11.155777536,21.02110535936
5.5590000000000005e-06,11.155777536,21.02110535936
5.56e-06,11.155777536,21.02110535936
5.561000000000001e-06,10.753767424000001,21.02110535936
5.562e-06,10.753767424000001,21.02110535936
5.563e-06,10.753767424000001,21.02110535936
5.5640000000000004e-06,10.351757312,21.02110535936
5.565e-06,10.351757312,21.02110535936
5.566000000000001e-06,10.351757312,21.02110535936
5.567e-06,10.351757312,21.02110535936
5.568000000000001e-06,10.351757312,21.02110535936
5.569e-06,10.351757312,21.02110535936
5.57e-06,10.351757312,21.02110535936
5.5710000000000005e-06,10.351757312,21.02110535936
5.572e-06,10.753767424000001,21.02110535936
5.573000000000001e-06,10.753767424000001,21.02110535936
5.574e-06,10.753767424000001,21.02110535936
5.575e-06,10.351757312,21.02110535936
5.5760000000000005e-06,10.351757312,21.02110535936
5.577e-06,10.351757312,21.02110535936
5.578000000000001e-06,10.351757312,21.02110535936
5.579e-06,10.351757312,21.02110535936
5.58e-06,10.351757312,21.02110535936
5.5810000000000004e-06,10.351757312,21.02110535936
5.582e-06,10.351757312,21.02110535936
5.583000000000001e-06,10.351757312,21.02110535936
5.584e-06,10.351757312,21.02110535936
5.585000000000001e-06,10.351757312,21.02110535936
5.586e-06,10.351757312,21.02110535936
5.587e-06,9.949747200000001,21.02110535936
5.5880000000000005e-06,9.949747200000001,21.02110535936
5.589e-06,9.949747200000001,21.02110535936
5.590000000000001e-06,9.949747200000001,21.02110535936
5.591e-06,9.949747200000001,21.02110535936
5.592e-06,9.949747200000001,21.02110535936
5.5930000000000005e-06,9.949747200000001,21.02110535936
5.594e-06,9.949747200000001,21.02110535936
5.595000000000001e-06,9.949747200000001,21.02110535936
5.596e-06,9.949747200000001,21.02110535936
5.597e-06,9.949747200000001,21.02110535936
5.5980000000000004e-06,9.949747200000001,21.02110535936
5.599e-06,9.949747200000001,21.02110535936
5.600000000000001e-06,9.949747200000001,21.02110535936
5.601e-06,9.949747200000001,21.02110535936
5.602000000000001e-06,9.949747200000001,21.02110535936
5.603e-06,9.949747200000001,21.02110535936
5.604e-06,9.949747200000001,21.02110535936
5.6050000000000005e-06,9.949747200000001,21.02110535936
5.606e-06,9.949747200000001,21.02110535936
5.607000000000001e-06,9.949747200000001,21.02110535936
5.608e-06,9.949747200000001,21.02110535936
5.609e-06,9.949747200000001,21.02110535936
5.6100000000000005e-06,9.949747200000001,21.02110535936
5.611e-06,9.949747200000001,21.02110535936
5.612000000000001e-06,9.949747200000001,21.02110535936
5.613e-06,9.949747200000001,21.02110535936
5.614e-06,9.949747200000001,21.02110535936
5.6150000000000005e-06,9.949747200000001,21.02110535936
5.616e-06,9.949747200000001,21.02110535936
5.617000000000001e-06,9.949747200000001,21.02110535936
5.618e-06,9.949747200000001,21.02110535936
5.619000000000001e-06,9.949747200000001,21.02110535936
5.62e-06,9.949747200000001,21.02110535936
5.621e-06,9.949747200000001,21.02110535936
5.6220000000000006e-06,9.949747200000001,21.02110535936
5.623e-06,9.949747200000001,21.02110535936
5.624000000000001e-06,9.949747200000001,21.02110535936
5.625e-06,9.949747200000001,21.02110535936
5.626e-06,9.949747200000001,21.02110535936
5.6270000000000005e-06,9.949747200000001,21.02110535936
5.628e-06,9.949747200000001,21.02110535936
5.629000000000001e-06,9.949747200000001,21.02110535936
5.63e-06,10.351757312,21.02110535936
5.631e-06,10.351757312,21.02110535936
5.6320000000000005e-06,10.351757312,21.02110535936
5.633e-06,10.351757312,21.02110535936
5.634000000000001e-06,10.351757312,21.02110535936
5.635e-06,10.351757312,21.02110535936
5.636000000000001e-06,10.351757312,21.02110535936
5.637e-06,10.351757312,21.02110535936
5.638e-06,10.351757312,21.02110535936
5.6390000000000006e-06,10.351757312,21.02110535936
5.64e-06,10.351757312,21.02110535936
5.641000000000001e-06,10.351757312,21.02110535936
5.642e-06,10.351757312,21.02110535936
5.643e-06,10.351757312,21.02110535936
5.6440000000000005e-06,10.351757312,21.02110535936
5.645e-06,10.351757312,21.02110535936
5.646000000000001e-06,10.351757312,21.02110535936
5.647e-06,10.351757312,21.02110535936
5.648e-06,10.351757312,21.02110535936
5.6490000000000005e-06,10.351757312,21.02110535936
5.65e-06,9.949747200000001,21.02110535936
5.651000000000001e-06,9.949747200000001,21.02110535936
5.652e-06,9.949747200000001,21.02110535936
5.653000000000001e-06,9.949747200000001,21.02110535936
5.654e-06,9.949747200000001,21.02110535936
5.655e-06,9.949747200000001,21.02110535936
5.6560000000000006e-06,9.949747200000001,21.02110535936
5.657e-06,9.949747200000001,21.02110535936
5.658000000000001e-06,9.949747200000001,21.02110535936
5.659e-06,9.949747200000001,21.02110535936
5.66e-06,9.949747200000001,21.02110535936
5.6610000000000005e-06,9.949747200000001,21.02110535936
5.662e-06,9.949747200000001,21.02110535936
5.663000000000001e-06,10.351757312,21.02110535936
5.664e-06,10.351757312,21.02110535936
5.665e-06,10.351757312,21.02110535936
5.6660000000000005e-06,10.351757312,21.02110535936
5.667e-06,10.351757312,21.02110535936
5.668000000000001e-06,10.351757312,21.02110535936
5.669e-06,10.351757312,21.02110535936
5.670000000000001e-06,10.351757312,21.02110535936
5.671e-06,10.753767424000001,21.02110535936
5.672e-06,10.753767424000001,21.02110535936
5.6730000000000006e-06,10.753767424000001,21.02110535936
5.674e-06,10.753767424000001,21.02110535936
5.675000000000001e-06,10.753767424000001,21.02110535936
5.676e-06,10.753767424000001,21.02110535936
5.677e-06,10.753767424000001,21.02110535936
5.6780000000000005e-06,10.753767424000001,21.02110535936
5.679e-06,10.753767424000001,21.02110535936
5.680000000000001e-06,10.753767424000001,21.02110535936
5.681e-06,10.753767424000001,21.02110535936
5.682e-06,10.351757312,21.02110535936
5.6830000000000005e-06,10.351757312,21.02110535936
5.684e-06,10.351757312,21.02110535936
5.685000000000001e-06,10.351757312,21.02110535936
5.686e-06,10.351757312,21.02110535936
5.687000000000001e-06,10.351757312,21.02110535936
5.6880000000000004e-06,10.351757312,21.02110535936
5.689e-06,10.351757312,21.02110535936
5.690000000000001e-06,10.351757312,21.02110535936
5.691e-06,10.351757312,21.02110535936
5.692000000000001e-06,10.351757312,21.02110535936
5.693e-06,10.351757312,21.02110535936
5.694e-06,10.351757312,21.02110535936
5.6950000000000005e-06,10.351757312,21.02110535936
5.696e-06,10.351757312,21.02110535936
5.697000000000001e-06,10.351757312,21.02110535936
5.698e-06,10.351757312,21.02110535936
5.699e-06,10.753767424000001,21.02110535936
5.7000000000000005e-06,10.753767424000001,21.02110535936
5.701e-06,10.753767424000001,21.02110535936
5.702000000000001e-06,10.753767424000001,21.02110535936
5.703e-06,10.753767424000001,21.02110535936
5.704e-06,10.753767424000001,21.02110535936
5.7050000000000004e-06,11.155777536,21.02110535936
5.706e-06,11.155777536,21.02110535936
5.707000000000001e-06,11.155777536,21.02110535936
5.708e-06,11.155777536,21.02110535936
5.709000000000001e-06,11.155777536,21.02110535936
5.71e-06,11.155777536,21.02110535936
5.711e-06,11.155777536,21.02110535936
5.7120000000000005e-06,11.155777536,21.02110535936
5.713e-06,11.155777536,21.02110535936
5.714000000000001e-06,11.155777536,21.02110535936
5.715e-06,10.753767424000001,21.02110535936
5.716e-06,10.753767424000001,21.02110535936
5.7170000000000005e-06,10.753767424000001,21.02110535936
5.718e-06,10.753767424000001,21.02110535936
5.719000000000001e-06,10.753767424000001,21.02110535936
5.72e-06,10.753767424000001,21.02110535936
5.721e-06,10.753767424000001,21.02110535936
5.7220000000000004e-06,10.753767424000001,21.02110535936
5.723e-06,10.753767424000001,21.02110535936
5.724000000000001e-06,10.753767424000001,21.02110535936
5.725e-06,10.753767424000001,21.02110535936
5.726000000000001e-06,10.753767424000001,21.02110535936
5.727e-06,11.155777536,21.02110535936
5.728e-06,11.155777536,21.02110535936
5.7290000000000005e-06,11.155777536,21.02110535936
5.73e-06,11.155777536,21.02110535936
5.731000000000001e-06,10.753767424000001,21.02110535936
5.732e-06,10.753767424000001,21.02110535936
5.733e-06,10.753767424000001,21.02110535936
5.7340000000000005e-06,10.753767424000001,21.02110535936
5.735e-06,10.753767424000001,21.02110535936
5.736000000000001e-06,10.753767424000001,21.02110535936
5.737e-06,10.753767424000001,21.02110535936
5.738e-06,10.753767424000001,21.02110535936
5.7390000000000004e-06,10.753767424000001,21.02110535936
5.74e-06,10.753767424000001,21.02110535936
5.741000000000001e-06,10.753767424000001,21.02110535936
5.742e-06,10.753767424000001,21.02110535936
5.743000000000001e-06,10.753767424000001,21.02110535936
5.744e-06,10.753767424000001,21.02110535936
5.745e-06,10.753767424000001,21.02110535936
5.7460000000000006e-06,10.753767424000001,21.02110535936
5.747e-06,10.753767424000001,21.02110535936
5.748000000000001e-06,10.753767424000001,21.02110535936
5.749e-06,10.753767424000001,21.02110535936
5.75e-06,10.753767424000001,21.02110535936
5.7510000000000005e-06,10.753767424000001,21.02110535936
5.752e-06,10.753767424000001,21.02110535936
5.753000000000001e-06,10.753767424000001,21.02110535936
5.754e-06,10.753767424000001,21.02110535936
5.755e-06,10.753767424000001,21.02110535936
5.7560000000000005e-06,10.753767424000001,21.02110535936
5.757e-06,10.351757312,21.02110535936
5.758000000000001e-06,10.351757312,21.02110535936
5.759e-06,10.753767424000001,21.02110535936
5.760000000000001e-06,10.753767424000001,21.02110535936
5.761e-06,10.753767424000001,21.02110535936
5.762e-06,10.753767424000001,21.02110535936
5.7630000000000006e-06,10.351757312,21.02110535936
5.764e-06,10.351757312,21.02110535936
5.765000000000001e-06,10.351757312,21.02110535936
5.766e-06,10.351757312,21.02110535936
5.767e-06,10.351757312,21.02110535936
5.7680000000000005e-06,10.351757312,21.02110535936
5.769e-06,10.351757312,21.02110535936
5.770000000000001e-06,10.351757312,21.02110535936
5.771e-06,10.351757312,21.02110535936
5.772e-06,10.351757312,21.02110535936
5.7730000000000005e-06,10.351757312,21.02110535936
5.774e-06,10.351757312,21.02110535936
5.775000000000001e-06,10.351757312,21.02110535936
5.776e-06,10.351757312,21.02110535936
5.777000000000001e-06,10.351757312,21.02110535936
5.778e-06,10.351757312,21.02110535936
5.779e-06,10.351757312,21.02110535936
5.7800000000000006e-06,10.351757312,21.02110535936
5.781e-06,10.351757312,21.02110535936
5.782000000000001e-06,10.351757312,21.02110535936
5.783e-06,10.351757312,21.02110535936
5.784e-06,10.351757312,21.02110535936
5.7850000000000005e-06,10.351757312,21.02110535936
5.786e-06,10.351757312,21.02110535936
5.787000000000001e-06,9.949747200000001,21.02110535936
5.788e-06,9.949747200000001,21.02110535936
5.789e-06,9.949747200000001,21.02110535936
5.7900000000000005e-06,9.547737088,21.02110535936
5.791e-06,9.547737088,21.02110535936
5.792000000000001e-06,9.547737088,21.02110535936
5.793e-06,9.547737088,21.02110535936
5.794000000000001e-06,9.547737088,21.02110535936
5.795e-06,9.547737088,21.02110535936
5.796e-06,9.547737088,21.02110535936
5.7970000000000006e-06,9.547737088,21.02110535936
5.798e-06,9.547737088,21.02110535936
5.799000000000001e-06,9.145726976,21.02110535936
5.8e-06,9.145726976,21.02110535936
5.801e-06,9.145726976,21.02110535936
5.8020000000000005e-06,9.145726976,21.02110535936
5.803e-06,8.743716864000001,21.02110535936
5.804000000000001e-06,8.743716864000001,21.02110535936
5.805e-06,8.743716864000001,21.02110535936
5.806e-06,8.341706752,21.02110535936
5.8070000000000005e-06,8.341706752,21.02110535936
5.808e-06,8.341706752,21.02110535936
5.809000000000001e-06,7.939696640000001,21.02110535936
5.81e-06,7.939696640000001,21.02110535936
5.811000000000001e-06,7.939696640000001,21.02110535936
5.8120000000000004e-06,7.537686528,21.02110535936
5.813e-06,7.537686528,21.02110535936
5.814000000000001e-06,7.537686528,21.02110535936
5.815e-06,7.537686528,21.02110535936
5.816000000000001e-06,7.135676416000001,21.02110535936
5.817e-06,7.135676416000001,21.02110535936
5.818e-06,6.7336663040000015,21.02110535936
5.8190000000000005e-06,6.7336663040000015,21.02110535936
5.82e-06,6.3316561920000005,21.02110535936
5.821000000000001e-06,6.3316561920000005,21.02110535936
5.822e-06,5.929646080000001,21.02110535936
5.823e-06,5.929646080000001,21.02110535936
5.8240000000000005e-06,5.929646080000001,21.02110535936
5.825e-06,5.527635968,21.02110535936
5.826000000000001e-06,5.527635968,21.02110535936
5.827e-06,5.125625856000001,21.02110535936
5.828000000000001e-06,4.723615744000002,21.02110535936
5.8290000000000004e-06,4.321605632000001,21.02110535936
5.83e-06,4.321605632000001,21.02110535936
5.831000000000001e-06,3.9195955200000014,21.02110535936
5.832e-06,3.517585408000002,21.02110535936
5.833000000000001e-06,3.1155752959999994,21.02110535936
5.834e-06,2.713565184,21.02110535936
5.835e-06,2.311555072000001,21.02110535936
5.8360000000000005e-06,1.9095449600000016,21.02110535936
5.837e-06,1.5075348480000024,21.02110535936
5.838000000000001e-06,1.1055247359999996,21.02110535936
5.839e-06,0.7035146240000003,21.02110535936
5.84e-06,0.30150451200000106,21.02110535936
5.8410000000000005e-06,-0.1005055999999982,21.02110535936
5.842e-06,-0.5025157119999974,21.02110535936
5.843000000000001e-06,-0.9045258240000003,21.02110535936
5.844e-06,-1.7085460479999988,21.02110535936
5.845e-06,-2.110556159999998,21.02110535936
5.8460000000000004e-06,-2.5125662719999973,21.02110535936
5.847e-06,-2.914576384,21.02110535936
5.848000000000001e-06,-3.7185966079999986,21.02110535936
5.849e-06,-4.120606719999998,21.02110535936
5.850000000000001e-06,-4.522616831999997,21.02110535936
5.851e-06,-4.924626944,21.02110535936
5.852e-06,-5.728647167999998,21.02110535936
5.8530000000000005e-06,-6.130657279999998,21.02110535936
5.854e-06,-6.532667391999997,21.02110535936
5.855000000000001e-06,-7.336687615999999,21.02110535936
5.856e-06,-7.738697727999998,21.02110535936
5.857e-06,-8.140707839999997,21.02110535936
5.8580000000000005e-06,-8.542717951999997,21.02110535936
5.859e-06,-8.944728064,21.02110535936
5.860000000000001e-06,-9.346738175999999,21.02110535936
5.861e-06,-9.748748287999998,21.02110535936
5.862e-06,-10.150758399999997,21.02110535936
5.8630000000000004e-06,-10.552768511999997,21.02110535936
5.864e-06,-10.954778624,21.02110535936
5.865000000000001e-06,-11.356788735999999,21.02110535936
5.866e-06,-11.758798847999998,21.02110535936
5.867000000000001e-06,-12.160808959999997,21.02110535936
5.868e-06,-12.562819071999996,21.02110535936
5.869e-06,-12.562819071999996,21.02110535936
5.8700000000000005e-06,-12.964829183999996,21.02110535936
5.871e-06,-13.366839295999995,21.02110535936
5.872000000000001e-06,-13.366839295999995,21.02110535936
5.873e-06,-13.768849408000001,21.02110535936
5.874e-06,-14.17085952,21.02110535936
5.8750000000000005e-06,-14.572869632,21.02110535936
5.876e-06,-14.974879743999999,21.02110535936
5.877000000000001e-06,-14.974879743999999,21.02110535936
5.878e-06,-15.376889855999998,21.02110535936
5.879e-06,-15.778899967999998,21.02110535936
5.8800000000000005e-06,-16.180910079999997,21.02110535936
5.881e-06,-16.582920191999996,21.02110535936
5.882000000000001e-06,-16.582920191999996,21.02110535936
5.883e-06,-16.984930303999995,21.02110535936
5.884000000000001e-06,-17.386940415999995,21.02110535936
5.885e-06,-17.788950528,21.02110535936
5.886e-06,-18.19096064,21.02110535936
5.8870000000000006e-06,-18.19096064,21.02110535936
5.888e-06,-18.592970752,21.02110535936
5.889000000000001e-06,-18.994980864,21.02110535936
5.89e-06,-19.396990975999998,21.02110535936
5.891e-06,-19.799001087999997,21.02110535936
5.8920000000000005e-06,-19.799001087999997,21.02110535936
5.893e-06,-20.201011199999996,21.02110535936
5.894000000000001e-06,-20.201011199999996,21.02110535936
5.895e-06,-20.603021311999996,21.02110535936
5.896e-06,-20.603021311999996,21.02110535936
5.8970000000000005e-06,-21.005031423999995,21.02110535936
5.898e-06,-21.407041535999994,21.02110535936
5.899000000000001e-06,-21.809051648,21.02110535936
5.9e-06,-21.809051648,21.02110535936
5.901000000000001e-06,-22.21106176,21.02110535936
5.902e-06,-22.613071872,21.02110535936
5.903e-06,-22.613071872,21.02110535936
5.9040000000000006e-06,-23.015081984,21.02110535936
5.905e-06,-23.417092095999998,21.02110535936
5.906000000000001e-06,-23.417092095999998,21.02110535936
5.907e-06,-23.819102207999997,21.02110535936
5.908e-06,-23.819102207999997,21.02110535936
5.9090000000000005e-06,-23.819102207999997,21.02110535936
5.91e-06,-24.221112319999996,21.02110535936
5.911000000000001e-06,-24.221112319999996,21.02110535936
5.912e-06,-24.221112319999996,21.02110535936
5.913e-06,-24.221112319999996,21.02110535936
5.9140000000000005e-06,-24.221112319999996,21.02110535936
5.915e-06,-24.623122431999995,21.02110535936
5.916000000000001e-06,-24.623122431999995,21.02110535936
5.917e-06,-24.623122431999995,21.02110535936
5.918000000000001e-06,-24.623122431999995,21.02110535936
5.919e-06,-24.623122431999995,21.02110535936
5.92e-06,-24.623122431999995,21.02110535936
5.9210000000000006e-06,-24.623122431999995,21.02110535936
5.922e-06,-24.623122431999995,21.02110535936
5.923000000000001e-06,-24.623122431999995,21.02110535936
5.924e-06,-24.623122431999995,21.02110535936
5.925e-06,-25.025132543999995,21.02110535936
5.9260000000000005e-06,-25.025132543999995,21.02110535936
5.927e-06,-25.025132543999995,21.02110535936
5.928000000000001e-06,-25.025132543999995,21.02110535936
5.929e-06,-25.025132543999995,21.02110535936
5.93e-06,-25.025132543999995,21.02110535936
5.9310000000000005e-06,-25.025132543999995,21.02110535936
5.932e-06,-25.025132543999995,21.02110535936
5.933000000000001e-06,-25.025132543999995,21.02110535936
5.934e-06,-24.623122431999995,21.02110535936
5.935000000000001e-06,-24.623122431999995,21.02110535936
5.9360000000000004e-06,-25.025132543999995,21.02110535936
5.937e-06,-25.025132543999995,21.02110535936
5.9380000000000006e-06,-24.623122431999995,21.02110535936
5.939e-06,-25.025132543999995,21.02110535936
5.940000000000001e-06,-25.025132543999995,21.02110535936
5.941e-06,-25.025132543999995,21.02110535936
5.942e-06,-25.025132543999995,21.02110535936
5.9430000000000005e-06,-25.025132543999995,21.02110535936
5.944e-06,-25.025132543999995,21.02110535936
5.945000000000001e-06,-25.025132543999995,21.02110535936
5.946e-06,-25.025132543999995,21.02110535936
5.947e-06,-25.025132543999995,21.02110535936
5.9480000000000005e-06,-25.025132543999995,21.02110535936
5.949e-06,-25.025132543999995,21.02110535936
5.950000000000001e-06,-25.025132543999995,21.02110535936
5.951e-06,-24.623122431999995,21.02110535936
5.952000000000001e-06,-25.025132543999995,21.02110535936
5.9530000000000004e-06,-25.025132543999995,21.02110535936
5.954e-06,-24.623122431999995,21.02110535936
5.955000000000001e-06,-25.025132543999995,21.02110535936
5.956e-06,-24.623122431999995,21.02110535936
5.957000000000001e-06,-25.025132543999995,21.02110535936
5.958e-06,-25.025132543999995,21.02110535936
5.959e-06,-24.623122431999995,21.02110535936
5.9600000000000005e-06,-24.623122431999995,21.02110535936
5.961e-06,-24.623122431999995,21.02110535936
5.962000000000001e-06,-24.623122431999995,21.02110535936
5.963e-06,-24.623122431999995,21.02110535936
5.964e-06,-24.623122431999995,21.02110535936
5.9650000000000005e-06,-24.623122431999995,21.02110535936
5.966e-06,-24.221112319999996,21.02110535936
5.967000000000001e-06,-24.221112319999996,21.02110535936
5.968e-06,-24.221112319999996,21.02110535936
5.969000000000001e-06,-24.221112319999996,21.02110535936
5.9700000000000004e-06,-24.221112319999996,21.02110535936
5.971e-06,-23.819102207999997,21.02110535936
5.972000000000001e-06,-23.819102207999997,21.02110535936
5.973e-06,-23.819102207999997,21.02110535936
5.974000000000001e-06,-23.819102207999997,21.02110535936
5.975e-06,-23.819102207999997,21.02110535936
5.976e-06,-23.417092095999998,21.02110535936
5.9770000000000005e-06,-23.417092095999998,21.02110535936
5.978e-06,-23.417092095999998,21.02110535936
5.979000000000001e-06,-23.417092095999998,21.02110535936
5.98e-06,-23.015081984,21.02110535936
5.981e-06,-23.015081984,21.02110535936
5.9820000000000005e-06,-22.613071872,21.02110535936
5.983e-06,-22.613071872,21.02110535936
5.984000000000001e-06,-22.21106176,21.02110535936
5.985e-06,-22.21106176,21.02110535936
5.986000000000001e-06,-21.809051648,21.02110535936
5.9870000000000004e-06,-21.809051648,21.02110535936
5.988e-06,-21.809051648,21.02110535936
5.989000000000001e-06,-21.407041535999994,21.02110535936
5.99e-06,-21.407041535999994,21.02110535936
5.991000000000001e-06,-21.005031423999995,21.02110535936
5.992e-06,-21.005031423999995,21.02110535936
5.993e-06,-20.603021311999996,21.02110535936
5.9940000000000005e-06,-20.603021311999996,21.02110535936
5.995e-06,-20.201011199999996,21.02110535936
5.996000000000001e-06,-19.799001087999997,21.02110535936
5.997e-06,-19.799001087999997,21.02110535936
5.998e-06,-19.396990975999998,21.02110535936
5.9990000000000005e-06,-18.994980864,21.02110535936
6e-06,-18.592970752,21.02110535936
6.001000000000001e-06,-18.592970752,21.02110535936
6.002e-06,-18.19096064,21.02110535936
6.003e-06,-17.788950528,21.02110535936
6.0040000000000005e-06,-17.386940415999995,21.02110535936
6.005e-06,-17.386940415999995,21.02110535936
6.006000000000001e-06,-16.984930303999995,21.02110535936
6.007e-06,-16.582920191999996,21.02110535936
6.008000000000001e-06,-16.180910079999997,21.02110535936
6.009e-06,-16.180910079999997,21.02110535936
6.01e-06,-15.778899967999998,21.02110535936
6.0110000000000006e-06,-15.376889855999998,21.02110535936
6.012e-06,-14.974879743999999,21.02110535936
6.013000000000001e-06,-14.974879743999999,21.02110535936
6.014e-06,-14.572869632,21.02110535936
6.015e-06,-14.572869632,21.02110535936
6.0160000000000005e-06,-14.17085952,21.02110535936
6.017e-06,-14.17085952,21.02110535936
6.018000000000001e-06,-13.768849408000001,21.02110535936
6.019e-06,-13.366839295999995,21.02110535936
6.02e-06,-12.964829183999996,21.02110535936
6.0210000000000005e-06,-12.964829183999996,21.02110535936
6.022e-06,-12.562819071999996,21.02110535936
6.023000000000001e-06,-12.160808959999997,21.02110535936
6.024e-06,-11.758798847999998,21.02110535936
6.025000000000001e-06,-11.356788735999999,21.02110535936
6.026e-06,-10.954778624,21.02110535936
6.027e-06,-10.954778624,21.02110535936
6.0280000000000006e-06,-10.552768511999997,21.02110535936
6.029e-06,-10.150758399999997,21.02110535936
6.030000000000001e-06,-9.748748287999998,21.02110535936
6.031e-06,-9.748748287999998,21.02110535936
6.032e-06,-9.346738175999999,21.02110535936
6.0330000000000005e-06,-8.944728064,21.02110535936
6.034e-06,-8.542717951999997,21.02110535936
6.035000000000001e-06,-8.140707839999997,21.02110535936
6.036e-06,-7.738697727999998,21.02110535936
6.037e-06,-7.336687615999999,21.02110535936
6.0380000000000005e-06,-6.934677504,21.02110535936
6.039e-06,-6.532667391999997,21.02110535936
6.040000000000001e-06,-6.532667391999997,21.02110535936
6.041e-06,-6.130657279999998,21.02110535936
6.042000000000001e-06,-5.728647167999998,21.02110535936
6.043e-06,-5.326637055999999,21.02110535936
6.044e-06,-5.326637055999999,21.02110535936
6.0450000000000006e-06,-4.924626944,21.02110535936
6.046e-06,-4.522616831999997,21.02110535936
6.047000000000001e-06,-4.522616831999997,21.02110535936
6.048e-06,-4.120606719999998,21.02110535936
6.049e-06,-3.7185966079999986,21.02110535936
6.0500000000000005e-06,-3.7185966079999986,21.02110535936
6.051e-06,-3.3165864959999993,21.02110535936
6.052000000000001e-06,-3.3165864959999993,21.02110535936
6.053e-06,-2.914576384,21.02110535936
6.054e-06,-2.5125662719999973,21.02110535936
6.0550000000000005e-06,-2.110556159999998,21.02110535936
6.056e-06,-2.110556159999998,21.02110535936
6.057000000000001e-06,-1.7085460479999988,21.02110535936
6.058e-06,-1.3065359359999995,21.02110535936
6.059000000000001e-06,-0.9045258240000003,21.02110535936
6.0600000000000004e-06,-0.9045258240000003,21.02110535936
6.061e-06,-0.5025157119999974,21.02110535936
6.0620000000000006e-06,-0.5025157119999974,21.02110535936
6.063e-06,-0.1005055999999982,21.02110535936
6.064000000000001e-06,-0.1005055999999982,21.02110535936
6.065e-06,-0.1005055999999982,21.02110535936
6.066e-06,0.30150451200000106,21.02110535936
6.0670000000000005e-06,0.30150451200000106,21.02110535936
6.068e-06,0.30150451200000106,21.02110535936
6.069000000000001e-06,0.7035146240000003,21.02110535936
6.07e-06,0.7035146240000003,21.02110535936
6.071e-06,1.1055247359999996,21.02110535936
6.0720000000000005e-06,1.1055247359999996,21.02110535936
6.073e-06,1.1055247359999996,21.02110535936
6.074000000000001e-06,1.5075348480000024,21.02110535936
6.075e-06,1.5075348480000024,21.02110535936
6.076000000000001e-06,1.5075348480000024,21.02110535936
6.0770000000000004e-06,1.9095449600000016,21.02110535936
6.078e-06,1.9095449600000016,21.02110535936
6.079000000000001e-06,2.311555072000001,21.02110535936
6.08e-06,2.311555072000001,21.02110535936
6.081000000000001e-06,2.713565184,21.02110535936
6.082e-06,2.713565184,21.02110535936
6.083e-06,2.713565184,21.02110535936
6.0840000000000005e-06,2.713565184,21.02110535936
6.085e-06,2.713565184,21.02110535936
6.086000000000001e-06,2.713565184,21.02110535936
6.087e-06,2.713565184,21.02110535936
6.088e-06,2.713565184,21.02110535936
6.0890000000000005e-06,2.713565184,21.02110535936
6.09e-06,2.713565184,21.02110535936
6.091000000000001e-06,2.713565184,21.02110535936
6.092e-06,2.713565184,21.02110535936
6.093000000000001e-06,2.713565184,21.02110535936
6.0940000000000004e-06,2.713565184,21.02110535936
6.095e-06,2.713565184,21.02110535936
6.096000000000001e-06,2.713565184,21.02110535936
6.097e-06,2.311555072000001,21.02110535936
6.098000000000001e-06,2.311555072000001,21.02110535936
6.099e-06,2.311555072000001,21.02110535936
6.1e-06,2.311555072000001,21.02110535936
6.1010000000000005e-06,2.311555072000001,21.02110535936
6.102e-06,2.311555072000001,21.02110535936
6.103000000000001e-06,1.9095449600000016,21.02110535936
6.104e-06,1.9095449600000016,21.02110535936
6.105e-06,1.9095449600000016,21.02110535936
6.1060000000000005e-06,1.9095449600000016,21.02110535936
6.107e-06,1.9095449600000016,21.02110535936
6.108000000000001e-06,1.5075348480000024,21.02110535936
6.109e-06,1.5075348480000024,21.02110535936
6.110000000000001e-06,1.5075348480000024,21.02110535936
6.1110000000000004e-06,1.1055247359999996,21.02110535936
6.112e-06,1.1055247359999996,21.02110535936
6.113000000000001e-06,1.1055247359999996,21.02110535936
6.114e-06,0.7035146240000003,21.02110535936
6.115000000000001e-06,0.7035146240000003,21.02110535936
6.116e-06,0.30150451200000106,21.02110535936
6.117e-06,0.30150451200000106,21.02110535936
6.1180000000000005e-06,-0.1005055999999982,21.02110535936
6.119e-06,-0.5025157119999974,21.02110535936
6.120000000000001e-06,-0.5025157119999974,21.02110535936
6.121e-06,-0.9045258240000003,21.02110535936
6.122e-06,-0.9045258240000003,21.02110535936
6.1230000000000005e-06,-1.3065359359999995,21.02110535936
6.124e-06,-1.3065359359999995,21.02110535936
6.125000000000001e-06,-1.7085460479999988,21.02110535936
6.126e-06,-2.110556159999998,21.02110535936
6.127000000000001e-06,-2.110556159999998,21.02110535936
6.1280000000000005e-06,-2.5125662719999973,21.02110535936
6.129e-06,-2.5125662719999973,21.02110535936
6.130000000000001e-06,-2.914576384,21.02110535936
6.131e-06,-2.914576384,21.02110535936
6.132000000000001e-06,-3.3165864959999993,21.02110535936
6.133e-06,-3.3165864959999993,21.02110535936
6.134e-06,-3.7185966079999986,21.02110535936
6.1350000000000006e-06,-4.120606719999998,21.02110535936
6.136e-06,-4.120606719999998,21.02110535936
6.137000000000001e-06,-4.522616831999997,21.02110535936
6.138e-06,-4.924626944,21.02110535936
6.139e-06,-5.326637055999999,21.02110535936
6.1400000000000005e-06,-5.326637055999999,21.02110535936
6.141e-06,-5.728647167999998,21.02110535936
6.142000000000001e-06,-5.728647167999998,21.02110535936
6.143e-06,-6.130657279999998,21.02110535936
6.144000000000001e-06,-6.532667391999997,21.02110535936
6.1450000000000005e-06,-6.934677504,21.02110535936
6.146e-06,-7.336687615999999,21.02110535936
6.147000000000001e-06,-7.738697727999998,21.02110535936
6.148e-06,-8.140707839999997,21.02110535936
6.149000000000001e-06,-8.542717951999997,21.02110535936
6.15e-06,-8.944728064,21.02110535936
6.151e-06,-8.944728064,21.02110535936
6.1520000000000006e-06,-9.346738175999999,21.02110535936
6.153e-06,-9.748748287999998,21.02110535936
6.154000000000001e-06,-10.150758399999997,21.02110535936
6.155e-06,-10.150758399999997,21.02110535936
6.156e-06,-10.552768511999997,21.02110535936
6.1570000000000005e-06,-10.954778624,21.02110535936
6.158e-06,-11.356788735999999,21.02110535936
6.159000000000001e-06,-11.356788735999999,21.02110535936
6.16e-06,-11.758798847999998,21.02110535936
6.161e-06,-12.160808959999997,21.02110535936
6.1620000000000005e-06,-12.562819071999996,21.02110535936
6.163e-06,-12.964829183999996,21.02110535936
6.164000000000001e-06,-13.366839295999995,21.02110535936
6.165e-06,-13.768849408000001,21.02110535936
6.166000000000001e-06,-13.768849408000001,21.02110535936
6.167e-06,-14.17085952,21.02110535936
6.168e-06,-14.17085952,21.02110535936
6.1690000000000006e-06,-14.572869632,21.02110535936
6.17e-06,-14.974879743999999,21.02110535936
6.171000000000001e-06,-15.376889855999998,21.02110535936
6.172e-06,-15.778899967999998,21.02110535936
6.173e-06,-16.180910079999997,21.02110535936
6.1740000000000005e-06,-16.582920191999996,21.02110535936
6.175e-06,-16.582920191999996,21.02110535936
6.176000000000001e-06,-16.984930303999995,21.02110535936
6.177e-06,-16.984930303999995,21.02110535936
6.178e-06,-16.984930303999995,21.02110535936
6.1790000000000005e-06,-17.386940415999995,21.02110535936
6.18e-06,-17.386940415999995,21.02110535936
6.181000000000001e-06,-17.788950528,21.02110535936
6.182e-06,-18.19096064,21.02110535936
6.183000000000001e-06,-18.19096064,21.02110535936
6.184e-06,-18.592970752,21.02110535936
6.185e-06,-18.994980864,21.02110535936
6.1860000000000006e-06,-18.994980864,21.02110535936
6.187e-06,-19.396990975999998,21.02110535936
6.188000000000001e-06,-19.396990975999998,21.02110535936
6.189e-06,-19.799001087999997,21.02110535936
6.19e-06,-19.799001087999997,21.02110535936
6.1910000000000005e-06,-20.201011199999996,21.02110535936
6.192e-06,-20.201011199999996,21.02110535936
6.193000000000001e-06,-20.603021311999996,21.02110535936
6.194e-06,-20.603021311999996,21.02110535936
6.195e-06,-20.603021311999996,21.02110535936
6.1960000000000005e-06,-21.005031423999995,21.02110535936
6.197e-06,-21.005031423999995,21.02110535936
6.198000000000001e-06,-21.407041535999994,21.02110535936
6.199e-06,-21.407041535999994,21.02110535936
6.200000000000001e-06,-21.407041535999994,21.02110535936
6.2010000000000004e-06,-21.809051648,21.02110535936
6.202e-06,-21.809051648,21.02110535936
6.203000000000001e-06,-22.21106176,21.02110535936
6.204e-06,-22.21106176,21.02110535936
6.205000000000001e-06,-22.21106176,21.02110535936
6.206e-06,-22.21106176,21.02110535936
6.207e-06,-22.613071872,21.02110535936
6.2080000000000005e-06,-22.613071872,21.02110535936
6.209e-06,-23.015081984,21.02110535936
6.210000000000001e-06,-23.015081984,21.02110535936
6.211e-06,-23.015081984,21.02110535936
6.212e-06,-23.015081984,21.02110535936
6.2130000000000005e-06,-23.417092095999998,21.02110535936
6.214e-06,-23.417092095999998,21.02110535936
6.215000000000001e-06,-23.417092095999998,21.02110535936
6.216e-06,-23.417092095999998,21.02110535936
6.217000000000001e-06,-23.417092095999998,21.02110535936
6.2180000000000004e-06,-23.417092095999998,21.02110535936
6.219e-06,-23.417092095999998,21.02110535936
6.220000000000001e-06,-23.417092095999998,21.02110535936
6.221e-06,-23.819102207999997,21.02110535936
6.222000000000001e-06,-23.819102207999997,21.02110535936
6.223e-06,-23.819102207999997,21.02110535936
6.224e-06,-24.221112319999996,21.02110535936
6.2250000000000005e-06,-24.221112319999996,21.02110535936
6.226e-06,-24.221112319999996,21.02110535936
6.227000000000001e-06,-24.221112319999996,21.02110535936
6.228e-06,-24.221112319999996,21.02110535936
6.229e-06,-24.221112319999996,21.02110535936
6.2300000000000005e-06,-24.221112319999996,21.02110535936
6.231e-06,-24.221112319999996,21.02110535936
6.232000000000001e-06,-24.221112319999996,21.02110535936
6.233e-06,-24.221112319999996,21.02110535936
6.234000000000001e-06,-24.221112319999996,21.02110535936
6.2350000000000004e-06,-24.221112319999996,21.02110535936
6.236e-06,-24.221112319999996,21.02110535936
6.237000000000001e-06,-24.221112319999996,21.02110535936
6.238e-06,-24.221112319999996,21.02110535936
6.239000000000001e-06,-24.221112319999996,21.02110535936
6.24e-06,-24.221112319999996,21.02110535936
6.241e-06,-24.221112319999996,21.02110535936
6.2420000000000005e-06,-24.221112319999996,21.02110535936
6.243e-06,-24.221112319999996,21.02110535936
6.244000000000001e-06,-24.221112319999996,21.02110535936
6.245e-06,-24.221112319999996,21.02110535936
6.246e-06,-24.221112319999996,21.02110535936
6.2470000000000005e-06,-24.221112319999996,21.02110535936
6.248e-06,-24.623122431999995,21.02110535936
6.249000000000001e-06,-24.623122431999995,21.02110535936
6.25e-06,-24.623122431999995,21.02110535936
6.251000000000001e-06,-24.623122431999995,21.02110535936
6.2520000000000004e-06,-24.623122431999995,21.02110535936
6.253e-06,-24.623122431999995,21.02110535936
6.254000000000001e-06,-24.623122431999995,21.02110535936
6.255e-06,-24.623122431999995,21.02110535936
6.256000000000001e-06,-24.623122431999995,21.02110535936
6.257e-06,-24.623122431999995,21.02110535936
6.258e-06,-24.221112319999996,21.02110535936
6.2590000000000006e-06,-24.221112319999996,21.02110535936
6.26e-06,-24.221112319999996,21.02110535936
6.261000000000001e-06,-24.221112319999996,21.02110535936
6.262e-06,-24.221112319999996,21.02110535936
6.263e-06,-23.819102207999997,21.02110535936
6.2640000000000005e-06,-23.819102207999997,21.02110535936
6.265e-06,-23.819102207999997,21.02110535936
6.266000000000001e-06,-23.417092095999998,21.02110535936
6.267e-06,-23.417092095999998,21.02110535936
6.268000000000001e-06,-23.417092095999998,21.02110535936
6.2690000000000005e-06,-23.417092095999998,21.02110535936
6.27e-06,-23.417092095999998,21.02110535936
6.271000000000001e-06,-23.417092095999998,21.02110535936
6.272e-06,-23.417092095999998,21.02110535936
6.273000000000001e-06,-23.417092095999998,21.02110535936
6.274e-06,-23.417092095999998,21.02110535936
6.275e-06,-23.015081984,21.02110535936
6.2760000000000006e-06,-23.015081984,21.02110535936
6.277e-06,-23.015081984,21.02110535936
6.278000000000001e-06,-22.613071872,21.02110535936
6.279e-06,-22.613071872,21.02110535936
6.28e-06,-22.613071872,21.02110535936
6.2810000000000005e-06,-22.613071872,21.02110535936
6.282e-06,-22.21106176,21.02110535936
6.283000000000001e-06,-22.21106176,21.02110535936
6.284e-06,-22.21106176,21.02110535936
6.285000000000001e-06,-22.21106176,21.02110535936
6.2860000000000005e-06,-21.809051648,21.02110535936
6.287e-06,-21.809051648,21.02110535936
6.288000000000001e-06,-21.809051648,21.02110535936
6.289e-06,-21.809051648,21.02110535936
6.290000000000001e-06,-21.407041535999994,21.02110535936
6.291e-06,-21.407041535999994,21.02110535936
6.292e-06,-21.407041535999994,21.02110535936
6.2930000000000006e-06,-21.005031423999995,21.02110535936
6.294e-06,-21.005031423999995,21.02110535936
6.295000000000001e-06,-20.603021311999996,21.02110535936
6.296e-06,-20.603021311999996,21.02110535936
6.297e-06,-20.201011199999996,21.02110535936
6.2980000000000005e-06,-20.201011199999996,21.02110535936
6.299e-06,-19.799001087999997,21.02110535936
6.300000000000001e-06,-19.799001087999997,21.02110535936
6.301e-06,-19.396990975999998,21.02110535936
6.302e-06,-19.396990975999998,21.02110535936
6.3030000000000005e-06,-18.994980864,21.02110535936
6.304e-06,-18.994980864,21.02110535936
6.305000000000001e-06,-18.592970752,21.02110535936
6.306e-06,-18.592970752,21.02110535936
6.307000000000001e-06,-18.19096064,21.02110535936
6.308e-06,-17.788950528,21.02110535936
6.309e-06,-17.788950528,21.02110535936
6.3100000000000006e-06,-17.386940415999995,21.02110535936
6.311e-06,-16.984930303999995,21.02110535936
6.312000000000001e-06,-16.984930303999995,21.02110535936
6.313e-06,-16.582920191999996,21.02110535936
6.314e-06,-16.582920191999996,21.02110535936
6.3150000000000005e-06,-16.180910079999997,21.02110535936
6.316e-06,-16.180910079999997,21.02110535936
6.317000000000001e-06,-15.778899967999998,21.02110535936
6.318e-06,-15.376889855999998,21.02110535936
6.319e-06,-15.376889855999998,21.02110535936
6.3200000000000005e-06,-14.974879743999999,21.02110535936
6.321e-06,-14.974879743999999,21.02110535936
6.322000000000001e-06,-14.572869632,21.02110535936
6.323e-06,-14.572869632,21.02110535936
6.324000000000001e-06,-14.17085952,21.02110535936
6.3250000000000004e-06,-13.768849408000001,21.02110535936
6.326e-06,-13.768849408000001,21.02110535936
6.327000000000001e-06,-13.366839295999995,21.02110535936
6.328e-06,-13.366839295999995,21.02110535936
6.329000000000001e-06,-12.964829183999996,21.02110535936
6.33e-06,-12.964829183999996,21.02110535936
6.331e-06,-12.562819071999996,21.02110535936
6.3320000000000005e-06,-12.562819071999996,21.02110535936
6.333e-06,-12.160808959999997,21.02110535936
6.334000000000001e-06,-11.758798847999998,21.02110535936
6.335e-06,-11.758798847999998,21.02110535936
6.336e-06,-11.356788735999999,21.02110535936
6.3370000000000005e-06,-10.954778624,21.02110535936
6.338e-06,-10.954778624,21.02110535936
6.339000000000001e-06,-10.552768511999997,21.02110535936
6.34e-06,-10.552768511999997,21.02110535936
6.341000000000001e-06,-10.150758399999997,21.02110535936
6.3420000000000004e-06,-9.748748287999998,21.02110535936
6.343e-06,-9.748748287999998,21.02110535936
6.344000000000001e-06,-9.346738175999999,21.02110535936
6.345e-06,-8.944728064,21.02110535936
6.346000000000001e-06,-8.944728064,21.02110535936
6.347e-06,-8.542717951999997,21.02110535936
6.348e-06,-8.542717951999997,21.02110535936
6.3490000000000005e-06,-8.140707839999997,21.02110535936
6.35e-06,-8.140707839999997,21.02110535936
6.351000000000001e-06,-7.738697727999998,21.02110535936
6.352e-06,-7.738697727999998,21.02110535936
6.353e-06,-7.336687615999999,21.02110535936
6.3540000000000005e-06,-7.336687615999999,21.02110535936
6.355e-06,-6.934677504,21.02110535936
6.356000000000001e-06,-6.532667391999997,21.02110535936
6.357e-06,-6.532667391999997,21.02110535936
6.358000000000001e-06,-6.130657279999998,21.02110535936
6.3590000000000004e-06,-6.130657279999998,21.02110535936
6.36e-06,-5.728647167999998,21.02110535936
6.361000000000001e-06,-5.728647167999998,21.02110535936
6.362e-06,-5.728647167999998,21.02110535936
6.363000000000001e-06,-5.326637055999999,21.02110535936
6.364e-06,-5.326637055999999,21.02110535936
6.365e-06,-4.924626944,21.02110535936
6.3660000000000005e-06,-4.924626944,21.02110535936
6.367e-06,-4.924626944,21.02110535936
6.368000000000001e-06,-4.522616831999997,21.02110535936
6.369e-06,-4.522616831999997,21.02110535936
6.37e-06,-4.522616831999997,21.02110535936
6.3710000000000005e-06,-4.120606719999998,21.02110535936
6.372e-06,-4.120606719999998,21.02110535936
6.373000000000001e-06,-4.120606719999998,21.02110535936
6.374e-06,-3.7185966079999986,21.02110535936
6.375000000000001e-06,-3.7185966079999986,21.02110535936
6.3760000000000004e-06,-3.3165864959999993,21.02110535936
6.377e-06,-3.3165864959999993,21.02110535936
6.378000000000001e-06,-3.3165864959999993,21.02110535936
6.379e-06,-3.3165864959999993,21.02110535936
6.380000000000001e-06,-3.3165864959999993,21.02110535936
6.381e-06,-3.3165864959999993,21.02110535936
6.382e-06,-2.914576384,21.02110535936
6.3830000000000006e-06,-2.914576384,21.02110535936
6.384e-06,-2.914576384,21.02110535936
6.385000000000001e-06,-2.914576384,21.02110535936
6.386e-06,-2.5125662719999973,21.02110535936
6.387e-06,-2.5125662719999973,21.02110535936
6.3880000000000005e-06,-2.5125662719999973,21.02110535936
6.389e-06,-2.5125662719999973,21.02110535936
6.390000000000001e-06,-2.914576384,21.02110535936
6.391e-06,-2.5125662719999973,21.02110535936
6.392000000000001e-06,-2.914576384,21.02110535936
6.3930000000000005e-06,-2.914576384,21.02110535936
6.394e-06,-2.914576384,21.02110535936
6.395000000000001e-06,-2.914576384,21.02110535936
6.396e-06,-2.914576384,21.02110535936
6.397000000000001e-06,-2.914576384,21.02110535936
6.398e-06,-2.914576384,21.02110535936
6.399e-06,-2.914576384,21.02110535936
6.4000000000000006e-06,-2.914576384,21.02110535936
6.401e-06,-3.3165864959999993,21.02110535936
6.402000000000001e-06,-3.3165864959999993,21.02110535936
6.403e-06,-3.3165864959999993,21.02110535936
6.404e-06,-3.3165864959999993,21.02110535936
6.4050000000000005e-06,-3.3165864959999993,21.02110535936
6.406e-06,-3.3165864959999993,21.02110535936
6.407000000000001e-06,-3.3165864959999993,21.02110535936
6.408e-06,-3.3165864959999993,21.02110535936
6.409000000000001e-06,-3.3165864959999993,21.02110535936
6.4100000000000005e-06,-3.7185966079999986,21.02110535936
6.411e-06,-3.7185966079999986,21.02110535936
6.412000000000001e-06,-3.7185966079999986,21.02110535936
6.413e-06,-4.120606719999998,21.02110535936
6.414000000000001e-06,-4.120606719999998,21.02110535936
6.415e-06,-4.120606719999998,21.02110535936
6.416e-06,-4.120606719999998,21.02110535936
6.4170000000000006e-06,-4.522616831999997,21.02110535936
6.418e-06,-4.522616831999997,21.02110535936
6.419000000000001e-06,-4.522616831999997,21.02110535936
6.42e-06,-4.522616831999997,21.02110535936
6.421e-06,-4.924626944,21.02110535936
6.4220000000000005e-06,-4.924626944,21.02110535936
6.423e-06,-5.326637055999999,21.02110535936
6.424000000000001e-06,-5.326637055999999,21.02110535936
6.425e-06,-5.728647167999998,21.02110535936
6.426000000000001e-06,-5.728647167999998,21.02110535936
6.4270000000000005e-06,-6.130657279999998,21.02110535936
6.428e-06,-6.130657279999998,21.02110535936
6.429000000000001e-06,-6.532667391999997,21.02110535936
6.43e-06,-6.934677504,21.02110535936
6.431000000000001e-06,-6.934677504,21.02110535936
6.432e-06,-6.934677504,21.02110535936
6.433e-06,-7.336687615999999,21.02110535936
6.4340000000000006e-06,-7.336687615999999,21.02110535936
6.435e-06,-7.738697727999998,21.02110535936
6.436000000000001e-06,-7.738697727999998,21.02110535936
6.437e-06,-8.140707839999997,21.02110535936
6.438e-06,-8.542717951999997,21.02110535936
6.4390000000000005e-06,-8.542717951999997,21.02110535936
6.44e-06,-8.944728064,21.02110535936
6.441000000000001e-06,-9.346738175999999,21.02110535936
6.442e-06,-9.346738175999999,21.02110535936
6.443000000000001e-06,-9.748748287999998,21.02110535936
6.4440000000000005e-06,-9.748748287999998,21.02110535936
6.445e-06,-10.150758399999997,21.02110535936
6.446000000000001e-06,-10.552768511999997,21.02110535936
6.447e-06,-10.552768511999997,21.02110535936
6.448000000000001e-06,-10.954778624,21.02110535936
6.4490000000000004e-06,-11.356788735999999,21.02110535936
6.45e-06,-11.356788735999999,21.02110535936
6.451000000000001e-06,-11.758798847999998,21.02110535936
6.452e-06,-11.758798847999998,21.02110535936
6.453000000000001e-06,-12.160808959999997,21.02110535936
6.454e-06,-12.160808959999997,21.02110535936
6.455e-06,-12.562819071999996,21.02110535936
6.4560000000000005e-06,-12.562819071999996,21.02110535936
6.457e-06,-12.964829183999996,21.02110535936
6.458000000000001e-06,-12.964829183999996,21.02110535936
6.459e-06,-13.366839295999995,21.02110535936
6.46e-06,-13.768849408000001,21.02110535936
6.4610000000000005e-06,-13.768849408000001,21.02110535936
6.462e-06,-14.17085952,21.02110535936
6.463000000000001e-06,-14.572869632,21.02110535936
6.464e-06,-14.572869632,21.02110535936
6.465000000000001e-06,-14.974879743999999,21.02110535936
6.4660000000000004e-06,-15.376889855999998,21.02110535936
6.467e-06,-15.376889855999998,21.02110535936
6.468000000000001e-06,-15.778899967999998,21.02110535936
6.469e-06,-15.778899967999998,21.02110535936
6.470000000000001e-06,-16.180910079999997,21.02110535936
6.471e-06,-16.180910079999997,21.02110535936
6.472e-06,-16.180910079999997,21.02110535936
6.4730000000000005e-06,-16.582920191999996,21.02110535936
6.474e-06,-16.582920191999996,21.02110535936
6.475000000000001e-06,-16.984930303999995,21.02110535936
6.476e-06,-16.984930303999995,21.02110535936
6.477e-06,-17.386940415999995,21.02110535936
6.4780000000000005e-06,-17.386940415999995,21.02110535936
6.479e-06,-17.386940415999995,21.02110535936
6.480000000000001e-06,-17.788950528,21.02110535936
6.481e-06,-17.788950528,21.02110535936
6.482000000000001e-06,-18.19096064,21.02110535936
6.4830000000000004e-06,-18.19096064,21.02110535936
6.484e-06,-18.592970752,21.02110535936
6.485000000000001e-06,-18.994980864,21.02110535936
6.486e-06,-18.994980864,21.02110535936
6.487000000000001e-06,-19.396990975999998,21.02110535936
6.488e-06,-19.396990975999998,21.02110535936
6.489e-06,-19.799001087999997,21.02110535936
6.4900000000000005e-06,-19.799001087999997,21.02110535936
6.491e-06,-20.201011199999996,21.02110535936
6.492000000000001e-06,-20.201011199999996,21.02110535936
6.493e-06,-20.201011199999996,21.02110535936
6.494e-06,-20.603021311999996,21.02110535936
6.4950000000000005e-06,-20.603021311999996,21.02110535936
6.496e-06,-21.005031423999995,21.02110535936
6.497000000000001e-06,-21.005031423999995,21.02110535936
6.498e-06,-21.407041535999994,21.02110535936
6.499000000000001e-06,-21.407041535999994,21.02110535936
6.5000000000000004e-06,-21.809051648,21.02110535936
6.501e-06,-21.809051648,21.02110535936
6.502000000000001e-06,-21.809051648,21.02110535936
6.503e-06,-22.21106176,21.02110535936
6.504000000000001e-06,-22.21106176,21.02110535936
6.505e-06,-22.21106176,21.02110535936
6.506e-06,-22.21106176,21.02110535936
6.5070000000000005e-06,-22.21106176,21.02110535936
6.508e-06,-22.613071872,21.02110535936
6.509000000000001e-06,-22.613071872,21.02110535936
6.51e-06,-22.613071872,21.02110535936
6.511e-06,-22.613071872,21.02110535936
6.5120000000000005e-06,-22.613071872,21.02110535936
6.513e-06,-23.015081984,21.02110535936
6.514000000000001e-06,-23.015081984,21.02110535936
6.515e-06,-23.015081984,21.02110535936
6.516000000000001e-06,-23.015081984,21.02110535936
6.5170000000000005e-06,-23.015081984,21.02110535936
6.518e-06,-23.015081984,21.02110535936
6.519000000000001e-06,-23.417092095999998,21.02110535936
6.52e-06,-23.417092095999998,21.02110535936
6.521000000000001e-06,-23.417092095999998,21.02110535936
6.522e-06,-23.417092095999998,21.02110535936
6.523e-06,-23.417092095999998,21.02110535936
6.5240000000000006e-06,-23.417092095999998,21.02110535936
6.525e-06,-23.417092095999998,21.02110535936
6.526000000000001e-06,-23.417092095999998,21.02110535936
6.527e-06,-23.819102207999997,21.02110535936
6.528e-06,-23.819102207999997,21.02110535936
6.5290000000000005e-06,-23.819102207999997,21.02110535936
6.53e-06,-23.819102207999997,21.02110535936
6.531000000000001e-06,-23.819102207999997,21.02110535936
6.532e-06,-23.819102207999997,21.02110535936
6.533000000000001e-06,-23.819102207999997,21.02110535936
6.5340000000000005e-06,-23.819102207999997,21.02110535936
6.535e-06,-23.819102207999997,21.02110535936
6.536000000000001e-06,-23.819102207999997,21.02110535936
6.537e-06,-23.819102207999997,21.02110535936
6.538000000000001e-06,-23.819102207999997,21.02110535936
6.539e-06,-24.221112319999996,21.02110535936
6.54e-06,-24.221112319999996,21.02110535936
6.5410000000000006e-06,-24.221112319999996,21.02110535936
6.542e-06,-24.221112319999996,21.02110535936
6.543000000000001e-06,-24.221112319999996,21.02110535936
6.544e-06,-24.221112319999996,21.02110535936
6.545e-06,-24.221112319999996,21.02110535936
6.5460000000000005e-06,-24.221112319999996,21.02110535936
6.547e-06,-24.221112319999996,21.02110535936
6.548000000000001e-06,-24.623122431999995,21.02110535936
6.549e-06,-24.623122431999995,21.02110535936
6.550000000000001e-06,-24.221112319999996,21.02110535936
6.5510000000000005e-06,-24.221112319999996,21.02110535936
6.552e-06,-24.221112319999996,21.02110535936
6.553000000000001e-06,-24.221112319999996,21.02110535936
6.554e-06,-24.221112319999996,21.02110535936
6.555000000000001e-06,-24.221112319999996,21.02110535936
6.556e-06,-24.221112319999996,21.02110535936
6.557e-06,-24.221112319999996,21.02110535936
6.5580000000000006e-06,-24.221112319999996,21.02110535936
6.559e-06,-24.221112319999996,21.02110535936
6.560000000000001e-06,-24.221112319999996,21.02110535936
6.561e-06,-23.819102207999997,21.02110535936
6.562e-06,-23.819102207999997,21.02110535936
6.5630000000000005e-06,-23.819102207999997,21.02110535936
6.564e-06,-23.819102207999997,21.02110535936
6.565000000000001e-06,-23.819102207999997,21.02110535936
6.566e-06,-23.819102207999997,21.02110535936
6.567000000000001e-06,-23.819102207999997,21.02110535936
6.5680000000000005e-06,-23.819102207999997,21.02110535936
6.569e-06,-23.819102207999997,21.02110535936
6.570000000000001e-06,-23.819102207999997,21.02110535936
6.571e-06,-23.819102207999997,21.02110535936
6.572000000000001e-06,-23.819102207999997,21.02110535936
6.5730000000000004e-06,-23.819102207999997,21.02110535936
6.574e-06,-23.819102207999997,21.02110535936
6.5750000000000006e-06,-23.417092095999998,21.02110535936
6.576e-06,-23.417092095999998,21.02110535936
6.577000000000001e-06,-23.417092095999998,21.02110535936
6.578e-06,-23.015081984,21.02110535936
6.579e-06,-23.015081984,21.02110535936
6.5800000000000005e-06,-23.015081984,21.02110535936
6.581e-06,-23.015081984,21.02110535936
6.582000000000001e-06,-23.015081984,21.02110535936
6.583e-06,-23.015081984,21.02110535936
6.584000000000001e-06,-23.015081984,21.02110535936
6.5850000000000005e-06,-23.015081984,21.02110535936
6.586e-06,-22.613071872,21.02110535936
6.587000000000001e-06,-22.613071872,21.02110535936
6.588e-06,-22.613071872,21.02110535936
6.589000000000001e-06,-22.613071872,21.02110535936
6.5900000000000004e-06,-22.613071872,21.02110535936
6.591e-06,-22.21106176,21.02110535936
6.592000000000001e-06,-22.21106176,21.02110535936
6.593e-06,-22.21106176,21.02110535936
6.594000000000001e-06,-22.21106176,21.02110535936
6.595e-06,-21.809051648,21.02110535936
6.596e-06,-21.809051648,21.02110535936
6.5970000000000005e-06,-21.809051648,21.02110535936
6.598e-06,-21.809051648,21.02110535936
6.599000000000001e-06,-21.407041535999994,21.02110535936
6.6e-06,-21.407041535999994,21.02110535936
6.601e-06,-21.407041535999994,21.02110535936
6.6020000000000005e-06,-21.005031423999995,21.02110535936
6.603e-06,-21.005031423999995,21.02110535936
6.604000000000001e-06,-21.005031423999995,21.02110535936
6.605e-06,-20.603021311999996,21.02110535936
6.606000000000001e-06,-20.603021311999996,21.02110535936
6.6070000000000004e-06,-20.201011199999996,21.02110535936
6.608e-06,-20.201011199999996,21.02110535936
6.609000000000001e-06,-20.201011199999996,21.02110535936
6.61e-06,-19.799001087999997,21.02110535936
6.611000000000001e-06,-19.799001087999997,21.02110535936
6.612e-06,-19.396990975999998,21.02110535936
6.613e-06,-19.396990975999998,21.02110535936
6.6140000000000005e-06,-18.994980864,21.02110535936
6.615e-06,-18.994980864,21.02110535936
6.616000000000001e-06,-18.994980864,21.02110535936
6.617e-06,-18.994980864,21.02110535936
6.618e-06,-18.592970752,21.02110535936
6.6190000000000005e-06,-18.592970752,21.02110535936
6.62e-06,-18.592970752,21.02110535936
6.621000000000001e-06,-18.19096064,21.02110535936
6.622e-06,-18.19096064,21.02110535936
6.623000000000001e-06,-17.788950528,21.02110535936
6.6240000000000004e-06,-17.788950528,21.02110535936
6.625e-06,-17.386940415999995,21.02110535936
6.626000000000001e-06,-17.386940415999995,21.02110535936
6.627e-06,-17.386940415999995,21.02110535936
6.628000000000001e-06,-16.984930303999995,21.02110535936
6.629e-06,-16.984930303999995,21.02110535936
6.63e-06,-16.582920191999996,21.02110535936
6.6310000000000005e-06,-16.582920191999996,21.02110535936
6.632e-06,-16.582920191999996,21.02110535936
6.633000000000001e-06,-16.180910079999997,21.02110535936
6.634e-06,-15.778899967999998,21.02110535936
6.635e-06,-15.778899967999998,21.02110535936
6.6360000000000005e-06,-15.778899967999998,21.02110535936
6.637e-06,-15.376889855999998,21.02110535936
6.638000000000001e-06,-15.376889855999998,21.02110535936
6.639e-06,-14.974879743999999,21.02110535936
6.640000000000001e-06,-14.572869632,21.02110535936
6.6410000000000005e-06,-14.572869632,21.02110535936
6.642e-06,-14.17085952,21.02110535936
6.643000000000001e-06,-14.17085952,21.02110535936
6.644e-06,-13.768849408000001,21.02110535936
6.645000000000001e-06,-13.768849408000001,21.02110535936
6.646e-06,-13.366839295999995,21.02110535936
6.647e-06,-13.366839295999995,21.02110535936
6.6480000000000006e-06,-12.964829183999996,21.02110535936
6.649e-06,-12.964829183999996,21.02110535936
6.650000000000001e-06,-12.562819071999996,21.02110535936
6.651e-06,-12.562819071999996,21.02110535936
6.652e-06,-12.160808959999997,21.02110535936
6.6530000000000005e-06,-12.160808959999997,21.02110535936
6.654e-06,-12.160808959999997,21.02110535936
6.655000000000001e-06,-11.758798847999998,21.02110535936
6.656e-06,-11.758798847999998,21.02110535936
6.657000000000001e-06,-11.356788735999999,21.02110535936
6.6580000000000005e-06,-11.356788735999999,21.02110535936
6.659e-06,-11.356788735999999,21.02110535936
6.660000000000001e-06,-10.954778624,21.02110535936
6.661e-06,-10.954778624,21.02110535936
6.662000000000001e-06,-10.954778624,21.02110535936
6.663e-06,-10.552768511999997,21.02110535936
6.664e-06,-10.552768511999997,21.02110535936
6.6650000000000006e-06,-10.552768511999997,21.02110535936
6.666e-06,-10.150758399999997,21.02110535936
6.667000000000001e-06,-10.150758399999997,21.02110535936
6.668e-06,-9.748748287999998,21.02110535936
6.669e-06,-9.748748287999998,21.02110535936
6.6700000000000005e-06,-9.748748287999998,21.02110535936
6.671e-06,-9.346738175999999,21.02110535936
6.672000000000001e-06,-9.346738175999999,21.02110535936
6.673e-06,-9.346738175999999,21.02110535936
6.674000000000001e-06,-8.944728064,21.02110535936
6.6750000000000005e-06,-8.944728064,21.02110535936
6.676e-06,-8.944728064,21.02110535936
6.677000000000001e-06,-8.542717951999997,21.02110535936
6.678e-06,-8.542717951999997,21.02110535936
6.679000000000001e-06,-8.140707839999997,21.02110535936
6.68e-06,-8.140707839999997,21.02110535936
6.681e-06,-8.140707839999997,21.02110535936
6.6820000000000006e-06,-8.140707839999997,21.02110535936
6.683e-06,-8.140707839999997,21.02110535936
6.684000000000001e-06,-7.738697727999998,21.02110535936
6.685e-06,-7.738697727999998,21.02110535936
6.686e-06,-7.738697727999998,21.02110535936
6.6870000000000005e-06,-7.336687615999999,21.02110535936
6.688e-06,-7.336687615999999,21.02110535936
6.689000000000001e-06,-7.336687615999999,21.02110535936
6.69e-06,-7.336687615999999,21.02110535936
6.691000000000001e-06,-7.336687615999999,21.02110535936
6.6920000000000005e-06,-7.336687615999999,21.02110535936
6.693e-06,-7.336687615999999,21.02110535936
6.694000000000001e-06,-7.336687615999999,21.02110535936
6.695e-06,-7.336687615999999,21.02110535936
6.696000000000001e-06,-7.336687615999999,21.02110535936
6.6970000000000004e-06,-7.336687615999999,21.02110535936
6.698e-06,-7.336687615999999,21.02110535936
6.6990000000000006e-06,-7.336687615999999,21.02110535936
6.7e-06,-7.336687615999999,21.02110535936
6.701000000000001e-06,-7.336687615999999,21.02110535936
6.702e-06,-7.336687615999999,21.02110535936
6.703e-06,-7.336687615999999,21.02110535936
6.7040000000000005e-06,-7.336687615999999,21.02110535936
6.705e-06,-7.738697727999998,21.02110535936
6.706000000000001e-06,-7.738697727999998,21.02110535936
6.707e-06,-7.738697727999998,21.02110535936
6.708000000000001e-06,-7.738697727999998,21.02110535936
6.7090000000000005e-06,-7.336687615999999,21.02110535936
6.71e-06,-7.738697727999998,21.02110535936
6.711000000000001e-06,-7.738697727999998,21.02110535936
6.712e-06,-7.738697727999998,21.02110535936
6.713000000000001e-06,-7.738697727999998,21.02110535936
6.7140000000000004e-06,-8.140707839999997,21.02110535936
6.715e-06,-8.140707839999997,21.02110535936
6.716000000000001e-06,-8.140707839999997,21.02110535936
6.717e-06,-8.140707839999997,21.02110535936
6.718000000000001e-06,-8.140707839999997,21.02110535936
6.719e-06,-8.542717951999997,21.02110535936
6.72e-06,-8.542717951999997,21.02110535936
6.7210000000000005e-06,-8.542717951999997,21.02110535936
6.722e-06,-8.542717951999997,21.02110535936
6.723000000000001e-06,-8.944728064,21.02110535936
6.724e-06,-8.944728064,21.02110535936
6.725000000000001e-06,-9.346738175999999,21.02110535936
6.7260000000000005e-06,-9.346738175999999,21.02110535936
6.727e-06,-9.346738175999999,21.02110535936
6.728000000000001e-06,-9.346738175999999,21.02110535936
6.729e-06,-9.748748287999998,21.02110535936
6.730000000000001e-06,-9.748748287999998,21.02110535936
6.7310000000000004e-06,-9.748748287999998,21.02110535936
6.732e-06,-9.748748287999998,21.02110535936
6.733000000000001e-06,-10.150758399999997,21.02110535936
6.734e-06,-10.150758399999997,21.02110535936
6.735000000000001e-06,-10.150758399999997,21.02110535936
6.736e-06,-10.552768511999997,21.02110535936
6.737e-06,-10.552768511999997,21.02110535936
6.7380000000000005e-06,-10.552768511999997,21.02110535936
6.739e-06,-10.954778624,21.02110535936
6.740000000000001e-06,-10.954778624,21.02110535936
6.741e-06,-10.954778624,21.02110535936
6.742000000000001e-06,-11.356788735999999,21.02110535936
6.7430000000000005e-06,-11.356788735999999,21.02110535936
6.744e-06,-11.356788735999999,21.02110535936
6.745000000000001e-06,-11.356788735999999,21.02110535936
6.746e-06,-11.758798847999998,21.02110535936
6.747000000000001e-06,-11.758798847999998,21.02110535936
6.7480000000000004e-06,-12.160808959999997,21.02110535936
6.749e-06,-12.160808959999997,21.02110535936
6.750000000000001e-06,-12.562819071999996,21.02110535936
6.751e-06,-12.964829183999996,21.02110535936
6.752000000000001e-06,-12.964829183999996,21.02110535936
6.753e-06,-13.366839295999995,21.02110535936
6.754e-06,-13.366839295999995,21.02110535936
6.7550000000000005e-06,-13.768849408000001,21.02110535936
6.756e-06,-13.768849408000001,21.02110535936
6.757000000000001e-06,-14.17085952,21.02110535936
6.758e-06,-14.17085952,21.02110535936
6.759e-06,-14.17085952,21.02110535936
6.7600000000000005e-06,-14.572869632,21.02110535936
6.761e-06,-14.572869632,21.02110535936
6.762000000000001e-06,-14.572869632,21.02110535936
6.763e-06,-14.974879743999999,21.02110535936
6.764000000000001e-06,-14.974879743999999,21.02110535936
6.7650000000000005e-06,-15.376889855999998,21.02110535936
6.766e-06,-15.376889855999998,21.02110535936
6.767000000000001e-06,-15.778899967999998,21.02110535936
6.768e-06,-15.778899967999998,21.02110535936
6.769000000000001e-06,-16.180910079999997,21.02110535936
6.77e-06,-16.180910079999997,21.02110535936
6.771e-06,-16.582920191999996,21.02110535936
6.7720000000000006e-06,-16.582920191999996,21.02110535936
6.773e-06,-16.582920191999996,21.02110535936
6.774000000000001e-06,-16.984930303999995,21.02110535936
6.775e-06,-16.984930303999995,21.02110535936
6.776e-06,-17.386940415999995,21.02110535936
6.7770000000000005e-06,-17.386940415999995,21.02110535936
6.778e-06,-17.788950528,21.02110535936
6.779000000000001e-06,-17.788950528,21.02110535936
6.78e-06,-18.19096064,21.02110535936
6.781000000000001e-06,-18.19096064,21.02110535936
6.7820000000000005e-06,-18.592970752,21.02110535936
6.783e-06,-18.592970752,21.02110535936
6.784000000000001e-06,-18.592970752,21.02110535936
6.785e-06,-18.994980864,21.02110535936
6.786000000000001e-06,-18.994980864,21.02110535936
6.787e-06,-18.994980864,21.02110535936
6.788e-06,-19.396990975999998,21.02110535936
6.7890000000000006e-06,-19.396990975999998,21.02110535936
6.79e-06,-19.396990975999998,21.02110535936
6.791000000000001e-06,-19.396990975999998,21.02110535936
6.792e-06,-19.799001087999997,21.02110535936
6.793e-06,-19.799001087999997,21.02110535936
6.7940000000000005e-06,-19.799001087999997,21.02110535936
6.795e-06,-20.201011199999996,21.02110535936
6.796000000000001e-06,-20.201011199999996,21.02110535936
6.797e-06,-20.201011199999996,21.02110535936
6.798000000000001e-06,-20.603021311999996,21.02110535936
6.7990000000000005e-06,-20.603021311999996,21.02110535936
6.8e-06,-20.603021311999996,21.02110535936
6.801000000000001e-06,-20.603021311999996,21.02110535936
6.802e-06,-21.005031423999995,21.02110535936
6.803000000000001e-06,-21.005031423999995,21.02110535936
6.804e-06,-21.407041535999994,21.02110535936
6.805e-06,-21.407041535999994,21.02110535936
6.8060000000000006e-06,-21.407041535999994,21.02110535936
6.807e-06,-21.809051648,21.02110535936
6.808000000000001e-06,-21.809051648,21.02110535936
6.809e-06,-21.809051648,21.02110535936
6.81e-06,-22.21106176,21.02110535936
6.8110000000000005e-06,-22.21106176,21.02110535936
6.812e-06,-22.21106176,21.02110535936
6.813000000000001e-06,-22.21106176,21.02110535936
6.814e-06,-22.21106176,21.02110535936
6.815000000000001e-06,-22.21106176,21.02110535936
6.8160000000000005e-06,-22.613071872,21.02110535936
6.817e-06,-22.613071872,21.02110535936
6.818000000000001e-06,-22.613071872,21.02110535936
6.819e-06,-22.613071872,21.02110535936
6.820000000000001e-06,-22.613071872,21.02110535936
6.821e-06,-23.015081984,21.02110535936
6.822e-06,-23.015081984,21.02110535936
6.8230000000000006e-06,-23.015081984,21.02110535936
6.824e-06,-23.015081984,21.02110535936
6.825000000000001e-06,-23.015081984,21.02110535936
6.826e-06,-23.015081984,21.02110535936
6.827e-06,-23.417092095999998,21.02110535936
6.8280000000000005e-06,-23.417092095999998,21.02110535936
6.829e-06,-23.417092095999998,21.02110535936
6.830000000000001e-06,-23.819102207999997,21.02110535936
6.831e-06,-23.819102207999997,21.02110535936
6.832000000000001e-06,-23.819102207999997,21.02110535936
6.8330000000000005e-06,-23.819102207999997,21.02110535936
6.834e-06,-23.819102207999997,21.02110535936
6.835000000000001e-06,-23.819102207999997,21.02110535936
6.836e-06,-23.819102207999997,21.02110535936
6.837000000000001e-06,-23.819102207999997,21.02110535936
6.8380000000000004e-06,-24.221112319999996,21.02110535936
6.839e-06,-24.221112319999996,21.02110535936
6.840000000000001e-06,-24.221112319999996,21.02110535936
6.841e-06,-24.221112319999996,21.02110535936
6.842000000000001e-06,-24.221112319999996,21.02110535936
6.843e-06,-24.221112319999996,21.02110535936
6.844e-06,-24.221112319999996,21.02110535936
6.8450000000000005e-06,-24.221112319999996,21.02110535936
6.846e-06,-24.221112319999996,21.02110535936
6.847000000000001e-06,-24.221112319999996,21.02110535936
6.848e-06,-24.221112319999996,21.02110535936
6.849000000000001e-06,-24.221112319999996,21.02110535936
6.8500000000000005e-06,-23.819102207999997,21.02110535936
6.851e-06,-23.819102207999997,21.02110535936
6.852000000000001e-06,-23.819102207999997,21.02110535936
6.853e-06,-23.819102207999997,21.02110535936
6.854000000000001e-06,-23.819102207999997,21.02110535936
6.8550000000000004e-06,-23.819102207999997,21.02110535936
6.856e-06,-23.819102207999997,21.02110535936
6.857000000000001e-06,-23.819102207999997,21.02110535936
6.858e-06,-23.819102207999997,21.02110535936
6.859000000000001e-06,-23.819102207999997,21.02110535936
6.86e-06,-23.819102207999997,21.02110535936
6.861e-06,-23.819102207999997,21.02110535936
6.8620000000000005e-06,-23.819102207999997,21.02110535936
6.863e-06,-23.819102207999997,21.02110535936
6.864000000000001e-06,-23.819102207999997,21.02110535936
6.865e-06,-23.819102207999997,21.02110535936
6.866000000000001e-06,-24.221112319999996,21.02110535936
6.8670000000000005e-06,-24.221112319999996,21.02110535936
6.868e-06,-24.221112319999996,21.02110535936
6.869000000000001e-06,-24.221112319999996,21.02110535936
6.87e-06,-24.221112319999996,21.02110535936
6.871000000000001e-06,-24.221112319999996,21.02110535936
6.8720000000000004e-06,-24.623122431999995,21.02110535936
6.873e-06,-24.623122431999995,21.02110535936
6.874000000000001e-06,-24.221112319999996,21.02110535936
6.875e-06,-24.221112319999996,21.02110535936
6.876000000000001e-06,-24.221112319999996,21.02110535936
6.877e-06,-24.221112319999996,21.02110535936
6.878e-06,-24.221112319999996,21.02110535936
6.8790000000000005e-06,-24.221112319999996,21.02110535936
6.88e-06,-24.221112319999996,21.02110535936
6.881000000000001e-06,-24.221112319999996,21.02110535936
6.882e-06,-24.221112319999996,21.02110535936
6.883000000000001e-06,-24.221112319999996,21.02110535936
6.8840000000000005e-06,-24.221112319999996,21.02110535936
6.885e-06,-24.221112319999996,21.02110535936
6.886000000000001e-06,-23.819102207999997,21.02110535936
6.887e-06,-23.819102207999997,21.02110535936
6.888000000000001e-06,-23.819102207999997,21.02110535936
6.8890000000000004e-06,-23.819102207999997,21.02110535936
6.89e-06,-23.819102207999997,21.02110535936
6.891000000000001e-06,-23.819102207999997,21.02110535936
6.892e-06,-23.819102207999997,21.02110535936
6.893000000000001e-06,-23.819102207999997,21.02110535936
6.894e-06,-23.819102207999997,21.02110535936
6.895e-06,-23.417092095999998,21.02110535936
6.8960000000000006e-06,-23.417092095999998,21.02110535936
6.897e-06,-23.417092095999998,21.02110535936
6.898000000000001e-06,-23.417092095999998,21.02110535936
6.899e-06,-23.417092095999998,21.02110535936
6.900000000000001e-06,-23.417092095999998,21.02110535936
6.9010000000000005e-06,-23.417092095999998,21.02110535936
6.902e-06,-23.015081984,21.02110535936
6.903000000000001e-06,-23.015081984,21.02110535936
6.904e-06,-23.015081984,21.02110535936
6.905000000000001e-06,-22.613071872,21.02110535936
6.9060000000000005e-06,-22.613071872,21.02110535936
6.907e-06,-22.21106176,21.02110535936
6.908000000000001e-06,-22.21106176,21.02110535936
6.909e-06,-22.21106176,21.02110535936
6.910000000000001e-06,-22.21106176,21.02110535936
6.911e-06,-22.21106176,21.02110535936
6.912e-06,-22.21106176,21.02110535936
6.9130000000000006e-06,-21.809051648,21.02110535936
6.914e-06,-21.809051648,21.02110535936
6.915000000000001e-06,-21.809051648,21.02110535936
6.916e-06,-21.809051648,21.02110535936
6.917e-06,-21.809051648,21.02110535936
6.9180000000000005e-06,-21.809051648,21.02110535936
6.919e-06,-21.809051648,21.02110535936
6.920000000000001e-06,-21.809051648,21.02110535936
6.921e-06,-21.809051648,21.02110535936
6.922000000000001e-06,-21.809051648,21.02110535936
6.9230000000000005e-06,-21.407041535999994,21.02110535936
6.924e-06,-21.407041535999994,21.02110535936
6.925000000000001e-06,-21.005031423999995,21.02110535936
6.926e-06,-21.005031423999995,21.02110535936
6.927000000000001e-06,-20.603021311999996,21.02110535936
6.928e-06,-20.603021311999996,21.02110535936
6.929e-06,-20.201011199999996,21.02110535936
6.9300000000000006e-06,-20.201011199999996,21.02110535936
6.931e-06,-20.201011199999996,21.02110535936
6.932000000000001e-06,-20.201011199999996,21.02110535936
6.933e-06,-19.799001087999997,21.02110535936
6.934e-06,-19.799001087999997,21.02110535936
6.9350000000000005e-06,-19.396990975999998,21.02110535936
6.936e-06,-19.396990975999998,21.02110535936
6.937000000000001e-06,-19.396990975999998,21.02110535936
6.938e-06,-19.396990975999998,21.02110535936
6.939000000000001e-06,-18.994980864,21.02110535936
6.9400000000000005e-06,-18.994980864,21.02110535936
6.941e-06,-18.994980864,21.02110535936
6.942000000000001e-06,-18.994980864,21.02110535936
6.943e-06,-18.592970752,21.02110535936
6.944000000000001e-06,-18.592970752,21.02110535936
6.945e-06,-18.19096064,21.02110535936
6.946e-06,-18.19096064,21.02110535936
6.9470000000000006e-06,-18.19096064,21.02110535936
6.948e-06,-17.788950528,21.02110535936
6.949000000000001e-06,-17.788950528,21.02110535936
6.95e-06,-17.386940415999995,21.02110535936
6.951e-06,-17.386940415999995,21.02110535936
6.9520000000000005e-06,-17.386940415999995,21.02110535936
6.953e-06,-16.984930303999995,21.02110535936
6.954000000000001e-06,-16.984930303999995,21.02110535936
6.955e-06,-16.984930303999995,21.02110535936
6.956000000000001e-06,-16.582920191999996,21.02110535936
6.9570000000000005e-06,-16.582920191999996,21.02110535936
6.958e-06,-16.582920191999996,21.02110535936
6.959000000000001e-06,-16.180910079999997,21.02110535936
6.96e-06,-16.180910079999997,21.02110535936
6.961000000000001e-06,-15.778899967999998,21.02110535936
6.9620000000000004e-06,-15.778899967999998,21.02110535936
6.963e-06,-15.778899967999998,21.02110535936
6.964000000000001e-06,-15.376889855999998,21.02110535936
6.965e-06,-15.376889855999998,21.02110535936
6.966000000000001e-06,-14.974879743999999,21.02110535936
6.967e-06,-14.974879743999999,21.02110535936
6.968e-06,-14.572869632,21.02110535936
6.9690000000000005e-06,-14.572869632,21.02110535936
6.97e-06,-14.17085952,21.02110535936
6.971000000000001e-06,-14.17085952,21.02110535936
6.972e-06,-14.17085952,21.02110535936
6.973000000000001e-06,-14.17085952,21.02110535936
6.9740000000000005e-06,-14.17085952,21.02110535936
6.975e-06,-14.17085952,21.02110535936
6.976000000000001e-06,-14.17085952,21.02110535936
6.977e-06,-13.768849408000001,21.02110535936
6.978000000000001e-06,-13.768849408000001,21.02110535936
6.9790000000000004e-06,-13.768849408000001,21.02110535936
6.98e-06,-13.366839295999995,21.02110535936
6.981000000000001e-06,-13.366839295999995,21.02110535936
6.982e-06,-12.964829183999996,21.02110535936
6.983000000000001e-06,-12.964829183999996,21.02110535936
6.984e-06,-12.964829183999996,21.02110535936
6.985e-06,-12.964829183999996,21.02110535936
6.9860000000000005e-06,-12.964829183999996,21.02110535936
6.987e-06,-12.964829183999996,21.02110535936
6.988000000000001e-06,-12.964829183999996,21.02110535936
6.989e-06,-12.562819071999996,21.02110535936
6.990000000000001e-06,-12.562819071999996,21.02110535936
6.9910000000000005e-06,-12.562819071999996,21.02110535936
6.992e-06,-12.160808959999997,21.02110535936
6.993000000000001e-06,-12.160808959999997,21.02110535936
6.994e-06,-12.160808959999997,21.02110535936
6.995000000000001e-06,-12.160808959999997,21.02110535936
6.9960000000000004e-06,-12.160808959999997,21.02110535936
6.997e-06,-12.160808959999997,21.02110535936
6.998000000000001e-06,-11.758798847999998,21.02110535936
6.999e-06,-11.758798847999998,21.02110535936
7.000000000000001e-06,-11.758798847999998,21.02110535936
7.001e-06,-11.758798847999998,21.02110535936
7.002e-06,-11.758798847999998,21.02110535936
7.0030000000000005e-06,-11.356788735999999,21.02110535936
7.004e-06,-11.356788735999999,21.02110535936
7.005000000000001e-06,-11.356788735999999,21.02110535936
7.006e-06,-11.356788735999999,21.02110535936
7.007000000000001e-06,-11.356788735999999,21.02110535936
7.0080000000000005e-06,-11.356788735999999,21.02110535936
7.009e-06,-11.356788735999999,21.02110535936
7.010000000000001e-06,-11.356788735999999,21.02110535936
7.011e-06,-11.356788735999999,21.02110535936
7.012000000000001e-06,-11.356788735999999,21.02110535936
7.0130000000000004e-06,-11.356788735999999,21.02110535936
7.014e-06,-11.356788735999999,21.02110535936
7.015000000000001e-06,-11.356788735999999,21.02110535936
7.016e-06,-11.356788735999999,21.02110535936
7.017000000000001e-06,-11.356788735999999,21.02110535936
7.018e-06,-11.356788735999999,21.02110535936
7.019e-06,-11.356788735999999,21.02110535936
7.0200000000000006e-06,-11.356788735999999,21.02110535936
7.021e-06,-11.356788735999999,21.02110535936
7.022000000000001e-06,-11.356788735999999,21.02110535936
7.023e-06,-11.356788735999999,21.02110535936
7.024000000000001e-06,-11.356788735999999,21.02110535936
7.0250000000000005e-06,-11.356788735999999,21.02110535936
7.026e-06,-11.356788735999999,21.02110535936
7.027000000000001e-06,-11.356788735999999,21.02110535936
7.028e-06,-11.356788735999999,21.02110535936
7.029000000000001e-06,-11.758798847999998,21.02110535936
7.0300000000000005e-06,-11.758798847999998,21.02110535936
7.031e-06,-11.758798847999998,21.02110535936
7.032000000000001e-06,-11.758798847999998,21.02110535936
7.033e-06,-11.758798847999998,21.02110535936
7.034000000000001e-06,-11.758798847999998,21.02110535936
7.035e-06,-11.758798847999998,21.02110535936
7.036e-06,-11.758798847999998,21.02110535936
7.0370000000000006e-06,-11.758798847999998,21.02110535936
7.038e-06,-12.160808959999997,21.02110535936
7.039000000000001e-06,-12.160808959999997,21.02110535936
7.04e-06,-12.160808959999997,21.02110535936
7.041000000000001e-06,-12.160808959999997,21.02110535936
7.0420000000000005e-06,-12.160808959999997,21.02110535936
7.043e-06,-12.160808959999997,21.02110535936
7.044000000000001e-06,-12.160808959999997,21.02110535936
7.045e-06,-12.160808959999997,21.02110535936
7.046000000000001e-06,-12.160808959999997,21.02110535936
7.0470000000000005e-06,-12.562819071999996,21.02110535936
7.048e-06,-12.562819071999996,21.02110535936
7.049000000000001e-06,-12.964829183999996,21.02110535936
7.05e-06,-12.964829183999996,21.02110535936
7.051000000000001e-06,-13.366839295999995,21.02110535936
7.052e-06,-13.366839295999995,21.02110535936
7.053e-06,-13.366839295999995,21.02110535936
7.0540000000000006e-06,-13.366839295999995,21.02110535936
7.055e-06,-13.768849408000001,21.02110535936
7.056000000000001e-06,-13.768849408000001,21.02110535936
7.057e-06,-13.768849408000001,21.02110535936
7.058e-06,-13.768849408000001,21.02110535936
7.0590000000000005e-06,-13.768849408000001,21.02110535936
7.06e-06,-14.17085952,21.02110535936
7.061000000000001e-06,-14.17085952,21.02110535936
7.062e-06,-14.17085952,21.02110535936
7.063000000000001e-06,-14.572869632,21.02110535936
7.0640000000000005e-06,-14.572869632,21.02110535936
7.065e-06,-14.572869632,21.02110535936
7.066000000000001e-06,-14.974879743999999,21.02110535936
7.067e-06,-14.974879743999999,21.02110535936
7.068000000000001e-06,-14.974879743999999,21.02110535936
7.069e-06,-15.376889855999998,21.02110535936
7.07e-06,-15.376889855999998,21.02110535936
7.0710000000000006e-06,-15.376889855999998,21.02110535936
7.072e-06,-15.778899967999998,21.02110535936
7.073000000000001e-06,-15.778899967999998,21.02110535936
7.074e-06,-15.778899967999998,21.02110535936
7.075e-06,-15.778899967999998,21.02110535936
7.0760000000000005e-06,-16.180910079999997,21.02110535936
7.077e-06,-16.180910079999997,21.02110535936
7.078000000000001e-06,-16.180910079999997,21.02110535936
7.079e-06,-16.180910079999997,21.02110535936
7.080000000000001e-06,-16.180910079999997,21.02110535936
7.0810000000000005e-06,-16.582920191999996,21.02110535936
7.082e-06,-16.582920191999996,21.02110535936
7.083000000000001e-06,-16.984930303999995,21.02110535936
7.084e-06,-16.984930303999995,21.02110535936
7.085000000000001e-06,-17.386940415999995,21.02110535936
7.0860000000000004e-06,-17.386940415999995,21.02110535936
7.087e-06,-17.386940415999995,21.02110535936
7.088000000000001e-06,-17.386940415999995,21.02110535936
7.089e-06,-17.788950528,21.02110535936
7.090000000000001e-06,-17.788950528,21.02110535936
7.091e-06,-18.19096064,21.02110535936
7.092e-06,-18.19096064,21.02110535936
7.0930000000000005e-06,-18.19096064,21.02110535936
7.094e-06,-18.592970752,21.02110535936
7.095000000000001e-06,-18.994980864,21.02110535936
7.096e-06,-18.994980864,21.02110535936
7.097000000000001e-06,-19.396990975999998,21.02110535936
7.0980000000000005e-06,-19.396990975999998,21.02110535936
7.099e-06,-19.396990975999998,21.02110535936
7.100000000000001e-06,-19.396990975999998,21.02110535936
7.101e-06,-19.799001087999997,21.02110535936
7.102000000000001e-06,-19.799001087999997,21.02110535936
7.1030000000000004e-06,-19.799001087999997,21.02110535936
7.104e-06,-19.799001087999997,21.02110535936
7.105000000000001e-06,-19.799001087999997,21.02110535936
7.106e-06,-19.799001087999997,21.02110535936
7.107000000000001e-06,-20.201011199999996,21.02110535936
7.108e-06,-20.201011199999996,21.02110535936
7.109e-06,-20.201011199999996,21.02110535936
7.1100000000000005e-06,-20.603021311999996,21.02110535936
7.111e-06,-20.603021311999996,21.02110535936
7.112000000000001e-06,-21.005031423999995,21.02110535936
7.113e-06,-21.005031423999995,21.02110535936
7.114000000000001e-06,-21.005031423999995,21.02110535936
7.1150000000000005e-06,-21.407041535999994,21.02110535936
7.116e-06,-21.407041535999994,21.02110535936
7.117000000000001e-06,-21.407041535999994,21.02110535936
7.118e-06,-21.407041535999994,21.02110535936
7.119000000000001e-06,-21.407041535999994,21.02110535936
7.1200000000000004e-06,-21.809051648,21.02110535936
7.121e-06,-21.809051648,21.02110535936
7.122000000000001e-06,-21.809051648,21.02110535936
7.123e-06,-21.809051648,21.02110535936
7.124000000000001e-06,-22.21106176,21.02110535936
7.125e-06,-22.21106176,21.02110535936
7.126e-06,-22.21106176,21.02110535936
7.1270000000000005e-06,-22.21106176,21.02110535936
7.128e-06,-22.21106176,21.02110535936
7.129000000000001e-06,-22.21106176,21.02110535936
7.13e-06,-22.21106176,21.02110535936
7.131000000000001e-06,-22.21106176,21.02110535936
7.1320000000000005e-06,-22.21106176,21.02110535936
7.133e-06,-22.21106176,21.02110535936
7.134000000000001e-06,-22.21106176,21.02110535936
7.135e-06,-22.21106176,21.02110535936
7.136000000000001e-06,-22.613071872,21.02110535936
7.1370000000000004e-06,-22.613071872,21.02110535936
7.138e-06,-22.613071872,21.02110535936
7.139000000000001e-06,-22.613071872,21.02110535936
7.14e-06,-23.015081984,21.02110535936
7.141000000000001e-06,-23.015081984,21.02110535936
7.142e-06,-23.015081984,21.02110535936
7.143e-06,-23.015081984,21.02110535936
7.1440000000000005e-06,-23.015081984,21.02110535936
7.145e-06,-23.015081984,21.02110535936
7.146000000000001e-06,-23.417092095999998,21.02110535936
7.147e-06,-23.417092095999998,21.02110535936
7.148000000000001e-06,-23.417092095999998,21.02110535936
7.1490000000000005e-06,-23.417092095999998,21.02110535936
7.15e-06,-23.417092095999998,21.02110535936
7.151000000000001e-06,-23.417092095999998,21.02110535936
7.152e-06,-23.819102207999997,21.02110535936
7.153000000000001e-06,-23.819102207999997,21.02110535936
7.1540000000000005e-06,-23.819102207999997,21.02110535936
7.155e-06,-23.819102207999997,21.02110535936
7.156000000000001e-06,-24.221112319999996,21.02110535936
7.157e-06,-24.221112319999996,21.02110535936
7.158000000000001e-06,-24.221112319999996,21.02110535936
7.159e-06,-24.221112319999996,21.02110535936
7.16e-06,-24.221112319999996,21.02110535936
7.1610000000000006e-06,-24.221112319999996,21.02110535936
7.162e-06,-24.221112319999996,21.02110535936
7.163000000000001e-06,-24.221112319999996,21.02110535936
7.164e-06,-24.221112319999996,21.02110535936
7.165000000000001e-06,-24.221112319999996,21.02110535936
7.1660000000000005e-06,-24.221112319999996,21.02110535936
7.167e-06,-24.221112319999996,21.02110535936
7.168000000000001e-06,-24.221112319999996,21.02110535936
7.169e-06,-23.819102207999997,21.02110535936
7.170000000000001e-06,-23.819102207999997,21.02110535936
7.1710000000000005e-06,-24.221112319999996,21.02110535936
7.172e-06,-24.221112319999996,21.02110535936
7.173000000000001e-06,-24.221112319999996,21.02110535936
7.174e-06,-24.221112319999996,21.02110535936
7.175000000000001e-06,-24.221112319999996,21.02110535936
7.176e-06,-24.221112319999996,21.02110535936
7.177e-06,-24.221112319999996,21.02110535936
7.1780000000000006e-06,-24.221112319999996,21.02110535936
7.179e-06,-24.221112319999996,21.02110535936
7.180000000000001e-06,-24.221112319999996,21.02110535936
7.181e-06,-24.221112319999996,21.02110535936
7.182000000000001e-06,-24.221112319999996,21.02110535936
7.1830000000000005e-06,-24.221112319999996,21.02110535936
7.184e-06,-24.221112319999996,21.02110535936
7.185000000000001e-06,-24.221112319999996,21.02110535936
7.186e-06,-24.221112319999996,21.02110535936
7.187000000000001e-06,-24.221112319999996,21.02110535936
7.1880000000000005e-06,-24.221112319999996,21.02110535936
7.189e-06,-24.221112319999996,21.02110535936
7.190000000000001e-06,-24.221112319999996,21.02110535936
7.191e-06,-24.221112319999996,21.02110535936
7.192000000000001e-06,-24.221112319999996,21.02110535936
7.193e-06,-24.221112319999996,21.02110535936
7.194e-06,-24.221112319999996,21.02110535936
7.1950000000000006e-06,-24.221112319999996,21.02110535936
7.196e-06,-24.221112319999996,21.02110535936
7.197000000000001e-06,-23.819102207999997,21.02110535936
7.198e-06,-23.819102207999997,21.02110535936
7.199000000000001e-06,-23.819102207999997,21.02110535936
7.2000000000000005e-06,-23.819102207999997,21.02110535936
7.201e-06,-23.819102207999997,21.02110535936
7.202000000000001e-06,-23.819102207999997,21.02110535936
7.203e-06,-23.819102207999997,21.02110535936
7.204000000000001e-06,-24.221112319999996,21.02110535936
7.2050000000000005e-06,-24.221112319999996,21.02110535936
7.206e-06,-24.221112319999996,21.02110535936
7.207000000000001e-06,-24.221112319999996,21.02110535936
7.208e-06,-23.819102207999997,21.02110535936
7.209000000000001e-06,-23.819102207999997,21.02110535936
7.2100000000000004e-06,-23.819102207999997,21.02110535936
7.211e-06,-23.819102207999997,21.02110535936
7.2120000000000006e-06,-23.819102207999997,21.02110535936
7.213e-06,-23.819102207999997,21.02110535936
7.214000000000001e-06,-23.819102207999997,21.02110535936
7.215e-06,-23.819102207999997,21.02110535936
7.216e-06,-23.819102207999997,21.02110535936
7.2170000000000005e-06,-23.417092095999998,21.02110535936
7.218e-06,-23.417092095999998,21.02110535936
7.219000000000001e-06,-23.417092095999998,21.02110535936
7.22e-06,-23.417092095999998,21.02110535936
7.221000000000001e-06,-23.417092095999998,21.02110535936
7.2220000000000005e-06,-23.417092095999998,21.02110535936
7.223e-06,-23.417092095999998,21.02110535936
7.224000000000001e-06,-23.417092095999998,21.02110535936
7.225e-06,-23.417092095999998,21.02110535936
7.226000000000001e-06,-23.015081984,21.02110535936
7.2270000000000004e-06,-23.015081984,21.02110535936
7.228e-06,-23.015081984,21.02110535936
7.229000000000001e-06,-23.015081984,21.02110535936
7.23e-06,-23.015081984,21.02110535936
7.231000000000001e-06,-23.015081984,21.02110535936
7.232e-06,-23.015081984,21.02110535936
7.233e-06,-23.015081984,21.02110535936
7.2340000000000005e-06,-22.613071872,21.02110535936
7.235e-06,-22.613071872,21.02110535936
7.236000000000001e-06,-22.613071872,21.02110535936
7.237e-06,-22.613071872,21.02110535936
7.238000000000001e-06,-22.613071872,21.02110535936
7.2390000000000005e-06,-22.21106176,21.02110535936
7.24e-06,-22.613071872,21.02110535936
7.241000000000001e-06,-22.21106176,21.02110535936
7.242e-06,-22.21106176,21.02110535936
7.243000000000001e-06,-22.21106176,21.02110535936
7.2440000000000004e-06,-22.21106176,21.02110535936
7.245e-06,-21.809051648,21.02110535936
7.246000000000001e-06,-21.809051648,21.02110535936
7.247e-06,-21.809051648,21.02110535936
7.248000000000001e-06,-21.809051648,21.02110535936
7.249e-06,-21.809051648,21.02110535936
7.25e-06,-21.407041535999994,21.02110535936
7.2510000000000005e-06,-21.407041535999994,21.02110535936
7.252e-06,-21.407041535999994,21.02110535936
7.253000000000001e-06,-21.407041535999994,21.02110535936
7.254e-06,-21.407041535999994,21.02110535936
7.255000000000001e-06,-21.407041535999994,21.02110535936
7.2560000000000005e-06,-21.005031423999995,21.02110535936
7.257e-06,-21.005031423999995,21.02110535936
7.258000000000001e-06,-21.005031423999995,21.02110535936
7.259e-06,-21.005031423999995,21.02110535936
7.260000000000001e-06,-20.603021311999996,21.02110535936
7.2610000000000004e-06,-20.603021311999996,21.02110535936
7.262e-06,-20.603021311999996,21.02110535936
7.263000000000001e-06,-20.603021311999996,21.02110535936
7.264e-06,-20.201011199999996,21.02110535936
7.265000000000001e-06,-20.201011199999996,21.02110535936
7.266e-06,-20.201011199999996,21.02110535936
7.267e-06,-20.201011199999996,21.02110535936
7.2680000000000005e-06,-19.799001087999997,21.02110535936
7.269e-06,-19.799001087999997,21.02110535936
7.270000000000001e-06,-19.799001087999997,21.02110535936
7.271e-06,-19.396990975999998,21.02110535936
7.272000000000001e-06,-19.396990975999998,21.02110535936
7.2730000000000005e-06,-19.396990975999998,21.02110535936
7.274e-06,-19.396990975999998,21.02110535936
7.275000000000001e-06,-18.994980864,21.02110535936
7.276e-06,-18.994980864,21.02110535936
7.277000000000001e-06,-18.994980864,21.02110535936
7.2780000000000005e-06,-18.994980864,21.02110535936
7.279e-06,-18.994980864,21.02110535936
7.280000000000001e-06,-18.592970752,21.02110535936
7.281e-06,-18.592970752,21.02110535936
7.282000000000001e-06,-18.592970752,21.02110535936
7.283e-06,-18.19096064,21.02110535936
7.284e-06,-18.19096064,21.02110535936
7.2850000000000006e-06,-17.788950528,21.02110535936
7.286e-06,-17.788950528,21.02110535936
7.287000000000001e-06,-17.386940415999995,21.02110535936
7.288e-06,-17.386940415999995,21.02110535936
7.289000000000001e-06,-17.386940415999995,21.02110535936
7.2900000000000005e-06,-17.386940415999995,21.02110535936
7.291e-06,-17.386940415999995,21.02110535936
7.292000000000001e-06,-17.386940415999995,21.02110535936
7.293e-06,-17.386940415999995,21.02110535936
7.294000000000001e-06,-16.984930303999995,21.02110535936
7.2950000000000005e-06,-16.984930303999995,21.02110535936
7.296e-06,-16.984930303999995,21.02110535936
7.297000000000001e-06,-16.984930303999995,21.02110535936
7.298e-06,-16.984930303999995,21.02110535936
7.299000000000001e-06,-16.582920191999996,21.02110535936
7.3e-06,-16.582920191999996,21.02110535936
7.301e-06,-16.582920191999996,21.02110535936
7.3020000000000006e-06,-16.180910079999997,21.02110535936
7.303e-06,-16.180910079999997,21.02110535936
7.304000000000001e-06,-16.180910079999997,21.02110535936
7.305e-06,-15.778899967999998,21.02110535936
7.306000000000001e-06,-15.778899967999998,21.02110535936
7.3070000000000005e-06,-15.778899967999998,21.02110535936
7.308e-06,-15.778899967999998,21.02110535936
7.309000000000001e-06,-15.778899967999998,21.02110535936
7.31e-06,-15.778899967999998,21.02110535936
7.311000000000001e-06,-15.778899967999998,21.02110535936
7.3120000000000005e-06,-15.778899967999998,21.02110535936
7.313e-06,-15.376889855999998,21.02110535936
7.314000000000001e-06,-15.376889855999998,21.02110535936
7.315e-06,-15.376889855999998,21.02110535936
7.316000000000001e-06,-14.974879743999999,21.02110535936
7.317e-06,-14.974879743999999,21.02110535936
7.318e-06,-14.974879743999999,21.02110535936
7.3190000000000006e-06,-14.974879743999999,21.02110535936
7.32e-06,-14.572869632,21.02110535936
7.321000000000001e-06,-14.572869632,21.02110535936
7.322e-06,-14.572869632,21.02110535936
7.323000000000001e-06,-14.572869632,21.02110535936
7.3240000000000005e-06,-14.572869632,21.02110535936
7.325e-06,-14.572869632,21.02110535936
7.326000000000001e-06,-14.572869632,21.02110535936
7.327e-06,-14.572869632,21.02110535936
7.328000000000001e-06,-14.572869632,21.02110535936
7.3290000000000005e-06,-14.572869632,21.02110535936
7.33e-06,-14.17085952,21.02110535936
7.331000000000001e-06,-14.17085952,21.02110535936
7.332e-06,-14.572869632,21.02110535936
7.333000000000001e-06,-14.17085952,21.02110535936
7.3340000000000004e-06,-14.17085952,21.02110535936
7.335e-06,-14.17085952,21.02110535936
7.3360000000000006e-06,-14.17085952,21.02110535936
7.337e-06,-14.17085952,21.02110535936
7.338000000000001e-06,-14.17085952,21.02110535936
7.339e-06,-14.17085952,21.02110535936
7.340000000000001e-06,-14.17085952,21.02110535936
7.3410000000000005e-06,-14.17085952,21.02110535936
7.342e-06,-14.17085952,21.02110535936
7.343000000000001e-06,-14.17085952,21.02110535936
7.344e-06,-14.17085952,21.02110535936
7.345000000000001e-06,-14.17085952,21.02110535936
7.3460000000000005e-06,-14.17085952,21.02110535936
7.347e-06,-14.17085952,21.02110535936
7.348000000000001e-06,-14.17085952,21.02110535936
7.349e-06,-14.17085952,21.02110535936
7.350000000000001e-06,-14.17085952,21.02110535936
7.3510000000000004e-06,-14.17085952,21.02110535936
7.352e-06,-14.17085952,21.02110535936
7.353000000000001e-06,-14.17085952,21.02110535936
7.354e-06,-14.17085952,21.02110535936
7.355000000000001e-06,-14.17085952,21.02110535936
7.356e-06,-14.572869632,21.02110535936
7.357000000000001e-06,-14.572869632,21.02110535936
7.3580000000000005e-06,-14.572869632,21.02110535936
7.359e-06,-14.572869632,21.02110535936
7.360000000000001e-06,-14.572869632,21.02110535936
7.361e-06,-14.572869632,21.02110535936
7.362000000000001e-06,-14.572869632,21.02110535936
7.3630000000000005e-06,-14.572869632,21.02110535936
7.364e-06,-14.572869632,21.02110535936
7.365000000000001e-06,-14.572869632,21.02110535936
7.366e-06,-14.572869632,21.02110535936
7.367000000000001e-06,-14.974879743999999,21.02110535936
7.3680000000000004e-06,-14.974879743999999,21.02110535936
7.369e-06,-15.376889855999998,21.02110535936
7.370000000000001e-06,-15.376889855999998,21.02110535936
7.371e-06,-15.376889855999998,21.02110535936
7.372000000000001e-06,-15.376889855999998,21.02110535936
7.373e-06,-15.376889855999998,21.02110535936
7.374e-06,-15.376889855999998,21.02110535936
7.3750000000000005e-06,-15.376889855999998,21.02110535936
7.376e-06,-15.376889855999998,21.02110535936
7.377000000000001e-06,-15.376889855999998,21.02110535936
7.378e-06,-15.376889855999998,21.02110535936
7.379000000000001e-06,-15.376889855999998,21.02110535936
7.3800000000000005e-06,-15.376889855999998,21.02110535936
7.381e-06,-15.376889855999998,21.02110535936
7.382000000000001e-06,-15.376889855999998,21.02110535936
7.383e-06,-15.376889855999998,21.02110535936
7.384000000000001e-06,-15.778899967999998,21.02110535936
7.3850000000000004e-06,-15.778899967999998,21.02110535936
7.386e-06,-15.778899967999998,21.02110535936
7.387000000000001e-06,-15.778899967999998,21.02110535936
7.388e-06,-16.180910079999997,21.02110535936
7.389000000000001e-06,-16.180910079999997,21.02110535936
7.39e-06,-16.180910079999997,21.02110535936
7.391e-06,-16.582920191999996,21.02110535936
7.3920000000000005e-06,-16.582920191999996,21.02110535936
7.393e-06,-16.582920191999996,21.02110535936
7.394000000000001e-06,-16.582920191999996,21.02110535936
7.395e-06,-16.984930303999995,21.02110535936
7.396000000000001e-06,-16.984930303999995,21.02110535936
7.3970000000000005e-06,-16.984930303999995,21.02110535936
7.398e-06,-16.984930303999995,21.02110535936
7.399000000000001e-06,-17.386940415999995,21.02110535936
7.4e-06,-17.386940415999995,21.02110535936
7.401000000000001e-06,-17.386940415999995,21.02110535936
7.4020000000000005e-06,-17.386940415999995,21.02110535936
7.403e-06,-17.788950528,21.02110535936
7.404000000000001e-06,-17.788950528,21.02110535936
7.405e-06,-18.19096064,21.02110535936
7.406000000000001e-06,-18.19096064,21.02110535936
7.407e-06,-18.19096064,21.02110535936
7.408e-06,-18.19096064,21.02110535936
7.4090000000000006e-06,-18.19096064,21.02110535936
7.41e-06,-18.19096064,21.02110535936
7.411000000000001e-06,-18.19096064,21.02110535936
7.412e-06,-18.592970752,21.02110535936
7.413000000000001e-06,-18.592970752,21.02110535936
7.4140000000000005e-06,-18.592970752,21.02110535936
7.415e-06,-18.592970752,21.02110535936
7.416000000000001e-06,-18.994980864,21.02110535936
7.417e-06,-18.994980864,21.02110535936
7.418000000000001e-06,-18.994980864,21.02110535936
7.4190000000000005e-06,-18.994980864,21.02110535936
7.42e-06,-18.994980864,21.02110535936
7.421000000000001e-06,-19.396990975999998,21.02110535936
7.422e-06,-19.396990975999998,21.02110535936
7.423000000000001e-06,-19.396990975999998,21.02110535936
7.424e-06,-19.799001087999997,21.02110535936
7.425e-06,-19.799001087999997,21.02110535936
7.4260000000000006e-06,-19.799001087999997,21.02110535936
7.427e-06,-20.201011199999996,21.02110535936
7.428000000000001e-06,-20.201011199999996,21.02110535936
7.429e-06,-20.201011199999996,21.02110535936
7.430000000000001e-06,-20.603021311999996,21.02110535936
7.4310000000000005e-06,-20.603021311999996,21.02110535936
7.432e-06,-20.603021311999996,21.02110535936
7.433000000000001e-06,-20.603021311999996,21.02110535936
7.434e-06,-20.603021311999996,21.02110535936
7.435000000000001e-06,-20.603021311999996,21.02110535936
7.4360000000000005e-06,-20.603021311999996,21.02110535936
7.437e-06,-20.603021311999996,21.02110535936
7.438000000000001e-06,-21.005031423999995,21.02110535936
7.439e-06,-21.005031423999995,21.02110535936
7.440000000000001e-06,-21.005031423999995,21.02110535936
7.441e-06,-21.407041535999994,21.02110535936
7.442e-06,-21.407041535999994,21.02110535936
7.4430000000000006e-06,-21.407041535999994,21.02110535936
7.444e-06,-21.407041535999994,21.02110535936
7.445000000000001e-06,-21.407041535999994,21.02110535936
7.446e-06,-21.809051648,21.02110535936
7.447000000000001e-06,-21.809051648,21.02110535936
7.4480000000000005e-06,-21.809051648,21.02110535936
7.449e-06,-21.809051648,21.02110535936
7.450000000000001e-06,-21.809051648,21.02110535936
7.451e-06,-22.21106176,21.02110535936
7.452000000000001e-06,-22.21106176,21.02110535936
7.4530000000000005e-06,-22.21106176,21.02110535936
7.454e-06,-22.613071872,21.02110535936
7.455000000000001e-06,-22.613071872,21.02110535936
7.456e-06,-22.613071872,21.02110535936
7.457000000000001e-06,-22.613071872,21.02110535936
7.458e-06,-22.613071872,21.02110535936
7.459e-06,-22.21106176,21.02110535936
7.4600000000000006e-06,-22.21106176,21.02110535936
7.461e-06,-22.21106176,21.02110535936
7.462000000000001e-06,-22.613071872,21.02110535936
7.463e-06,-22.613071872,21.02110535936
7.464000000000001e-06,-22.613071872,21.02110535936
7.4650000000000005e-06,-22.613071872,21.02110535936
7.466e-06,-22.613071872,21.02110535936
7.467000000000001e-06,-23.015081984,21.02110535936
7.468e-06,-23.015081984,21.02110535936
7.469000000000001e-06,-23.417092095999998,21.02110535936
7.4700000000000005e-06,-23.417092095999998,21.02110535936
7.471e-06,-23.417092095999998,21.02110535936
7.472000000000001e-06,-23.417092095999998,21.02110535936
7.473e-06,-23.417092095999998,21.02110535936
7.474000000000001e-06,-23.417092095999998,21.02110535936
7.4750000000000004e-06,-23.417092095999998,21.02110535936
7.476e-06,-23.417092095999998,21.02110535936
7.477000000000001e-06,-23.417092095999998,21.02110535936
7.478e-06,-23.015081984,21.02110535936
7.479000000000001e-06,-23.417092095999998,21.02110535936
7.48e-06,-23.417092095999998,21.02110535936
7.481000000000001e-06,-23.417092095999998,21.02110535936
7.4820000000000005e-06,-23.417092095999998,21.02110535936
7.483e-06,-23.417092095999998,21.02110535936
7.484000000000001e-06,-23.417092095999998,21.02110535936
7.485e-06,-23.819102207999997,21.02110535936
7.486000000000001e-06,-23.417092095999998,21.02110535936
7.4870000000000005e-06,-23.417092095999998,21.02110535936
7.488e-06,-23.417092095999998,21.02110535936
7.489000000000001e-06,-23.417092095999998,21.02110535936
7.49e-06,-23.417092095999998,21.02110535936
7.491000000000001e-06,-23.417092095999998,21.02110535936
7.4920000000000004e-06,-23.417092095999998,21.02110535936
7.493e-06,-23.417092095999998,21.02110535936
7.494000000000001e-06,-23.417092095999998,21.02110535936
7.495e-06,-23.819102207999997,21.02110535936
7.496000000000001e-06,-23.819102207999997,21.02110535936
7.497e-06,-23.819102207999997,21.02110535936
7.498000000000001e-06,-23.819102207999997,21.02110535936
7.4990000000000005e-06,-23.819102207999997,21.02110535936
7.5e-06,-23.819102207999997,21.02110535936
7.501000000000001e-06,-23.819102207999997,21.02110535936
7.502e-06,-23.819102207999997,21.02110535936
7.503000000000001e-06,-23.819102207999997,21.02110535936
7.5040000000000005e-06,-23.819102207999997,21.02110535936
7.505e-06,-23.819102207999997,21.02110535936
7.506000000000001e-06,-23.819102207999997,21.02110535936
7.507e-06,-23.819102207999997,21.02110535936
7.508000000000001e-06,-23.819102207999997,21.02110535936
7.5090000000000004e-06,-23.819102207999997,21.02110535936
7.51e-06,-23.819102207999997,21.02110535936
7.511000000000001e-06,-23.819102207999997,21.02110535936
7.512e-06,-24.221112319999996,21.02110535936
7.513000000000001e-06,-24.221112319999996,21.02110535936
7.514e-06,-24.221112319999996,21.02110535936
7.515e-06,-24.221112319999996,21.02110535936
7.5160000000000005e-06,-24.221112319999996,21.02110535936
7.517e-06,-24.221112319999996,21.02110535936
7.518000000000001e-06,-24.221112319999996,21.02110535936
7.519e-06,-23.819102207999997,21.02110535936
7.520000000000001e-06,-23.819102207999997,21.02110535936
7.5210000000000005e-06,-23.819102207999997,21.02110535936
7.522e-06,-23.819102207999997,21.02110535936
7.523000000000001e-06,-23.819102207999997,21.02110535936
7.524e-06,-23.819102207999997,21.02110535936
7.525000000000001e-06,-24.221112319999996,21.02110535936
7.5260000000000004e-06,-24.221112319999996,21.02110535936
7.527e-06,-24.221112319999996,21.02110535936
7.528000000000001e-06,-24.221112319999996,21.02110535936
7.529e-06,-23.819102207999997,21.02110535936
7.530000000000001e-06,-23.819102207999997,21.02110535936
7.531e-06,-23.819102207999997,21.02110535936
7.532e-06,-23.819102207999997,21.02110535936
7.5330000000000006e-06,-23.819102207999997,21.02110535936
7.534e-06,-23.819102207999997,21.02110535936
7.535000000000001e-06,-23.819102207999997,21.02110535936
7.536e-06,-23.819102207999997,21.02110535936
7.537000000000001e-06,-23.819102207999997,21.02110535936
7.5380000000000005e-06,-23.819102207999997,21.02110535936
7.539e-06,-23.819102207999997,21.02110535936
7.540000000000001e-06,-23.819102207999997,21.02110535936
7.541e-06,-23.819102207999997,21.02110535936
7.542000000000001e-06,-23.819102207999997,21.02110535936
7.5430000000000005e-06,-23.819102207999997,21.02110535936
7.544e-06,-23.819102207999997,21.02110535936
7.545000000000001e-06,-23.417092095999998,21.02110535936
7.546e-06,-23.417092095999998,21.02110535936
7.547000000000001e-06,-23.417092095999998,21.02110535936
7.548e-06,-23.417092095999998,21.02110535936
7.549e-06,-23.417092095999998,21.02110535936
7.5500000000000006e-06,-23.417092095999998,21.02110535936
7.551e-06,-23.417092095999998,21.02110535936
7.552000000000001e-06,-23.417092095999998,21.02110535936
7.553e-06,-23.417092095999998,21.02110535936
7.554000000000001e-06,-23.015081984,21.02110535936
7.5550000000000005e-06,-23.015081984,21.02110535936
7.556e-06,-23.015081984,21.02110535936
7.557000000000001e-06,-23.015081984,21.02110535936
7.558e-06,-23.015081984,21.02110535936
7.559000000000001e-06,-23.015081984,21.02110535936
7.5600000000000005e-06,-23.015081984,21.02110535936
7.561e-06,-23.015081984,21.02110535936
7.562000000000001e-06,-23.015081984,21.02110535936
7.563e-06,-23.015081984,21.02110535936
7.564000000000001e-06,-23.015081984,21.02110535936
7.565e-06,-23.015081984,21.02110535936
7.566e-06,-23.015081984,21.02110535936
7.5670000000000006e-06,-22.613071872,21.02110535936
7.568e-06,-22.613071872,21.02110535936
7.569000000000001e-06,-22.613071872,21.02110535936
7.57e-06,-22.613071872,21.02110535936
7.571000000000001e-06,-22.613071872,21.02110535936
7.5720000000000005e-06,-22.613071872,21.02110535936
7.573e-06,-22.613071872,21.02110535936
7.574000000000001e-06,-22.613071872,21.02110535936
7.575e-06,-22.613071872,21.02110535936
7.576000000000001e-06,-22.613071872,21.02110535936
7.5770000000000005e-06,-22.613071872,21.02110535936
7.578e-06,-22.613071872,21.02110535936
7.579000000000001e-06,-22.21106176,21.02110535936
7.58e-06,-22.21106176,21.02110535936
7.581000000000001e-06,-22.21106176,21.02110535936
7.582e-06,-22.21106176,21.02110535936
7.583e-06,-22.21106176,21.02110535936
7.5840000000000006e-06,-22.21106176,21.02110535936
7.585e-06,-21.809051648,21.02110535936
7.586000000000001e-06,-21.809051648,21.02110535936
7.587e-06,-21.809051648,21.02110535936
7.588000000000001e-06,-21.809051648,21.02110535936
7.5890000000000005e-06,-21.407041535999994,21.02110535936
7.59e-06,-21.407041535999994,21.02110535936
7.591000000000001e-06,-21.407041535999994,21.02110535936
7.592e-06,-21.407041535999994,21.02110535936
7.593000000000001e-06,-21.407041535999994,21.02110535936
7.5940000000000005e-06,-21.407041535999994,21.02110535936
7.595e-06,-21.407041535999994,21.02110535936
7.596000000000001e-06,-21.407041535999994,21.02110535936
7.597e-06,-21.005031423999995,21.02110535936
7.598000000000001e-06,-21.005031423999995,21.02110535936
7.5990000000000004e-06,-21.005031423999995,21.02110535936
7.6e-06,-21.005031423999995,21.02110535936
7.601000000000001e-06,-20.603021311999996,21.02110535936
7.602e-06,-20.603021311999996,21.02110535936
7.603000000000001e-06,-20.603021311999996,21.02110535936
7.604e-06,-20.603021311999996,21.02110535936
7.605000000000001e-06,-20.201011199999996,21.02110535936
7.6060000000000005e-06,-20.201011199999996,21.02110535936
7.607e-06,-19.799001087999997,21.02110535936
7.608000000000001e-06,-19.799001087999997,21.02110535936
7.609e-06,-19.799001087999997,21.02110535936
7.610000000000001e-06,-19.799001087999997,21.02110535936
7.6110000000000005e-06,-19.799001087999997,21.02110535936
7.612e-06,-19.799001087999997,21.02110535936
7.613000000000001e-06,-19.799001087999997,21.02110535936
7.614e-06,-19.799001087999997,21.02110535936
7.615000000000001e-06,-19.396990975999998,21.02110535936
7.6160000000000004e-06,-19.396990975999998,21.02110535936
7.617e-06,-19.396990975999998,21.02110535936
7.618000000000001e-06,-19.396990975999998,21.02110535936
7.619e-06,-18.994980864,21.02110535936
7.620000000000001e-06,-18.994980864,21.02110535936
7.621e-06,-18.994980864,21.02110535936
7.622000000000001e-06,-18.994980864,21.02110535936
7.6230000000000005e-06,-18.994980864,21.02110535936
7.624e-06,-18.994980864,21.02110535936
7.625000000000001e-06,-18.592970752,21.02110535936
7.626e-06,-18.592970752,21.02110535936
7.627000000000001e-06,-18.592970752,21.02110535936
7.6280000000000005e-06,-18.592970752,21.02110535936
7.629e-06,-18.592970752,21.02110535936
7.63e-06,-18.592970752,21.02110535936
7.631e-06,-18.19096064,21.02110535936
7.632e-06,-18.19096064,21.02110535936
7.633000000000001e-06,-18.19096064,21.02110535936
7.634e-06,-18.19096064,21.02110535936
7.635e-06,-18.19096064,21.02110535936
7.636000000000001e-06,-18.19096064,21.02110535936
7.637e-06,-18.19096064,21.02110535936
7.638e-06,-17.788950528,21.02110535936
7.639000000000001e-06,-17.788950528,21.02110535936
7.64e-06,-17.788950528,21.02110535936
7.641e-06,-17.386940415999995,21.02110535936
7.642e-06,-17.386940415999995,21.02110535936
7.643000000000001e-06,-17.386940415999995,21.02110535936
7.644e-06,-17.386940415999995,21.02110535936
7.645e-06,-16.984930303999995,21.02110535936
7.646000000000001e-06,-16.984930303999995,21.02110535936
7.647e-06,-16.984930303999995,21.02110535936
7.648e-06,-16.984930303999995,21.02110535936
7.649e-06,-16.984930303999995,21.02110535936
7.650000000000001e-06,-16.984930303999995,21.02110535936
7.651e-06,-16.984930303999995,21.02110535936
7.652e-06,-16.582920191999996,21.02110535936
7.653000000000001e-06,-16.582920191999996,21.02110535936
7.654e-06,-16.582920191999996,21.02110535936
7.655e-06,-16.582920191999996,21.02110535936
7.656000000000001e-06,-16.582920191999996,21.02110535936
7.657e-06,-16.582920191999996,21.02110535936
7.658e-06,-16.582920191999996,21.02110535936
7.659e-06,-16.582920191999996,21.02110535936
7.660000000000001e-06,-16.582920191999996,21.02110535936
7.661e-06,-16.582920191999996,21.02110535936
7.662e-06,-16.582920191999996,21.02110535936
7.663000000000001e-06,-16.582920191999996,21.02110535936
7.664e-06,-16.582920191999996,21.02110535936
7.665e-06,-16.180910079999997,21.02110535936
7.666e-06,-16.180910079999997,21.02110535936
7.667000000000001e-06,-16.180910079999997,21.02110535936
7.668e-06,-16.180910079999997,21.02110535936
7.669e-06,-16.180910079999997,21.02110535936
7.670000000000001e-06,-16.180910079999997,21.02110535936
7.671e-06,-16.180910079999997,21.02110535936
7.672e-06,-16.180910079999997,21.02110535936
7.673000000000001e-06,-16.180910079999997,21.02110535936
7.674e-06,-16.582920191999996,21.02110535936
7.675e-06,-16.582920191999996,21.02110535936
7.676e-06,-16.582920191999996,21.02110535936
7.677000000000001e-06,-16.180910079999997,21.02110535936
7.678e-06,-16.180910079999997,21.02110535936
7.679e-06,-16.180910079999997,21.02110535936
7.680000000000001e-06,-16.180910079999997,21.02110535936
7.681e-06,-16.180910079999997,21.02110535936
7.682e-06,-16.180910079999997,21.02110535936
7.683e-06,-15.778899967999998,21.02110535936
7.684000000000001e-06,-15.778899967999998,21.02110535936
7.685e-06,-15.778899967999998,21.02110535936
7.686e-06,-16.180910079999997,21.02110535936
7.687000000000001e-06,-16.180910079999997,21.02110535936
7.688e-06,-16.180910079999997,21.02110535936
7.689e-06,-16.180910079999997,21.02110535936
7.690000000000001e-06,-16.180910079999997,21.02110535936
7.691e-06,-16.180910079999997,21.02110535936
7.692e-06,-16.180910079999997,21.02110535936
7.693e-06,-16.180910079999997,21.02110535936
7.694000000000001e-06,-16.180910079999997,21.02110535936
7.695e-06,-16.180910079999997,21.02110535936
7.696e-06,-16.180910079999997,21.02110535936
7.697000000000001e-06,-16.180910079999997,21.02110535936
7.698e-06,-16.180910079999997,21.02110535936
7.699e-06,-16.582920191999996,21.02110535936
7.7e-06,-16.582920191999996,21.02110535936
7.701000000000001e-06,-16.582920191999996,21.02110535936
7.702e-06,-16.180910079999997,21.02110535936
7.703e-06,-16.180910079999997,21.02110535936
7.704000000000001e-06,-16.180910079999997,21.02110535936
7.705e-06,-16.180910079999997,21.02110535936
7.706e-06,-16.180910079999997,21.02110535936
7.707000000000001e-06,-16.582920191999996,21.02110535936
7.708e-06,-16.582920191999996,21.02110535936
7.709e-06,-16.582920191999996,21.02110535936
7.71e-06,-16.582920191999996,21.02110535936
7.711000000000001e-06,-16.984930303999995,21.02110535936
7.712e-06,-16.984930303999995,21.02110535936
7.713e-06,-16.984930303999995,21.02110535936
7.714000000000001e-06,-16.984930303999995,21.02110535936
7.715e-06,-16.984930303999995,21.02110535936
7.716e-06,-16.984930303999995,21.02110535936
7.717e-06,-16.984930303999995,21.02110535936
7.718000000000001e-06,-16.984930303999995,21.02110535936
7.719e-06,-16.984930303999995,21.02110535936
7.72e-06,-16.984930303999995,21.02110535936
7.721000000000001e-06,-17.386940415999995,21.02110535936
7.722e-06,-17.386940415999995,21.02110535936
7.723e-06,-17.386940415999995,21.02110535936
7.724000000000001e-06,-17.386940415999995,21.02110535936
7.725e-06,-17.788950528,21.02110535936
7.726e-06,-17.788950528,21.02110535936
7.727e-06,-17.788950528,21.02110535936
7.728000000000001e-06,-17.788950528,21.02110535936
7.729e-06,-17.788950528,21.02110535936
7.73e-06,-17.788950528,21.02110535936
7.731000000000001e-06,-17.788950528,21.02110535936
7.732e-06,-18.19096064,21.02110535936
7.733e-06,-18.19096064,21.02110535936
7.734e-06,-18.19096064,21.02110535936
7.735000000000001e-06,-18.592970752,21.02110535936
7.736e-06,-18.592970752,21.02110535936
7.737e-06,-18.592970752,21.02110535936
7.738000000000001e-06,-18.994980864,21.02110535936
7.739e-06,-18.994980864,21.02110535936
7.74e-06,-18.994980864,21.02110535936
7.741000000000001e-06,-18.994980864,21.02110535936
7.742e-06,-18.994980864,21.02110535936
7.743e-06,-18.994980864,21.02110535936
7.744e-06,-18.994980864,21.02110535936
7.745000000000001e-06,-18.994980864,21.02110535936
7.746e-06,-18.994980864,21.02110535936
7.747e-06,-18.994980864,21.02110535936
7.748000000000001e-06,-19.396990975999998,21.02110535936
7.749e-06,-19.396990975999998,21.02110535936
7.75e-06,-19.396990975999998,21.02110535936
7.751e-06,-19.799001087999997,21.02110535936
7.752e-06,-19.799001087999997,21.02110535936
7.753e-06,-19.799001087999997,21.02110535936
7.754e-06,-20.201011199999996,21.02110535936
7.755000000000001e-06,-20.201011199999996,21.02110535936
7.756e-06,-20.201011199999996,21.02110535936
7.757e-06,-20.201011199999996,21.02110535936
7.758000000000001e-06,-20.201011199999996,21.02110535936
7.759e-06,-20.201011199999996,21.02110535936
7.76e-06,-20.201011199999996,21.02110535936
7.761e-06,-20.201011199999996,21.02110535936
7.762000000000001e-06,-20.201011199999996,21.02110535936
7.763e-06,-20.201011199999996,21.02110535936
7.764e-06,-20.603021311999996,21.02110535936
7.765000000000001e-06,-20.603021311999996,21.02110535936
7.766e-06,-20.603021311999996,21.02110535936
7.767e-06,-21.005031423999995,21.02110535936
7.768e-06,-21.005031423999995,21.02110535936
7.769e-06,-21.005031423999995,21.02110535936
7.77e-06,-21.005031423999995,21.02110535936
7.771e-06,-21.407041535999994,21.02110535936
7.772000000000001e-06,-21.407041535999994,21.02110535936
7.773e-06,-21.407041535999994,21.02110535936
7.774e-06,-21.407041535999994,21.02110535936
7.775000000000001e-06,-21.407041535999994,21.02110535936
7.776e-06,-21.407041535999994,21.02110535936
7.777e-06,-21.407041535999994,21.02110535936
7.778e-06,-21.407041535999994,21.02110535936
7.779000000000001e-06,-21.809051648,21.02110535936
7.78e-06,-21.809051648,21.02110535936
7.781e-06,-21.809051648,21.02110535936
7.782000000000001e-06,-21.809051648,21.02110535936
7.783e-06,-21.809051648,21.02110535936
7.784e-06,-21.809051648,21.02110535936
7.785000000000001e-06,-21.809051648,21.02110535936
7.786e-06,-21.809051648,21.02110535936
7.787e-06,-21.809051648,21.02110535936
7.788e-06,-21.809051648,21.02110535936
7.789000000000001e-06,-21.809051648,21.02110535936
7.79e-06,-21.809051648,21.02110535936
7.791e-06,-22.21106176,21.02110535936
7.792000000000001e-06,-22.21106176,21.02110535936
7.793e-06,-22.21106176,21.02110535936
7.794e-06,-22.21106176,21.02110535936
7.795e-06,-22.613071872,21.02110535936
7.796000000000001e-06,-22.613071872,21.02110535936
7.797e-06,-22.613071872,21.02110535936
7.798e-06,-22.613071872,21.02110535936
7.799000000000001e-06,-22.613071872,21.02110535936
7.8e-06,-22.613071872,21.02110535936
7.801e-06,-22.613071872,21.02110535936
7.802000000000001e-06,-22.613071872,21.02110535936
7.803e-06,-22.613071872,21.02110535936
7.804e-06,-22.613071872,21.02110535936
7.805e-06,-23.015081984,21.02110535936
7.806000000000001e-06,-23.015081984,21.02110535936
7.807e-06,-23.015081984,21.02110535936
7.808e-06,-23.015081984,21.02110535936
7.809000000000001e-06,-23.015081984,21.02110535936
7.81e-06,-23.015081984,21.02110535936
7.811e-06,-23.015081984,21.02110535936
7.812e-06,-23.015081984,21.02110535936
7.813000000000001e-06,-23.015081984,21.02110535936
7.814e-06,-23.015081984,21.02110535936
7.815e-06,-23.015081984,21.02110535936
7.816000000000001e-06,-23.015081984,21.02110535936
7.817e-06,-23.015081984,21.02110535936
7.818e-06,-23.015081984,21.02110535936
7.819000000000001e-06,-23.015081984,21.02110535936
7.82e-06,-23.015081984,21.02110535936
7.821e-06,-23.015081984,21.02110535936
7.822e-06,-23.417092095999998,21.02110535936
7.823000000000001e-06,-23.417092095999998,21.02110535936
7.824e-06,-23.417092095999998,21.02110535936
7.825e-06,-23.417092095999998,21.02110535936
7.826000000000001e-06,-23.417092095999998,21.02110535936
7.827e-06,-23.417092095999998,21.02110535936
7.828e-06,-23.417092095999998,21.02110535936
7.829e-06,-23.417092095999998,21.02110535936
7.830000000000001e-06,-23.417092095999998,21.02110535936
7.831e-06,-23.417092095999998,21.02110535936
7.832e-06,-23.819102207999997,21.02110535936
7.833000000000001e-06,-23.819102207999997,21.02110535936
7.834e-06,-23.819102207999997,21.02110535936
7.835e-06,-23.819102207999997,21.02110535936
7.836000000000001e-06,-23.819102207999997,21.02110535936
7.837e-06,-23.819102207999997,21.02110535936
7.838e-06,-23.819102207999997,21.02110535936
7.839e-06,-23.819102207999997,21.02110535936
7.840000000000001e-06,-23.819102207999997,21.02110535936
7.841e-06,-23.819102207999997,21.02110535936
7.842e-06,-23.819102207999997,21.02110535936
7.843000000000001e-06,-23.819102207999997,21.02110535936
7.844e-06,-23.819102207999997,21.02110535936
7.845e-06,-23.819102207999997,21.02110535936
7.846e-06,-23.819102207999997,21.02110535936
7.847000000000001e-06,-23.819102207999997,21.02110535936
7.848e-06,-23.819102207999997,21.02110535936
7.849e-06,-23.819102207999997,21.02110535936
7.850000000000001e-06,-23.819102207999997,21.02110535936
7.851e-06,-23.819102207999997,21.02110535936
7.852e-06,-23.819102207999997,21.02110535936
7.853000000000001e-06,-23.819102207999997,21.02110535936
7.854e-06,-23.819102207999997,21.02110535936
7.855e-06,-23.417092095999998,21.02110535936
7.856e-06,-23.417092095999998,21.02110535936
7.857000000000001e-06,-23.417092095999998,21.02110535936
7.858e-06,-23.417092095999998,21.02110535936
7.859e-06,-23.417092095999998,21.02110535936
7.860000000000001e-06,-23.417092095999998,21.02110535936
7.861e-06,-23.417092095999998,21.02110535936
7.862e-06,-23.819102207999997,21.02110535936
7.863e-06,-23.819102207999997,21.02110535936
7.864000000000001e-06,-23.819102207999997,21.02110535936
7.865e-06,-23.819102207999997,21.02110535936
7.866e-06,-23.819102207999997,21.02110535936
7.867000000000001e-06,-23.819102207999997,21.02110535936
7.868e-06,-23.819102207999997,21.02110535936
7.869e-06,-23.819102207999997,21.02110535936
7.870000000000001e-06,-23.819102207999997,21.02110535936
7.871e-06,-23.819102207999997,21.02110535936
7.872e-06,-23.819102207999997,21.02110535936
7.873e-06,-23.819102207999997,21.02110535936
7.874000000000001e-06,-23.819102207999997,21.02110535936
7.875e-06,-23.819102207999997,21.02110535936
7.876e-06,-23.819102207999997,21.02110535936
7.877000000000001e-06,-23.819102207999997,21.02110535936
7.878e-06,-23.417092095999998,21.02110535936
7.879e-06,-23.417092095999998,21.02110535936
7.88e-06,-23.417092095999998,21.02110535936
7.881000000000001e-06,-23.015081984,21.02110535936
7.882e-06,-23.015081984,21.02110535936
7.883e-06,-23.417092095999998,21.02110535936
7.884000000000001e-06,-23.417092095999998,21.02110535936
7.885e-06,-23.417092095999998,21.02110535936
7.886e-06,-23.015081984,21.02110535936
7.887000000000001e-06,-23.015081984,21.02110535936
7.888e-06,-23.015081984,21.02110535936
7.889e-06,-23.015081984,21.02110535936
7.89e-06,-23.015081984,21.02110535936
7.891000000000001e-06,-23.015081984,21.02110535936
7.892e-06,-23.015081984,21.02110535936
7.893e-06,-23.015081984,21.02110535936
7.894000000000001e-06,-22.613071872,21.02110535936
7.895e-06,-22.613071872,21.02110535936
7.896e-06,-23.015081984,21.02110535936
7.897e-06,-23.015081984,21.02110535936
7.898000000000001e-06,-22.613071872,21.02110535936
7.899e-06,-22.613071872,21.02110535936
7.9e-06,-22.613071872,21.02110535936
7.901000000000001e-06,-23.015081984,21.02110535936
7.902e-06,-23.015081984,21.02110535936
7.903e-06,-23.015081984,21.02110535936
7.904000000000001e-06,-22.613071872,21.02110535936
7.905e-06,-22.613071872,21.02110535936
7.906e-06,-22.613071872,21.02110535936
7.907e-06,-22.613071872,21.02110535936
7.908000000000001e-06,-22.613071872,21.02110535936
7.909e-06,-22.613071872,21.02110535936
7.91e-06,-22.21106176,21.02110535936
7.911000000000001e-06,-22.21106176,21.02110535936
7.912e-06,-22.21106176,21.02110535936
7.913e-06,-22.21106176,21.02110535936
7.914e-06,-22.21106176,21.02110535936
7.915000000000001e-06,-22.21106176,21.02110535936
7.916e-06,-21.809051648,21.02110535936
7.917e-06,-21.809051648,21.02110535936
7.918000000000001e-06,-21.809051648,21.02110535936
7.919e-06,-21.809051648,21.02110535936
7.92e-06,-21.809051648,21.02110535936
7.921000000000001e-06,-21.809051648,21.02110535936
7.922e-06,-21.809051648,21.02110535936
7.923e-06,-21.809051648,21.02110535936
7.924e-06,-21.809051648,21.02110535936
7.925000000000001e-06,-21.809051648,21.02110535936
7.926e-06,-21.809051648,21.02110535936
7.927e-06,-21.809051648,21.02110535936
7.928000000000001e-06,-21.407041535999994,21.02110535936
7.929e-06,-21.407041535999994,21.02110535936
7.93e-06,-21.407041535999994,21.02110535936
7.931e-06,-21.407041535999994,21.02110535936
7.932000000000001e-06,-21.407041535999994,21.02110535936
7.933e-06,-21.407041535999994,21.02110535936
7.934e-06,-21.005031423999995,21.02110535936
7.935000000000001e-06,-21.005031423999995,21.02110535936
7.936e-06,-21.005031423999995,21.02110535936
7.937e-06,-21.005031423999995,21.02110535936
7.938000000000001e-06,-21.005031423999995,21.02110535936
7.939e-06,-20.603021311999996,21.02110535936
7.94e-06,-20.603021311999996,21.02110535936
7.941e-06,-20.603021311999996,21.02110535936
7.942000000000001e-06,-20.603021311999996,21.02110535936
7.943e-06,-20.603021311999996,21.02110535936
7.944e-06,-20.603021311999996,21.02110535936
7.945000000000001e-06,-20.201011199999996,21.02110535936
7.946e-06,-20.201011199999996,21.02110535936
7.947e-06,-20.201011199999996,21.02110535936
7.948e-06,-20.201011199999996,21.02110535936
7.949000000000001e-06,-20.201011199999996,21.02110535936
7.95e-06,-20.201011199999996,21.02110535936
7.951e-06,-19.799001087999997,21.02110535936
7.952000000000001e-06,-19.799001087999997,21.02110535936
7.953e-06,-19.799001087999997,21.02110535936
7.954e-06,-19.799001087999997,21.02110535936
7.955000000000001e-06,-19.799001087999997,21.02110535936
7.956e-06,-19.799001087999997,21.02110535936
7.957e-06,-19.396990975999998,21.02110535936
7.958e-06,-19.396990975999998,21.02110535936
7.959000000000001e-06,-19.396990975999998,21.02110535936
7.96e-06,-19.396990975999998,21.02110535936
7.961e-06,-18.994980864,21.02110535936
7.962000000000001e-06,-18.994980864,21.02110535936
7.963e-06,-18.994980864,21.02110535936
7.964e-06,-18.994980864,21.02110535936
7.965e-06,-18.994980864,21.02110535936
7.966000000000001e-06,-18.994980864,21.02110535936
7.967e-06,-18.994980864,21.02110535936
7.968e-06,-18.994980864,21.02110535936
7.969000000000001e-06,-18.994980864,21.02110535936
7.97e-06,-18.994980864,21.02110535936
7.971e-06,-18.994980864,21.02110535936
7.972000000000001e-06,-18.994980864,21.02110535936
7.973e-06,-18.994980864,21.02110535936
7.974e-06,-18.592970752,21.02110535936
7.975e-06,-18.592970752,21.02110535936
7.976000000000001e-06,-18.19096064,21.02110535936
7.977e-06,-18.19096064,21.02110535936
7.978e-06,-18.19096064,21.02110535936
7.979000000000001e-06,-18.19096064,21.02110535936
7.98e-06,-18.19096064,21.02110535936
7.981e-06,-18.19096064,21.02110535936
7.982e-06,-18.19096064,21.02110535936
7.983000000000001e-06,-18.19096064,21.02110535936
7.984e-06,-18.19096064,21.02110535936
7.985e-06,-17.788950528,21.02110535936
7.986000000000001e-06,-17.788950528,21.02110535936
7.987e-06,-17.788950528,21.02110535936
7.988e-06,-17.386940415999995,21.02110535936
7.989000000000001e-06,-17.386940415999995,21.02110535936
7.99e-06,-17.386940415999995,21.02110535936
7.991e-06,-17.386940415999995,21.02110535936
7.992e-06,-17.386940415999995,21.02110535936
7.993000000000001e-06,-17.386940415999995,21.02110535936
7.994e-06,-17.386940415999995,21.02110535936
7.995e-06,-17.386940415999995,21.02110535936
7.996000000000001e-06,-17.386940415999995,21.02110535936
7.997e-06,-17.386940415999995,21.02110535936
7.998e-06,-17.386940415999995,21.02110535936
7.999e-06,-17.386940415999995,21.02110535936
8.000000000000001e-06,-17.386940415999995,21.02110535936
8.001e-06,-17.386940415999995,21.02110535936
8.002e-06,-17.386940415999995,21.02110535936
8.003000000000001e-06,-17.386940415999995,21.02110535936
8.004e-06,-16.984930303999995,21.02110535936
8.005e-06,-16.984930303999995,21.02110535936
8.006000000000001e-06,-16.984930303999995,21.02110535936
8.007e-06,-16.984930303999995,21.02110535936
8.008e-06,-16.984930303999995,21.02110535936
8.009e-06,-16.984930303999995,21.02110535936
8.010000000000001e-06,-16.984930303999995,21.02110535936
8.011e-06,-16.984930303999995,21.02110535936
8.012e-06,-16.984930303999995,21.02110535936
8.013000000000001e-06,-16.984930303999995,21.02110535936
8.014e-06,-16.984930303999995,21.02110535936
8.015e-06,-16.984930303999995,21.02110535936
8.016e-06,-16.984930303999995,21.02110535936
8.017000000000001e-06,-17.386940415999995,21.02110535936
8.018e-06,-16.984930303999995,21.02110535936
8.019e-06,-16.984930303999995,21.02110535936
8.020000000000001e-06,-16.984930303999995,21.02110535936
8.021e-06,-16.984930303999995,21.02110535936
8.022e-06,-16.984930303999995,21.02110535936
8.023000000000001e-06,-16.984930303999995,21.02110535936
8.024e-06,-16.984930303999995,21.02110535936
8.025e-06,-16.984930303999995,21.02110535936
8.026e-06,-16.984930303999995,21.02110535936
8.027000000000001e-06,-16.984930303999995,21.02110535936
8.028e-06,-16.984930303999995,21.02110535936
8.029e-06,-16.984930303999995,21.02110535936
8.030000000000001e-06,-16.984930303999995,21.02110535936
8.031e-06,-16.984930303999995,21.02110535936
8.032e-06,-16.984930303999995,21.02110535936
8.033e-06,-16.984930303999995,21.02110535936
8.034000000000001e-06,-16.984930303999995,21.02110535936
8.035e-06,-16.984930303999995,21.02110535936
8.036e-06,-16.984930303999995,21.02110535936
8.037000000000001e-06,-17.386940415999995,21.02110535936
8.038e-06,-17.386940415999995,21.02110535936
8.039e-06,-17.386940415999995,21.02110535936
8.040000000000001e-06,-17.386940415999995,21.02110535936
8.041e-06,-17.386940415999995,21.02110535936
8.042e-06,-17.386940415999995,21.02110535936
8.043e-06,-17.386940415999995,21.02110535936
8.044000000000001e-06,-17.386940415999995,21.02110535936
8.045e-06,-17.386940415999995,21.02110535936
8.046e-06,-17.386940415999995,21.02110535936
8.047000000000001e-06,-17.386940415999995,21.02110535936
8.048e-06,-17.386940415999995,21.02110535936
8.049e-06,-17.386940415999995,21.02110535936
8.050000000000001e-06,-17.386940415999995,21.02110535936
8.051e-06,-17.386940415999995,21.02110535936
8.052e-06,-17.386940415999995,21.02110535936
8.053e-06,-17.386940415999995,21.02110535936
8.054000000000001e-06,-17.386940415999995,21.02110535936
8.055e-06,-17.386940415999995,21.02110535936
8.056e-06,-17.788950528,21.02110535936
8.057000000000001e-06,-17.788950528,21.02110535936
8.058e-06,-17.788950528,21.02110535936
8.059e-06,-17.788950528,21.02110535936
8.06e-06,-18.19096064,21.02110535936
8.061000000000001e-06,-18.19096064,21.02110535936
8.062e-06,-18.19096064,21.02110535936
8.063e-06,-18.19096064,21.02110535936
8.064000000000001e-06,-18.19096064,21.02110535936
8.065e-06,-18.592970752,21.02110535936
8.066e-06,-18.592970752,21.02110535936
8.067000000000001e-06,-18.592970752,21.02110535936
8.068e-06,-18.592970752,21.02110535936
8.069e-06,-18.592970752,21.02110535936
8.07e-06,-18.592970752,21.02110535936
8.071000000000001e-06,-18.592970752,21.02110535936
8.072e-06,-18.592970752,21.02110535936
8.073e-06,-18.592970752,21.02110535936
8.074000000000001e-06,-18.994980864,21.02110535936
8.075e-06,-18.994980864,21.02110535936
8.076e-06,-18.994980864,21.02110535936
8.077e-06,-18.994980864,21.02110535936
8.078000000000001e-06,-18.994980864,21.02110535936
8.079e-06,-18.994980864,21.02110535936
8.08e-06,-18.994980864,21.02110535936
8.081000000000001e-06,-18.994980864,21.02110535936
8.082e-06,-18.994980864,21.02110535936
8.083e-06,-18.994980864,21.02110535936
8.084000000000001e-06,-18.994980864,21.02110535936
8.085e-06,-19.396990975999998,21.02110535936
8.086e-06,-19.396990975999998,21.02110535936
8.087e-06,-19.396990975999998,21.02110535936
8.088000000000001e-06,-19.396990975999998,21.02110535936
8.089e-06,-19.396990975999998,21.02110535936
8.09e-06,-19.799001087999997,21.02110535936
8.091000000000001e-06,-19.799001087999997,21.02110535936
8.092e-06,-19.799001087999997,21.02110535936
8.093e-06,-19.799001087999997,21.02110535936
8.094e-06,-19.799001087999997,21.02110535936
8.095000000000001e-06,-19.799001087999997,21.02110535936
8.096e-06,-19.799001087999997,21.02110535936
8.097e-06,-19.799001087999997,21.02110535936
8.098000000000001e-06,-20.201011199999996,21.02110535936
8.099e-06,-20.201011199999996,21.02110535936
8.1e-06,-20.201011199999996,21.02110535936
8.101000000000001e-06,-20.201011199999996,21.02110535936
8.102e-06,-20.201011199999996,21.02110535936
8.103e-06,-20.201011199999996,21.02110535936
8.104e-06,-20.201011199999996,21.02110535936
8.105000000000001e-06,-20.603021311999996,21.02110535936
8.106e-06,-20.603021311999996,21.02110535936
8.107e-06,-20.603021311999996,21.02110535936
8.108000000000001e-06,-20.603021311999996,21.02110535936
8.109e-06,-21.005031423999995,21.02110535936
8.11e-06,-21.005031423999995,21.02110535936
8.111e-06,-21.005031423999995,21.02110535936
8.112000000000001e-06,-21.005031423999995,21.02110535936
8.113e-06,-21.005031423999995,21.02110535936
8.114e-06,-21.005031423999995,21.02110535936
8.115000000000001e-06,-21.005031423999995,21.02110535936
8.116e-06,-21.005031423999995,21.02110535936
8.117e-06,-21.005031423999995,21.02110535936
8.118000000000001e-06,-21.005031423999995,21.02110535936
8.119e-06,-21.005031423999995,21.02110535936
8.12e-06,-21.407041535999994,21.02110535936
8.121e-06,-21.407041535999994,21.02110535936
8.122000000000001e-06,-21.407041535999994,21.02110535936
8.123e-06,-21.407041535999994,21.02110535936
8.124e-06,-21.407041535999994,21.02110535936
8.125000000000001e-06,-21.407041535999994,21.02110535936
8.126e-06,-21.407041535999994,21.02110535936
8.127e-06,-21.407041535999994,21.02110535936
8.128e-06,-21.407041535999994,21.02110535936
8.129000000000001e-06,-21.407041535999994,21.02110535936
8.13e-06,-21.407041535999994,21.02110535936
8.131e-06,-21.809051648,21.02110535936
8.132000000000001e-06,-21.809051648,21.02110535936
8.133e-06,-21.809051648,21.02110535936
8.134e-06,-21.809051648,21.02110535936
8.135000000000001e-06,-21.809051648,21.02110535936
8.136e-06,-22.21106176,21.02110535936
8.137e-06,-22.21106176,21.02110535936
8.138e-06,-22.21106176,21.02110535936
8.139000000000001e-06,-22.21106176,21.02110535936
8.14e-06,-22.21106176,21.02110535936
8.141e-06,-22.21106176,21.02110535936
8.142000000000001e-06,-22.21106176,21.02110535936
8.143e-06,-22.21106176,21.02110535936
8.144e-06,-22.21106176,21.02110535936
8.145e-06,-22.21106176,21.02110535936
8.146000000000001e-06,-22.21106176,21.02110535936
8.147e-06,-22.21106176,21.02110535936
8.148e-06,-22.613071872,21.02110535936
8.149000000000001e-06,-22.613071872,21.02110535936
8.15e-06,-22.613071872,21.02110535936
8.151e-06,-22.613071872,21.02110535936
8.152000000000001e-06,-23.015081984,21.02110535936
8.153e-06,-23.015081984,21.02110535936
8.154e-06,-23.015081984,21.02110535936
8.155e-06,-23.015081984,21.02110535936
8.156000000000001e-06,-23.015081984,21.02110535936
8.157e-06,-23.015081984,21.02110535936
8.158e-06,-23.015081984,21.02110535936
8.159000000000001e-06,-23.015081984,21.02110535936
8.16e-06,-23.015081984,21.02110535936
8.161e-06,-23.015081984,21.02110535936
8.162e-06,-23.015081984,21.02110535936
8.163000000000001e-06,-23.015081984,21.02110535936
8.164e-06,-23.015081984,21.02110535936
8.165e-06,-23.015081984,21.02110535936
8.166000000000001e-06,-23.015081984,21.02110535936
8.167e-06,-23.015081984,21.02110535936
8.168e-06,-23.015081984,21.02110535936
8.169000000000001e-06,-23.015081984,21.02110535936
8.17e-06,-23.015081984,21.02110535936
8.171e-06,-23.015081984,21.02110535936
8.172e-06,-23.015081984,21.02110535936
8.173000000000001e-06,-23.015081984,21.02110535936
8.174e-06,-23.015081984,21.02110535936
8.175e-06,-23.015081984,21.02110535936
8.176000000000001e-06,-23.015081984,21.02110535936
8.177e-06,-23.015081984,21.02110535936
8.178e-06,-23.015081984,21.02110535936
8.179e-06,-23.015081984,21.02110535936
8.180000000000001e-06,-23.015081984,21.02110535936
8.181e-06,-23.015081984,21.02110535936
8.182e-06,-23.015081984,21.02110535936
8.183000000000001e-06,-23.015081984,21.02110535936
8.184e-06,-22.613071872,21.02110535936
8.185e-06,-22.613071872,21.02110535936
8.186000000000001e-06,-22.613071872,21.02110535936
8.187e-06,-23.015081984,21.02110535936
8.188e-06,-23.015081984,21.02110535936
8.189e-06,-23.015081984,21.02110535936
8.190000000000001e-06,-23.015081984,21.02110535936
8.191e-06,-23.015081984,21.02110535936
8.192e-06,-23.015081984,21.02110535936
8.193000000000001e-06,-23.015081984,21.02110535936
8.194e-06,-23.015081984,21.02110535936
8.195e-06,-23.015081984,21.02110535936
8.196e-06,-23.015081984,21.02110535936
8.197000000000001e-06,-23.015081984,21.02110535936
8.198e-06,-23.015081984,21.02110535936
8.199e-06,-23.015081984,21.02110535936
8.200000000000001e-06,-23.015081984,21.02110535936
8.201e-06,-23.015081984,21.02110535936
8.202e-06,-23.015081984,21.02110535936
8.203000000000001e-06,-23.015081984,21.02110535936
8.204e-06,-23.015081984,21.02110535936
8.205e-06,-22.613071872,21.02110535936
8.206e-06,-22.613071872,21.02110535936
8.207000000000001e-06,-22.613071872,21.02110535936
8.208e-06,-22.613071872,21.02110535936
8.209e-06,-22.613071872,21.02110535936
8.210000000000001e-06,-22.613071872,21.02110535936
8.211e-06,-22.613071872,21.02110535936
8.212e-06,-22.613071872,21.02110535936
8.213e-06,-22.613071872,21.02110535936
8.214000000000001e-06,-22.613071872,21.02110535936
8.215e-06,-22.613071872,21.02110535936
8.216e-06,-22.613071872,21.02110535936
8.217000000000001e-06,-22.613071872,21.02110535936
8.218e-06,-22.613071872,21.02110535936
8.219e-06,-22.613071872,21.02110535936
8.220000000000001e-06,-22.613071872,21.02110535936
8.221e-06,-22.613071872,21.02110535936
8.222e-06,-22.613071872,21.02110535936
8.223e-06,-22.613071872,21.02110535936
8.224000000000001e-06,-22.613071872,21.02110535936
8.225e-06,-22.613071872,21.02110535936
8.226e-06,-22.613071872,21.02110535936
8.227000000000001e-06,-22.613071872,21.02110535936
8.228e-06,-22.613071872,21.02110535936
8.229e-06,-22.613071872,21.02110535936
8.23e-06,-22.613071872,21.02110535936
8.231000000000001e-06,-22.21106176,21.02110535936
8.232e-06,-22.21106176,21.02110535936
8.233e-06,-22.21106176,21.02110535936
8.234000000000001e-06,-22.21106176,21.02110535936
8.235e-06,-22.21106176,21.02110535936
8.236e-06,-22.21106176,21.02110535936
8.237000000000001e-06,-22.21106176,21.02110535936
8.238e-06,-21.809051648,21.02110535936
8.239e-06,-21.809051648,21.02110535936
8.24e-06,-21.809051648,21.02110535936
8.241000000000001e-06,-21.809051648,21.02110535936
8.242e-06,-21.809051648,21.02110535936
8.243e-06,-21.809051648,21.02110535936
8.244000000000001e-06,-21.809051648,21.02110535936
8.245e-06,-21.809051648,21.02110535936
8.246e-06,-21.809051648,21.02110535936
8.247e-06,-21.407041535999994,21.02110535936
8.248000000000001e-06,-21.407041535999994,21.02110535936
8.249e-06,-21.407041535999994,21.02110535936
8.25e-06,-21.407041535999994,21.02110535936
8.251000000000001e-06,-21.407041535999994,21.02110535936
8.252e-06,-21.407041535999994,21.02110535936
8.253e-06,-21.005031423999995,21.02110535936
8.254000000000001e-06,-21.005031423999995,21.02110535936
8.255e-06,-21.005031423999995,21.02110535936
8.256e-06,-21.407041535999994,21.02110535936
8.257e-06,-21.407041535999994,21.02110535936
8.258000000000001e-06,-21.407041535999994,21.02110535936
8.259e-06,-21.407041535999994,21.02110535936
8.26e-06,-21.407041535999994,21.02110535936
8.261000000000001e-06,-21.005031423999995,21.02110535936
8.262e-06,-21.005031423999995,21.02110535936
8.263e-06,-21.005031423999995,21.02110535936
8.264e-06,-20.603021311999996,21.02110535936
8.265000000000001e-06,-20.603021311999996,21.02110535936
8.266e-06,-20.201011199999996,21.02110535936
8.267e-06,-20.201011199999996,21.02110535936
8.268000000000001e-06,-20.201011199999996,21.02110535936
8.269e-06,-20.201011199999996,21.02110535936
8.27e-06,-20.201011199999996,21.02110535936
8.271000000000001e-06,-20.201011199999996,21.02110535936
8.272e-06,-19.799001087999997,21.02110535936
8.273e-06,-19.799001087999997,21.02110535936
8.274e-06,-20.201011199999996,21.02110535936
8.275000000000001e-06,-19.799001087999997,21.02110535936
8.276e-06,-19.799001087999997,21.02110535936
8.277e-06,-19.799001087999997,21.02110535936
8.278000000000001e-06,-19.799001087999997,21.02110535936
8.279e-06,-19.799001087999997,21.02110535936
8.28e-06,-19.396990975999998,21.02110535936
8.281e-06,-19.396990975999998,21.02110535936
8.282000000000001e-06,-19.396990975999998,21.02110535936
8.283e-06,-19.799001087999997,21.02110535936
8.284e-06,-19.799001087999997,21.02110535936
8.285000000000001e-06,-19.799001087999997,21.02110535936
8.286e-06,-19.799001087999997,21.02110535936
8.287e-06,-19.799001087999997,21.02110535936
8.288000000000001e-06,-19.799001087999997,21.02110535936
8.289e-06,-19.396990975999998,21.02110535936
8.29e-06,-19.396990975999998,21.02110535936
8.291e-06,-19.396990975999998,21.02110535936
8.292000000000001e-06,-19.396990975999998,21.02110535936
8.293e-06,-19.396990975999998,21.02110535936
8.294e-06,-18.994980864,21.02110535936
8.295000000000001e-06,-18.994980864,21.02110535936
8.296e-06,-18.994980864,21.02110535936
8.297e-06,-18.592970752,21.02110535936
8.298000000000001e-06,-18.592970752,21.02110535936
8.299000000000001e-06,-18.592970752,21.02110535936
8.3e-06,-18.592970752,21.02110535936
8.301e-06,-18.592970752,21.02110535936
8.302000000000001e-06,-18.592970752,21.02110535936
8.303e-06,-18.592970752,21.02110535936
8.304e-06,-18.592970752,21.02110535936
8.305000000000001e-06,-18.592970752,21.02110535936
8.306e-06,-18.592970752,21.02110535936
8.307e-06,-18.592970752,21.02110535936
8.308e-06,-18.592970752,21.02110535936
8.309000000000001e-06,-18.592970752,21.02110535936
8.31e-06,-18.592970752,21.02110535936
8.311e-06,-18.19096064,21.02110535936
8.312000000000001e-06,-18.19096064,21.02110535936
8.313e-06,-18.19096064,21.02110535936
8.314e-06,-18.19096064,21.02110535936
8.315000000000001e-06,-17.788950528,21.02110535936
8.316000000000001e-06,-17.788950528,21.02110535936
8.317e-06,-17.788950528,21.02110535936
8.318e-06,-17.788950528,21.02110535936
8.319000000000001e-06,-17.788950528,21.02110535936
8.32e-06,-17.788950528,21.02110535936
8.321e-06,-17.788950528,21.02110535936
8.322000000000001e-06,-17.788950528,21.02110535936
8.323e-06,-17.788950528,21.02110535936
8.324e-06,-17.788950528,21.02110535936
8.325e-06,-17.788950528,21.02110535936
8.326000000000001e-06,-17.386940415999995,21.02110535936
8.327e-06,-17.386940415999995,21.02110535936
8.328e-06,-17.386940415999995,21.02110535936
8.329000000000001e-06,-17.386940415999995,21.02110535936
8.33e-06,-17.386940415999995,21.02110535936
8.331e-06,-17.386940415999995,21.02110535936
8.332000000000001e-06,-16.984930303999995,21.02110535936
8.333000000000001e-06,-16.984930303999995,21.02110535936
8.334e-06,-16.984930303999995,21.02110535936
8.335e-06,-16.984930303999995,21.02110535936
8.336000000000001e-06,-17.386940415999995,21.02110535936
8.337e-06,-17.386940415999995,21.02110535936
8.338e-06,-17.386940415999995,21.02110535936
8.339000000000001e-06,-17.386940415999995,21.02110535936
8.34e-06,-16.984930303999995,21.02110535936
8.341e-06,-16.984930303999995,21.02110535936
8.342e-06,-16.984930303999995,21.02110535936
8.343000000000001e-06,-16.984930303999995,21.02110535936
8.344e-06,-16.984930303999995,21.02110535936
8.345e-06,-16.984930303999995,21.02110535936
8.346000000000001e-06,-16.984930303999995,21.02110535936
8.347e-06,-16.984930303999995,21.02110535936
8.348e-06,-16.984930303999995,21.02110535936
8.349000000000001e-06,-16.582920191999996,21.02110535936
8.35e-06,-16.582920191999996,21.02110535936
8.351e-06,-16.582920191999996,21.02110535936
8.352e-06,-16.582920191999996,21.02110535936
8.353000000000001e-06,-16.582920191999996,21.02110535936
8.354e-06,-16.582920191999996,21.02110535936
8.355e-06,-16.582920191999996,21.02110535936
8.356000000000001e-06,-16.582920191999996,21.02110535936
8.357e-06,-16.984930303999995,21.02110535936
8.358e-06,-16.984930303999995,21.02110535936
8.359e-06,-16.984930303999995,21.02110535936
8.360000000000001e-06,-16.984930303999995,21.02110535936
8.361e-06,-16.582920191999996,21.02110535936
8.362e-06,-16.582920191999996,21.02110535936
8.363000000000001e-06,-16.582920191999996,21.02110535936
8.364e-06,-16.582920191999996,21.02110535936
8.365e-06,-16.582920191999996,21.02110535936
8.366000000000001e-06,-16.582920191999996,21.02110535936
8.367e-06,-16.582920191999996,21.02110535936
8.368e-06,-16.582920191999996,21.02110535936
8.369e-06,-16.984930303999995,21.02110535936
8.370000000000001e-06,-16.984930303999995,21.02110535936
8.371e-06,-16.984930303999995,21.02110535936
8.372e-06,-16.984930303999995,21.02110535936
8.373000000000001e-06,-16.984930303999995,21.02110535936
8.374e-06,-16.984930303999995,21.02110535936
8.375e-06,-16.984930303999995,21.02110535936
8.376e-06,-16.984930303999995,21.02110535936
8.377000000000001e-06,-16.984930303999995,21.02110535936
8.378e-06,-16.984930303999995,21.02110535936
8.379e-06,-16.984930303999995,21.02110535936
8.380000000000001e-06,-17.386940415999995,21.02110535936
8.381e-06,-16.984930303999995,21.02110535936
8.382e-06,-16.984930303999995,21.02110535936
8.383000000000001e-06,-16.984930303999995,21.02110535936
8.384e-06,-16.984930303999995,21.02110535936
8.385e-06,-16.984930303999995,21.02110535936
8.386e-06,-16.984930303999995,21.02110535936
8.387000000000001e-06,-17.386940415999995,21.02110535936
8.388e-06,-17.386940415999995,21.02110535936
8.389e-06,-17.386940415999995,21.02110535936
8.390000000000001e-06,-17.386940415999995,21.02110535936
8.391e-06,-17.386940415999995,21.02110535936
8.392e-06,-17.386940415999995,21.02110535936
8.393e-06,-17.386940415999995,21.02110535936
8.394000000000001e-06,-17.386940415999995,21.02110535936
8.395e-06,-17.386940415999995,21.02110535936
8.396e-06,-17.788950528,21.02110535936
8.397000000000001e-06,-17.788950528,21.02110535936
8.398e-06,-17.788950528,21.02110535936
8.399e-06,-17.788950528,21.02110535936
8.400000000000001e-06,-18.19096064,21.02110535936
8.401e-06,-18.19096064,21.02110535936
8.402e-06,-18.19096064,21.02110535936
8.403e-06,-18.19096064,21.02110535936
8.404000000000001e-06,-18.19096064,21.02110535936
8.405e-06,-18.19096064,21.02110535936
8.406e-06,-18.19096064,21.02110535936
8.407000000000001e-06,-17.788950528,21.02110535936
8.408e-06,-18.19096064,21.02110535936
8.409e-06,-18.19096064,21.02110535936
8.41e-06,-18.19096064,21.02110535936
8.411000000000001e-06,-18.19096064,21.02110535936
8.412e-06,-18.19096064,21.02110535936
8.413e-06,-18.19096064,21.02110535936
8.414000000000001e-06,-18.592970752,21.02110535936
8.415e-06,-18.592970752,21.02110535936
8.416e-06,-18.592970752,21.02110535936
8.417000000000001e-06,-18.592970752,21.02110535936
8.418e-06,-18.592970752,21.02110535936
8.419e-06,-18.592970752,21.02110535936
8.42e-06,-18.994980864,21.02110535936
8.421000000000001e-06,-18.994980864,21.02110535936
8.422e-06,-18.994980864,21.02110535936
8.423e-06,-18.994980864,21.02110535936
8.424000000000001e-06,-18.994980864,21.02110535936
8.425e-06,-18.994980864,21.02110535936
8.426e-06,-19.396990975999998,21.02110535936
8.427e-06,-19.396990975999998,21.02110535936
8.428000000000001e-06,-19.799001087999997,21.02110535936
8.429e-06,-19.799001087999997,21.02110535936
8.43e-06,-19.799001087999997,21.02110535936
8.431000000000001e-06,-19.799001087999997,21.02110535936
8.432e-06,-19.799001087999997,21.02110535936
8.433e-06,-20.201011199999996,21.02110535936
8.434000000000001e-06,-19.799001087999997,21.02110535936
8.435e-06,-19.799001087999997,21.02110535936
8.436e-06,-19.799001087999997,21.02110535936
8.437e-06,-19.799001087999997,21.02110535936
8.438000000000001e-06,-19.799001087999997,21.02110535936
8.439e-06,-19.799001087999997,21.02110535936
8.44e-06,-19.799001087999997,21.02110535936
8.441000000000001e-06,-19.799001087999997,21.02110535936
8.442e-06,-19.799001087999997,21.02110535936
8.443e-06,-19.799001087999997,21.02110535936
8.444e-06,-19.799001087999997,21.02110535936
8.445000000000001e-06,-19.799001087999997,21.02110535936
8.446e-06,-20.201011199999996,21.02110535936
8.447e-06,-20.201011199999996,21.02110535936
8.448000000000001e-06,-20.201011199999996,21.02110535936
8.449e-06,-20.201011199999996,21.02110535936
8.45e-06,-20.201011199999996,21.02110535936
8.451000000000001e-06,-20.201011199999996,21.02110535936
8.452e-06,-20.201011199999996,21.02110535936
8.453e-06,-20.201011199999996,21.02110535936
8.454e-06,-20.201011199999996,21.02110535936
8.455000000000001e-06,-20.201011199999996,21.02110535936
8.456e-06,-20.603021311999996,21.02110535936
8.457e-06,-20.603021311999996,21.02110535936
8.458000000000001e-06,-20.603021311999996,21.02110535936
8.459e-06,-20.603021311999996,21.02110535936
8.46e-06,-20.603021311999996,21.02110535936
8.461e-06,-21.005031423999995,21.02110535936
8.462000000000001e-06,-21.005031423999995,21.02110535936
8.463e-06,-21.005031423999995,21.02110535936
8.464e-06,-21.005031423999995,21.02110535936
8.465000000000001e-06,-21.005031423999995,21.02110535936
8.466e-06,-21.005031423999995,21.02110535936
8.467e-06,-21.407041535999994,21.02110535936
8.468000000000001e-06,-21.407041535999994,21.02110535936
8.469e-06,-21.407041535999994,21.02110535936
8.47e-06,-21.005031423999995,21.02110535936
8.471e-06,-21.005031423999995,21.02110535936
8.472000000000001e-06,-21.005031423999995,21.02110535936
8.473e-06,-21.005031423999995,21.02110535936
8.474e-06,-21.005031423999995,21.02110535936
8.475000000000001e-06,-21.005031423999995,21.02110535936
8.476e-06,-21.005031423999995,21.02110535936
8.477e-06,-21.407041535999994,21.02110535936
8.478e-06,-21.407041535999994,21.02110535936
8.479000000000001e-06,-21.407041535999994,21.02110535936
8.48e-06,-21.407041535999994,21.02110535936
8.481e-06,-21.407041535999994,21.02110535936
8.482000000000001e-06,-21.407041535999994,21.02110535936
8.483e-06,-21.407041535999994,21.02110535936
8.484e-06,-21.407041535999994,21.02110535936
8.485000000000001e-06,-21.407041535999994,21.02110535936
8.486e-06,-21.809051648,21.02110535936
8.487e-06,-21.809051648,21.02110535936
8.488e-06,-21.809051648,21.02110535936
8.489000000000001e-06,-21.809051648,21.02110535936
8.49e-06,-21.809051648,21.02110535936
8.491e-06,-21.407041535999994,21.02110535936
8.492000000000001e-06,-21.407041535999994,21.02110535936
8.493e-06,-21.407041535999994,21.02110535936
8.494e-06,-21.407041535999994,21.02110535936
8.495e-06,-21.407041535999994,21.02110535936
8.496000000000001e-06,-21.407041535999994,21.02110535936
8.497e-06,-21.407041535999994,21.02110535936
8.498e-06,-21.407041535999994,21.02110535936
8.499000000000001e-06,-21.809051648,21.02110535936
8.5e-06,-21.809051648,21.02110535936
8.501e-06,-21.809051648,21.02110535936
8.502000000000001e-06,-21.809051648,21.02110535936
8.503e-06,-21.809051648,21.02110535936
8.504e-06,-21.809051648,21.02110535936
8.505e-06,-21.809051648,21.02110535936
8.506000000000001e-06,-21.809051648,21.02110535936
8.507e-06,-21.809051648,21.02110535936
8.508e-06,-21.809051648,21.02110535936
8.509000000000001e-06,-21.809051648,21.02110535936
8.51e-06,-21.809051648,21.02110535936
8.511e-06,-21.809051648,21.02110535936
8.512e-06,-21.809051648,21.02110535936
8.513000000000001e-06,-21.809051648,21.02110535936
8.514e-06,-21.809051648,21.02110535936
8.515e-06,-21.809051648,21.02110535936
8.516000000000001e-06,-21.809051648,21.02110535936
8.517e-06,-21.809051648,21.02110535936
8.518e-06,-21.809051648,21.02110535936
8.519000000000001e-06,-21.407041535999994,21.02110535936
8.52e-06,-21.407041535999994,21.02110535936
8.521e-06,-21.407041535999994,21.02110535936
8.522e-06,-21.407041535999994,21.02110535936
8.523000000000001e-06,-21.407041535999994,21.02110535936
8.524e-06,-21.407041535999994,21.02110535936
8.525e-06,-21.407041535999994,21.02110535936
8.526000000000001e-06,-21.809051648,21.02110535936
8.527e-06,-21.809051648,21.02110535936
8.528e-06,-21.809051648,21.02110535936
8.529e-06,-21.809051648,21.02110535936
8.530000000000001e-06,-21.809051648,21.02110535936
8.531e-06,-21.809051648,21.02110535936
8.532e-06,-21.809051648,21.02110535936
8.533000000000001e-06,-21.407041535999994,21.02110535936
8.534e-06,-21.407041535999994,21.02110535936
8.535e-06,-21.407041535999994,21.02110535936
8.536000000000001e-06,-21.407041535999994,21.02110535936
8.537e-06,-21.407041535999994,21.02110535936
8.538e-06,-21.407041535999994,21.02110535936
8.539e-06,-21.407041535999994,21.02110535936
8.540000000000001e-06,-21.407041535999994,21.02110535936
8.541e-06,-21.407041535999994,21.02110535936
8.542e-06,-21.407041535999994,21.02110535936
8.543000000000001e-06,-21.407041535999994,21.02110535936
8.544e-06,-21.407041535999994,21.02110535936
8.545e-06,-21.407041535999994,21.02110535936
8.546000000000001e-06,-21.407041535999994,21.02110535936
8.547000000000001e-06,-21.407041535999994,21.02110535936
8.548e-06,-21.407041535999994,21.02110535936
8.549e-06,-21.407041535999994,21.02110535936
8.550000000000001e-06,-21.407041535999994,21.02110535936
8.551e-06,-21.407041535999994,21.02110535936
8.552e-06,-21.407041535999994,21.02110535936
8.553000000000001e-06,-21.005031423999995,21.02110535936
8.554e-06,-21.005031423999995,21.02110535936
8.555e-06,-21.005031423999995,21.02110535936
8.556e-06,-21.005031423999995,21.02110535936
8.557000000000001e-06,-21.005031423999995,21.02110535936
8.558e-06,-21.005031423999995,21.02110535936
8.559e-06,-21.005031423999995,21.02110535936
8.560000000000001e-06,-21.005031423999995,21.02110535936
8.561e-06,-21.005031423999995,21.02110535936
8.562e-06,-21.005031423999995,21.02110535936
8.563000000000001e-06,-21.005031423999995,21.02110535936
8.564000000000001e-06,-21.005031423999995,21.02110535936
8.565e-06,-21.005031423999995,21.02110535936
8.566e-06,-21.005031423999995,21.02110535936
8.567000000000001e-06,-21.005031423999995,21.02110535936
8.568e-06,-20.603021311999996,21.02110535936
8.569e-06,-20.603021311999996,21.02110535936
8.570000000000001e-06,-20.603021311999996,21.02110535936
8.571e-06,-20.603021311999996,21.02110535936
8.572e-06,-20.603021311999996,21.02110535936
8.573e-06,-20.603021311999996,21.02110535936
8.574000000000001e-06,-20.603021311999996,21.02110535936
8.575e-06,-20.603021311999996,21.02110535936
8.576e-06,-20.603021311999996,21.02110535936
8.577000000000001e-06,-20.201011199999996,21.02110535936
8.578e-06,-20.201011199999996,21.02110535936
8.579e-06,-20.201011199999996,21.02110535936
8.580000000000001e-06,-19.799001087999997,21.02110535936
8.581000000000001e-06,-19.799001087999997,21.02110535936
8.582e-06,-19.799001087999997,21.02110535936
8.583e-06,-19.396990975999998,21.02110535936
8.584000000000001e-06,-19.396990975999998,21.02110535936
8.585e-06,-19.396990975999998,21.02110535936
8.586e-06,-19.396990975999998,21.02110535936
8.587000000000001e-06,-19.396990975999998,21.02110535936
8.588e-06,-19.396990975999998,21.02110535936
8.589e-06,-19.396990975999998,21.02110535936
8.59e-06,-19.396990975999998,21.02110535936
8.591000000000001e-06,-19.396990975999998,21.02110535936
8.592e-06,-19.396990975999998,21.02110535936
8.593e-06,-19.396990975999998,21.02110535936
8.594000000000001e-06,-19.396990975999998,21.02110535936
8.595e-06,-19.396990975999998,21.02110535936
8.596e-06,-18.994980864,21.02110535936
8.597000000000001e-06,-18.994980864,21.02110535936
8.598000000000001e-06,-18.994980864,21.02110535936
8.599e-06,-18.994980864,21.02110535936
8.6e-06,-18.994980864,21.02110535936
8.601000000000001e-06,-18.994980864,21.02110535936
8.602e-06,-18.994980864,21.02110535936
8.603e-06,-18.994980864,21.02110535936
8.604000000000001e-06,-18.592970752,21.02110535936
8.605e-06,-18.592970752,21.02110535936
8.606e-06,-18.592970752,21.02110535936
8.607e-06,-18.592970752,21.02110535936
8.608000000000001e-06,-18.592970752,21.02110535936
8.609e-06,-18.592970752,21.02110535936
8.61e-06,-18.592970752,21.02110535936
8.611000000000001e-06,-18.592970752,21.02110535936
8.612e-06,-18.592970752,21.02110535936
8.613e-06,-18.592970752,21.02110535936
8.614000000000001e-06,-18.592970752,21.02110535936
8.615000000000001e-06,-18.19096064,21.02110535936
8.616e-06,-18.19096064,21.02110535936
8.617e-06,-18.19096064,21.02110535936
8.618000000000001e-06,-17.788950528,21.02110535936
8.619e-06,-17.788950528,21.02110535936
8.62e-06,-17.788950528,21.02110535936
8.621000000000001e-06,-17.788950528,21.02110535936
8.622e-06,-17.788950528,21.02110535936
8.623e-06,-17.788950528,21.02110535936
8.624e-06,-17.788950528,21.02110535936
8.625000000000001e-06,-17.788950528,21.02110535936
8.626e-06,-17.788950528,21.02110535936
8.627e-06,-17.788950528,21.02110535936
8.628000000000001e-06,-17.788950528,21.02110535936
8.629e-06,-17.788950528,21.02110535936
8.63e-06,-17.788950528,21.02110535936
8.631000000000001e-06,-17.788950528,21.02110535936
8.632000000000001e-06,-17.788950528,21.02110535936
8.633e-06,-17.788950528,21.02110535936
8.634e-06,-17.386940415999995,21.02110535936
8.635000000000001e-06,-17.386940415999995,21.02110535936
8.636e-06,-17.386940415999995,21.02110535936
8.637e-06,-17.386940415999995,21.02110535936
8.638000000000001e-06,-17.386940415999995,21.02110535936
8.639e-06,-16.984930303999995,21.02110535936
8.64e-06,-16.984930303999995,21.02110535936
8.641e-06,-16.984930303999995,21.02110535936
8.642000000000001e-06,-16.984930303999995,21.02110535936
8.643e-06,-16.984930303999995,21.02110535936
8.644e-06,-16.984930303999995,21.02110535936
8.645000000000001e-06,-16.984930303999995,21.02110535936
8.646e-06,-16.984930303999995,21.02110535936
8.647e-06,-16.582920191999996,21.02110535936
8.648000000000001e-06,-16.582920191999996,21.02110535936
8.649e-06,-16.582920191999996,21.02110535936
8.65e-06,-16.582920191999996,21.02110535936
8.651e-06,-16.582920191999996,21.02110535936
8.652000000000001e-06,-16.582920191999996,21.02110535936
8.653e-06,-16.984930303999995,21.02110535936
8.654e-06,-16.984930303999995,21.02110535936
8.655000000000001e-06,-16.984930303999995,21.02110535936
8.656e-06,-16.582920191999996,21.02110535936
8.657e-06,-16.582920191999996,21.02110535936
8.658e-06,-16.582920191999996,21.02110535936
8.659000000000001e-06,-16.582920191999996,21.02110535936
8.66e-06,-16.582920191999996,21.02110535936
8.661e-06,-16.582920191999996,21.02110535936
8.662000000000001e-06,-16.582920191999996,21.02110535936
8.663e-06,-16.582920191999996,21.02110535936
8.664e-06,-16.582920191999996,21.02110535936
8.665000000000001e-06,-16.582920191999996,21.02110535936
8.666e-06,-16.582920191999996,21.02110535936
8.667e-06,-16.180910079999997,21.02110535936
8.668e-06,-16.180910079999997,21.02110535936
8.669000000000001e-06,-16.180910079999997,21.02110535936
8.67e-06,-16.180910079999997,21.02110535936
8.671e-06,-16.180910079999997,21.02110535936
8.672000000000001e-06,-16.180910079999997,21.02110535936
8.673e-06,-16.180910079999997,21.02110535936
8.674e-06,-16.180910079999997,21.02110535936
8.675e-06,-16.180910079999997,21.02110535936
8.676000000000001e-06,-16.180910079999997,21.02110535936
8.677e-06,-16.180910079999997,21.02110535936
8.678e-06,-16.180910079999997,21.02110535936
8.679000000000001e-06,-16.180910079999997,21.02110535936
8.68e-06,-16.582920191999996,21.02110535936
8.681e-06,-16.582920191999996,21.02110535936
8.682000000000001e-06,-16.582920191999996,21.02110535936
8.683e-06,-16.180910079999997,21.02110535936
8.684e-06,-16.180910079999997,21.02110535936
8.685e-06,-16.180910079999997,21.02110535936
8.686000000000001e-06,-16.180910079999997,21.02110535936
8.687e-06,-16.180910079999997,21.02110535936
8.688e-06,-16.582920191999996,21.02110535936
8.689000000000001e-06,-16.582920191999996,21.02110535936
8.69e-06,-16.582920191999996,21.02110535936
8.691e-06,-16.582920191999996,21.02110535936
8.692e-06,-16.582920191999996,21.02110535936
8.693000000000001e-06,-16.582920191999996,21.02110535936
8.694e-06,-16.582920191999996,21.02110535936
8.695e-06,-16.582920191999996,21.02110535936
8.696000000000001e-06,-16.582920191999996,21.02110535936
8.697e-06,-16.582920191999996,21.02110535936
8.698e-06,-16.582920191999996,21.02110535936
8.699000000000001e-06,-16.582920191999996,21.02110535936
8.7e-06,-16.582920191999996,21.02110535936
8.701e-06,-16.582920191999996,21.02110535936
8.702e-06,-16.582920191999996,21.02110535936
8.703000000000001e-06,-16.582920191999996,21.02110535936
8.704e-06,-16.582920191999996,21.02110535936
8.705e-06,-16.582920191999996,21.02110535936
8.706000000000001e-06,-16.582920191999996,21.02110535936
8.707e-06,-16.582920191999996,21.02110535936
8.708e-06,-16.582920191999996,21.02110535936
8.709e-06,-16.582920191999996,21.02110535936
8.710000000000001e-06,-16.582920191999996,21.02110535936
8.711e-06,-16.180910079999997,21.02110535936
8.712e-06,-16.180910079999997,21.02110535936
8.713000000000001e-06,-16.180910079999997,21.02110535936
8.714e-06,-16.180910079999997,21.02110535936
8.715e-06,-16.582920191999996,21.02110535936
8.716000000000001e-06,-16.582920191999996,21.02110535936
8.717e-06,-16.582920191999996,21.02110535936
8.718e-06,-16.582920191999996,21.02110535936
8.719e-06,-16.984930303999995,21.02110535936
8.720000000000001e-06,-16.984930303999995,21.02110535936
8.721e-06,-16.984930303999995,21.02110535936
8.722e-06,-16.984930303999995,21.02110535936
8.723000000000001e-06,-16.984930303999995,21.02110535936
8.724e-06,-16.984930303999995,21.02110535936
8.725e-06,-16.984930303999995,21.02110535936
8.726e-06,-16.984930303999995,21.02110535936
8.727000000000001e-06,-16.984930303999995,21.02110535936
8.728e-06,-16.984930303999995,21.02110535936
8.729e-06,-16.984930303999995,21.02110535936
8.730000000000001e-06,-16.984930303999995,21.02110535936
8.731e-06,-17.386940415999995,21.02110535936
8.732e-06,-17.386940415999995,21.02110535936
8.733000000000001e-06,-17.386940415999995,21.02110535936
8.734e-06,-17.386940415999995,21.02110535936
8.735e-06,-17.386940415999995,21.02110535936
8.736e-06,-17.386940415999995,21.02110535936
8.737000000000001e-06,-17.386940415999995,21.02110535936
8.738e-06,-17.788950528,21.02110535936
8.739e-06,-17.788950528,21.02110535936
8.740000000000001e-06,-17.788950528,21.02110535936
8.741e-06,-17.788950528,21.02110535936
8.742e-06,-17.788950528,21.02110535936
8.743e-06,-17.788950528,21.02110535936
8.744000000000001e-06,-17.788950528,21.02110535936
8.745e-06,-17.788950528,21.02110535936
8.746e-06,-17.788950528,21.02110535936
8.747000000000001e-06,-17.788950528,21.02110535936
8.748e-06,-18.19096064,21.02110535936
8.749e-06,-18.19096064,21.02110535936
8.750000000000001e-06,-18.19096064,21.02110535936
8.751e-06,-18.19096064,21.02110535936
8.752e-06,-18.592970752,21.02110535936
8.753e-06,-18.592970752,21.02110535936
8.754000000000001e-06,-18.592970752,21.02110535936
8.755e-06,-18.592970752,21.02110535936
8.756e-06,-18.592970752,21.02110535936
8.757000000000001e-06,-18.592970752,21.02110535936
8.758e-06,-18.592970752,21.02110535936
8.759e-06,-18.592970752,21.02110535936
8.76e-06,-18.592970752,21.02110535936
8.761000000000001e-06,-18.592970752,21.02110535936
8.762e-06,-18.592970752,21.02110535936
8.763e-06,-18.592970752,21.02110535936
8.764000000000001e-06,-18.592970752,21.02110535936
8.765e-06,-18.592970752,21.02110535936
8.766e-06,-18.592970752,21.02110535936
8.767000000000001e-06,-18.592970752,21.02110535936
8.768e-06,-18.994980864,21.02110535936
8.769e-06,-18.994980864,21.02110535936
8.77e-06,-18.994980864,21.02110535936
8.771000000000001e-06,-18.994980864,21.02110535936
8.772e-06,-18.994980864,21.02110535936
8.773e-06,-18.994980864,21.02110535936
8.774000000000001e-06,-18.994980864,21.02110535936
8.775e-06,-18.994980864,21.02110535936
8.776e-06,-19.396990975999998,21.02110535936
8.777e-06,-19.396990975999998,21.02110535936
8.778000000000001e-06,-19.396990975999998,21.02110535936
8.779e-06,-19.799001087999997,21.02110535936
8.78e-06,-19.799001087999997,21.02110535936
8.781000000000001e-06,-19.799001087999997,21.02110535936
8.782e-06,-19.799001087999997,21.02110535936
8.783e-06,-19.799001087999997,21.02110535936
8.784000000000001e-06,-19.799001087999997,21.02110535936
8.785e-06,-19.799001087999997,21.02110535936
8.786e-06,-19.799001087999997,21.02110535936
8.787e-06,-19.799001087999997,21.02110535936
8.788000000000001e-06,-19.799001087999997,21.02110535936
8.789e-06,-19.799001087999997,21.02110535936
8.79e-06,-19.799001087999997,21.02110535936
8.791000000000001e-06,-19.799001087999997,21.02110535936
8.792e-06,-19.799001087999997,21.02110535936
8.793e-06,-20.201011199999996,21.02110535936
8.794e-06,-20.201011199999996,21.02110535936
8.795000000000001e-06,-20.201011199999996,21.02110535936
8.796e-06,-20.201011199999996,21.02110535936
8.797e-06,-20.201011199999996,21.02110535936
8.798000000000001e-06,-20.201011199999996,21.02110535936
8.799e-06,-20.201011199999996,21.02110535936
8.8e-06,-19.799001087999997,21.02110535936
8.801000000000001e-06,-19.799001087999997,21.02110535936
8.802e-06,-19.799001087999997,21.02110535936
8.803e-06,-19.799001087999997,21.02110535936
8.804e-06,-19.799001087999997,21.02110535936
8.805000000000001e-06,-19.799001087999997,21.02110535936
8.806e-06,-20.201011199999996,21.02110535936
8.807e-06,-20.201011199999996,21.02110535936
8.808000000000001e-06,-20.201011199999996,21.02110535936
8.809e-06,-20.201011199999996,21.02110535936
8.81e-06,-20.201011199999996,21.02110535936
8.811000000000001e-06,-20.201011199999996,21.02110535936
8.812000000000001e-06,-20.201011199999996,21.02110535936
8.813e-06,-20.201011199999996,21.02110535936
8.814e-06,-20.201011199999996,21.02110535936
8.815000000000001e-06,-20.201011199999996,21.02110535936
8.816e-06,-20.201011199999996,21.02110535936
8.817e-06,-20.201011199999996,21.02110535936
8.818000000000001e-06,-20.201011199999996,21.02110535936
8.819e-06,-20.201011199999996,21.02110535936
8.82e-06,-20.201011199999996,21.02110535936
8.821e-06,-19.799001087999997,21.02110535936
8.822000000000001e-06,-19.799001087999997,21.02110535936
8.823e-06,-19.799001087999997,21.02110535936
8.824e-06,-20.201011199999996,21.02110535936
8.825000000000001e-06,-20.201011199999996,21.02110535936
8.826e-06,-20.201011199999996,21.02110535936
8.827e-06,-20.201011199999996,21.02110535936
8.828000000000001e-06,-20.201011199999996,21.02110535936
8.829000000000001e-06,-20.201011199999996,21.02110535936
8.83e-06,-20.201011199999996,21.02110535936
8.831e-06,-20.201011199999996,21.02110535936
8.832000000000001e-06,-20.201011199999996,21.02110535936
8.833e-06,-20.201011199999996,21.02110535936
8.834e-06,-20.201011199999996,21.02110535936
8.835000000000001e-06,-20.201011199999996,21.02110535936
8.836e-06,-20.201011199999996,21.02110535936
8.837e-06,-20.201011199999996,21.02110535936
8.838e-06,-20.201011199999996,21.02110535936
8.839000000000001e-06,-20.201011199999996,21.02110535936
8.84e-06,-20.201011199999996,21.02110535936
8.841e-06,-20.201011199999996,21.02110535936
8.842000000000001e-06,-20.201011199999996,21.02110535936
8.843e-06,-20.201011199999996,21.02110535936
8.844e-06,-20.201011199999996,21.02110535936
8.845000000000001e-06,-20.201011199999996,21.02110535936
8.846000000000001e-06,-20.201011199999996,21.02110535936
8.847e-06,-19.799001087999997,21.02110535936
8.848e-06,-19.799001087999997,21.02110535936
8.849000000000001e-06,-19.799001087999997,21.02110535936
8.85e-06,-19.799001087999997,21.02110535936
8.851e-06,-20.201011199999996,21.02110535936
8.852000000000001e-06,-19.799001087999997,21.02110535936
8.853e-06,-20.201011199999996,21.02110535936
8.854e-06,-19.799001087999997,21.02110535936
8.855e-06,-19.799001087999997,21.02110535936
8.856000000000001e-06,-19.799001087999997,21.02110535936
8.857e-06,-20.201011199999996,21.02110535936
8.858e-06,-19.799001087999997,21.02110535936
8.859000000000001e-06,-19.799001087999997,21.02110535936
8.86e-06,-19.799001087999997,21.02110535936
8.861e-06,-19.799001087999997,21.02110535936
8.862000000000001e-06,-19.799001087999997,21.02110535936
8.863000000000001e-06,-19.799001087999997,21.02110535936
8.864e-06,-19.799001087999997,21.02110535936
8.865e-06,-19.799001087999997,21.02110535936
8.866000000000001e-06,-19.799001087999997,21.02110535936
8.867e-06,-19.799001087999997,21.02110535936
8.868e-06,-19.799001087999997,21.02110535936
8.869000000000001e-06,-19.799001087999997,21.02110535936
8.87e-06,-19.396990975999998,21.02110535936
8.871e-06,-19.799001087999997,21.02110535936
8.872e-06,-19.799001087999997,21.02110535936
8.873000000000001e-06,-19.799001087999997,21.02110535936
8.874e-06,-19.799001087999997,21.02110535936
8.875e-06,-19.799001087999997,21.02110535936
8.876000000000001e-06,-19.799001087999997,21.02110535936
8.877e-06,-19.799001087999997,21.02110535936
8.878e-06,-19.396990975999998,21.02110535936
8.879000000000001e-06,-19.396990975999998,21.02110535936
8.880000000000001e-06,-19.396990975999998,21.02110535936
8.881e-06,-19.396990975999998,21.02110535936
8.882e-06,-19.396990975999998,21.02110535936
8.883000000000001e-06,-18.994980864,21.02110535936
8.884e-06,-19.396990975999998,21.02110535936
8.885e-06,-19.396990975999998,21.02110535936
8.886000000000001e-06,-19.396990975999998,21.02110535936
8.887e-06,-19.396990975999998,21.02110535936
8.888e-06,-19.396990975999998,21.02110535936
8.889e-06,-19.396990975999998,21.02110535936
8.890000000000001e-06,-19.396990975999998,21.02110535936
8.891e-06,-19.396990975999998,21.02110535936
8.892e-06,-18.994980864,21.02110535936
8.893000000000001e-06,-18.994980864,21.02110535936
8.894e-06,-18.994980864,21.02110535936
8.895e-06,-18.592970752,21.02110535936
8.896000000000001e-06,-18.592970752,21.02110535936
8.897000000000001e-06,-18.592970752,21.02110535936
8.898e-06,-18.19096064,21.02110535936
8.899e-06,-18.19096064,21.02110535936
8.900000000000001e-06,-18.19096064,21.02110535936
8.901e-06,-17.788950528,21.02110535936
8.902e-06,-17.788950528,21.02110535936
8.903000000000001e-06,-17.788950528,21.02110535936
8.904e-06,-17.788950528,21.02110535936
8.905e-06,-18.19096064,21.02110535936
8.906e-06,-18.19096064,21.02110535936
8.907000000000001e-06,-18.19096064,21.02110535936
8.908e-06,-18.19096064,21.02110535936
8.909e-06,-18.19096064,21.02110535936
8.910000000000001e-06,-18.19096064,21.02110535936
8.911e-06,-18.19096064,21.02110535936
8.912e-06,-18.19096064,21.02110535936
8.913000000000001e-06,-18.19096064,21.02110535936
8.914000000000001e-06,-18.19096064,21.02110535936
8.915e-06,-17.788950528,21.02110535936
8.916e-06,-17.788950528,21.02110535936
8.917000000000001e-06,-17.788950528,21.02110535936
8.918e-06,-17.386940415999995,21.02110535936
8.919e-06,-17.386940415999995,21.02110535936
8.920000000000001e-06,-17.386940415999995,21.02110535936
8.921e-06,-17.386940415999995,21.02110535936
8.922e-06,-16.984930303999995,21.02110535936
8.923e-06,-16.984930303999995,21.02110535936
8.924000000000001e-06,-16.984930303999995,21.02110535936
8.925e-06,-16.984930303999995,21.02110535936
8.926e-06,-16.984930303999995,21.02110535936
8.927000000000001e-06,-16.984930303999995,21.02110535936
8.928e-06,-16.984930303999995,21.02110535936
8.929e-06,-16.984930303999995,21.02110535936
8.930000000000001e-06,-16.984930303999995,21.02110535936
8.931000000000001e-06,-16.984930303999995,21.02110535936
8.932e-06,-16.984930303999995,21.02110535936
8.933e-06,-16.984930303999995,21.02110535936
8.934000000000001e-06,-16.984930303999995,21.02110535936
8.935e-06,-16.984930303999995,21.02110535936
8.936e-06,-16.984930303999995,21.02110535936
8.937000000000001e-06,-16.984930303999995,21.02110535936
8.938e-06,-16.984930303999995,21.02110535936
8.939e-06,-16.582920191999996,21.02110535936
8.94e-06,-16.582920191999996,21.02110535936
8.941000000000001e-06,-16.582920191999996,21.02110535936
8.942e-06,-16.582920191999996,21.02110535936
8.943e-06,-16.582920191999996,21.02110535936
8.944000000000001e-06,-16.582920191999996,21.02110535936
8.945e-06,-16.582920191999996,21.02110535936
8.946e-06,-16.180910079999997,21.02110535936
8.947000000000001e-06,-16.180910079999997,21.02110535936
8.948000000000001e-06,-16.180910079999997,21.02110535936
8.949e-06,-15.778899967999998,21.02110535936
8.95e-06,-15.778899967999998,21.02110535936
8.951000000000001e-06,-15.778899967999998,21.02110535936
8.952e-06,-15.778899967999998,21.02110535936
8.953e-06,-15.778899967999998,21.02110535936
8.954000000000001e-06,-15.778899967999998,21.02110535936
8.955e-06,-15.778899967999998,21.02110535936
8.956e-06,-15.778899967999998,21.02110535936
8.957e-06,-15.778899967999998,21.02110535936
8.958000000000001e-06,-15.778899967999998,21.02110535936
8.959e-06,-15.376889855999998,21.02110535936
8.96e-06,-15.376889855999998,21.02110535936
8.961000000000001e-06,-15.376889855999998,21.02110535936
8.962e-06,-15.376889855999998,21.02110535936
8.963e-06,-15.778899967999998,21.02110535936
8.964000000000001e-06,-15.778899967999998,21.02110535936
8.965e-06,-15.376889855999998,21.02110535936
8.966e-06,-15.376889855999998,21.02110535936
8.967e-06,-15.376889855999998,21.02110535936
8.968000000000001e-06,-15.376889855999998,21.02110535936
8.969e-06,-15.376889855999998,21.02110535936
8.97e-06,-15.376889855999998,21.02110535936
8.971000000000001e-06,-15.376889855999998,21.02110535936
8.972e-06,-15.376889855999998,21.02110535936
8.973e-06,-15.376889855999998,21.02110535936
8.974e-06,-15.376889855999998,21.02110535936
8.975000000000001e-06,-15.376889855999998,21.02110535936
8.976e-06,-15.376889855999998,21.02110535936
8.977e-06,-15.376889855999998,21.02110535936
8.978000000000001e-06,-15.376889855999998,21.02110535936
8.979e-06,-15.376889855999998,21.02110535936
8.98e-06,-15.376889855999998,21.02110535936
8.981000000000001e-06,-15.376889855999998,21.02110535936
8.982e-06,-14.974879743999999,21.02110535936
8.983e-06,-14.974879743999999,21.02110535936
8.984e-06,-14.974879743999999,21.02110535936
8.985000000000001e-06,-14.974879743999999,21.02110535936
8.986e-06,-14.974879743999999,21.02110535936
8.987e-06,-14.974879743999999,21.02110535936
8.988000000000001e-06,-14.974879743999999,21.02110535936
8.989e-06,-14.974879743999999,21.02110535936
8.99e-06,-14.974879743999999,21.02110535936
8.991e-06,-14.974879743999999,21.02110535936
8.992000000000001e-06,-14.974879743999999,21.02110535936
8.993e-06,-14.974879743999999,21.02110535936
8.994e-06,-14.974879743999999,21.02110535936
8.995000000000001e-06,-14.974879743999999,21.02110535936
8.996e-06,-14.974879743999999,21.02110535936
8.997e-06,-14.974879743999999,21.02110535936
8.998000000000001e-06,-14.974879743999999,21.02110535936
8.999e-06,-14.974879743999999,21.02110535936
9e-06,-14.974879743999999,21.02110535936
9.001e-06,-14.974879743999999,21.02110535936
9.002000000000001e-06,-14.974879743999999,21.02110535936
9.003e-06,-14.974879743999999,21.02110535936
9.004e-06,-14.974879743999999,21.02110535936
9.005000000000001e-06,-14.974879743999999,21.02110535936
9.006e-06,-14.974879743999999,21.02110535936
9.007e-06,-14.974879743999999,21.02110535936
9.008e-06,-14.974879743999999,21.02110535936
9.009000000000001e-06,-14.974879743999999,21.02110535936
9.01e-06,-14.974879743999999,21.02110535936
9.011e-06,-14.974879743999999,21.02110535936
9.012000000000001e-06,-15.376889855999998,21.02110535936
9.013e-06,-15.376889855999998,21.02110535936
9.014e-06,-15.376889855999998,21.02110535936
9.015000000000001e-06,-15.376889855999998,21.02110535936
9.016e-06,-15.376889855999998,21.02110535936
9.017e-06,-15.376889855999998,21.02110535936
9.018e-06,-15.376889855999998,21.02110535936
9.019000000000001e-06,-15.376889855999998,21.02110535936
9.02e-06,-15.376889855999998,21.02110535936
9.021e-06,-15.376889855999998,21.02110535936
9.022000000000001e-06,-15.376889855999998,21.02110535936
9.023e-06,-15.376889855999998,21.02110535936
9.024e-06,-15.376889855999998,21.02110535936
9.025e-06,-15.376889855999998,21.02110535936
9.026000000000001e-06,-15.376889855999998,21.02110535936
9.027e-06,-15.376889855999998,21.02110535936
9.028e-06,-15.376889855999998,21.02110535936
9.029000000000001e-06,-15.376889855999998,21.02110535936
9.03e-06,-15.376889855999998,21.02110535936
9.031e-06,-15.778899967999998,21.02110535936
9.032000000000001e-06,-15.778899967999998,21.02110535936
9.033e-06,-15.778899967999998,21.02110535936
9.034e-06,-16.180910079999997,21.02110535936
9.035e-06,-16.180910079999997,21.02110535936
9.036000000000001e-06,-16.180910079999997,21.02110535936
9.037e-06,-16.180910079999997,21.02110535936
9.038e-06,-15.778899967999998,21.02110535936
9.039000000000001e-06,-15.778899967999998,21.02110535936
9.04e-06,-15.778899967999998,21.02110535936
9.041e-06,-15.376889855999998,21.02110535936
9.042e-06,-15.376889855999998,21.02110535936
9.043000000000001e-06,-15.778899967999998,21.02110535936
9.044e-06,-15.778899967999998,21.02110535936
9.045e-06,-15.778899967999998,21.02110535936
9.046000000000001e-06,-16.180910079999997,21.02110535936
9.047e-06,-16.180910079999997,21.02110535936
9.048e-06,-16.180910079999997,21.02110535936
9.049000000000001e-06,-16.180910079999997,21.02110535936
9.05e-06,-15.778899967999998,21.02110535936
9.051e-06,-15.778899967999998,21.02110535936
9.052e-06,-15.778899967999998,21.02110535936
9.053000000000001e-06,-15.778899967999998,21.02110535936
9.054e-06,-15.778899967999998,21.02110535936
9.055e-06,-16.180910079999997,21.02110535936
9.056000000000001e-06,-16.180910079999997,21.02110535936
9.057e-06,-16.180910079999997,21.02110535936
9.058e-06,-16.180910079999997,21.02110535936
9.059000000000001e-06,-16.582920191999996,21.02110535936
9.060000000000001e-06,-16.582920191999996,21.02110535936
9.061e-06,-16.582920191999996,21.02110535936
9.062e-06,-16.582920191999996,21.02110535936
9.063000000000001e-06,-16.582920191999996,21.02110535936
9.064e-06,-16.582920191999996,21.02110535936
9.065e-06,-16.582920191999996,21.02110535936
9.066000000000001e-06,-16.582920191999996,21.02110535936
9.067e-06,-16.582920191999996,21.02110535936
9.068e-06,-16.582920191999996,21.02110535936
9.069e-06,-16.582920191999996,21.02110535936
9.070000000000001e-06,-16.582920191999996,21.02110535936
9.071e-06,-16.582920191999996,21.02110535936
9.072e-06,-16.582920191999996,21.02110535936
9.073000000000001e-06,-16.582920191999996,21.02110535936
9.074e-06,-16.582920191999996,21.02110535936
9.075e-06,-16.984930303999995,21.02110535936
9.076000000000001e-06,-16.984930303999995,21.02110535936
9.077000000000001e-06,-16.984930303999995,21.02110535936
9.078e-06,-16.984930303999995,21.02110535936
9.079e-06,-16.984930303999995,21.02110535936
9.080000000000001e-06,-16.984930303999995,21.02110535936
9.081e-06,-16.984930303999995,21.02110535936
9.082e-06,-16.984930303999995,21.02110535936
9.083000000000001e-06,-16.984930303999995,21.02110535936
9.084e-06,-16.984930303999995,21.02110535936
9.085e-06,-17.386940415999995,21.02110535936
9.086e-06,-17.386940415999995,21.02110535936
9.087000000000001e-06,-17.386940415999995,21.02110535936
9.088e-06,-17.386940415999995,21.02110535936
9.089e-06,-17.386940415999995,21.02110535936
9.090000000000001e-06,-17.386940415999995,21.02110535936
9.091e-06,-17.386940415999995,21.02110535936
9.092e-06,-17.386940415999995,21.02110535936
9.093000000000001e-06,-17.386940415999995,21.02110535936
9.094000000000001e-06,-17.386940415999995,21.02110535936
9.095e-06,-17.386940415999995,21.02110535936
9.096e-06,-17.386940415999995,21.02110535936
9.097000000000001e-06,-17.386940415999995,21.02110535936
9.098e-06,-17.788950528,21.02110535936
9.099e-06,-17.788950528,21.02110535936
9.100000000000001e-06,-17.788950528,21.02110535936
9.101e-06,-17.788950528,21.02110535936
9.102e-06,-17.788950528,21.02110535936
9.103e-06,-17.788950528,21.02110535936
9.104000000000001e-06,-17.788950528,21.02110535936
9.105e-06,-17.788950528,21.02110535936
9.106e-06,-17.788950528,21.02110535936
9.107000000000001e-06,-17.788950528,21.02110535936
9.108e-06,-17.788950528,21.02110535936
9.109e-06,-17.788950528,21.02110535936
9.110000000000001e-06,-17.788950528,21.02110535936
9.111000000000001e-06,-17.788950528,21.02110535936
9.112e-06,-17.788950528,21.02110535936
9.113e-06,-17.788950528,21.02110535936
9.114000000000001e-06,-17.788950528,21.02110535936
9.115e-06,-17.788950528,21.02110535936
9.116e-06,-17.788950528,21.02110535936
9.117000000000001e-06,-17.788950528,21.02110535936
9.118e-06,-18.19096064,21.02110535936
9.119e-06,-17.788950528,21.02110535936
9.12e-06,-17.788950528,21.02110535936
9.121000000000001e-06,-17.788950528,21.02110535936
9.122e-06,-17.788950528,21.02110535936
9.123e-06,-17.788950528,21.02110535936
9.124000000000001e-06,-17.788950528,21.02110535936
9.125e-06,-17.788950528,21.02110535936
9.126e-06,-17.788950528,21.02110535936
9.127000000000001e-06,-17.788950528,21.02110535936
9.128000000000001e-06,-18.19096064,21.02110535936
9.129e-06,-18.19096064,21.02110535936
9.13e-06,-18.19096064,21.02110535936
9.131000000000001e-06,-18.19096064,21.02110535936
9.132e-06,-18.592970752,21.02110535936
9.133e-06,-18.592970752,21.02110535936
9.134000000000001e-06,-18.592970752,21.02110535936
9.135e-06,-18.592970752,21.02110535936
9.136e-06,-18.19096064,21.02110535936
9.137e-06,-18.19096064,21.02110535936
9.138000000000001e-06,-18.19096064,21.02110535936
9.139e-06,-18.19096064,21.02110535936
9.14e-06,-18.19096064,21.02110535936
9.141000000000001e-06,-18.19096064,21.02110535936
9.142e-06,-18.19096064,21.02110535936
9.143e-06,-18.19096064,21.02110535936
9.144000000000001e-06,-18.19096064,21.02110535936
9.145000000000001e-06,-18.19096064,21.02110535936
9.146e-06,-18.19096064,21.02110535936
9.147e-06,-18.19096064,21.02110535936
9.148000000000001e-06,-18.19096064,21.02110535936
9.149e-06,-18.19096064,21.02110535936
9.15e-06,-18.19096064,21.02110535936
9.151000000000001e-06,-18.19096064,21.02110535936
9.152e-06,-18.19096064,21.02110535936
9.153e-06,-17.788950528,21.02110535936
9.154e-06,-17.788950528,21.02110535936
9.155000000000001e-06,-17.788950528,21.02110535936
9.156e-06,-18.19096064,21.02110535936
9.157e-06,-18.19096064,21.02110535936
9.158000000000001e-06,-18.19096064,21.02110535936
9.159e-06,-17.788950528,21.02110535936
9.16e-06,-17.788950528,21.02110535936
9.161000000000001e-06,-17.788950528,21.02110535936
9.162000000000001e-06,-17.788950528,21.02110535936
9.163e-06,-17.788950528,21.02110535936
9.164e-06,-17.788950528,21.02110535936
9.165000000000001e-06,-17.788950528,21.02110535936
9.166e-06,-18.19096064,21.02110535936
9.167e-06,-18.19096064,21.02110535936
9.168000000000001e-06,-17.788950528,21.02110535936
9.169e-06,-17.788950528,21.02110535936
9.17e-06,-17.788950528,21.02110535936
9.171e-06,-17.788950528,21.02110535936
9.172000000000001e-06,-17.788950528,21.02110535936
9.173e-06,-17.788950528,21.02110535936
9.174e-06,-17.788950528,21.02110535936
9.175000000000001e-06,-17.788950528,21.02110535936
9.176e-06,-17.788950528,21.02110535936
9.177e-06,-17.788950528,21.02110535936
9.178000000000001e-06,-17.386940415999995,21.02110535936
9.179000000000001e-06,-17.386940415999995,21.02110535936
9.18e-06,-17.386940415999995,21.02110535936
9.181e-06,-17.386940415999995,21.02110535936
9.182000000000001e-06,-17.386940415999995,21.02110535936
9.183e-06,-16.984930303999995,21.02110535936
9.184e-06,-16.984930303999995,21.02110535936
9.185000000000001e-06,-16.984930303999995,21.02110535936
9.186e-06,-16.984930303999995,21.02110535936
9.187e-06,-16.984930303999995,21.02110535936
9.188e-06,-16.984930303999995,21.02110535936
9.189000000000001e-06,-16.984930303999995,21.02110535936
9.19e-06,-16.984930303999995,21.02110535936
9.191e-06,-16.984930303999995,21.02110535936
9.192000000000001e-06,-16.984930303999995,21.02110535936
9.193e-06,-16.984930303999995,21.02110535936
9.194e-06,-16.984930303999995,21.02110535936
9.195000000000001e-06,-16.984930303999995,21.02110535936
9.196000000000001e-06,-16.984930303999995,21.02110535936
9.197e-06,-16.984930303999995,21.02110535936
9.198e-06,-16.582920191999996,21.02110535936
9.199000000000001e-06,-16.582920191999996,21.02110535936
9.2e-06,-16.582920191999996,21.02110535936
9.201e-06,-16.582920191999996,21.02110535936
9.202000000000001e-06,-16.582920191999996,21.02110535936
9.203e-06,-16.582920191999996,21.02110535936
9.204e-06,-16.582920191999996,21.02110535936
9.205e-06,-16.582920191999996,21.02110535936
9.206000000000001e-06,-16.180910079999997,21.02110535936
9.207e-06,-16.180910079999997,21.02110535936
9.208e-06,-16.180910079999997,21.02110535936
9.209000000000001e-06,-16.180910079999997,21.02110535936
9.21e-06,-16.180910079999997,21.02110535936
9.211e-06,-16.180910079999997,21.02110535936
9.212000000000001e-06,-16.180910079999997,21.02110535936
9.213000000000001e-06,-16.180910079999997,21.02110535936
9.214e-06,-16.180910079999997,21.02110535936
9.215e-06,-16.180910079999997,21.02110535936
9.216000000000001e-06,-16.180910079999997,21.02110535936
9.217e-06,-16.180910079999997,21.02110535936
9.218e-06,-16.180910079999997,21.02110535936
9.219000000000001e-06,-16.180910079999997,21.02110535936
9.22e-06,-16.180910079999997,21.02110535936
9.221e-06,-16.180910079999997,21.02110535936
9.222e-06,-15.778899967999998,21.02110535936
9.223000000000001e-06,-15.778899967999998,21.02110535936
9.224e-06,-15.778899967999998,21.02110535936
9.225e-06,-15.778899967999998,21.02110535936
9.226000000000001e-06,-15.778899967999998,21.02110535936
9.227e-06,-15.376889855999998,21.02110535936
9.228e-06,-15.376889855999998,21.02110535936
9.229000000000001e-06,-15.376889855999998,21.02110535936
9.230000000000001e-06,-15.376889855999998,21.02110535936
9.231e-06,-15.376889855999998,21.02110535936
9.232e-06,-15.376889855999998,21.02110535936
9.233000000000001e-06,-15.376889855999998,21.02110535936
9.234e-06,-14.974879743999999,21.02110535936
9.235e-06,-14.974879743999999,21.02110535936
9.236000000000001e-06,-14.974879743999999,21.02110535936
9.237e-06,-14.974879743999999,21.02110535936
9.238e-06,-14.974879743999999,21.02110535936
9.239e-06,-14.974879743999999,21.02110535936
9.240000000000001e-06,-14.974879743999999,21.02110535936
9.241e-06,-14.974879743999999,21.02110535936
9.242e-06,-14.572869632,21.02110535936
9.243000000000001e-06,-14.572869632,21.02110535936
9.244e-06,-14.572869632,21.02110535936
9.245e-06,-14.572869632,21.02110535936
9.246000000000001e-06,-14.572869632,21.02110535936
9.247000000000001e-06,-14.572869632,21.02110535936
9.248e-06,-14.572869632,21.02110535936
9.249e-06,-14.572869632,21.02110535936
9.250000000000001e-06,-14.572869632,21.02110535936
9.251e-06,-14.572869632,21.02110535936
9.252e-06,-14.17085952,21.02110535936
9.253000000000001e-06,-14.17085952,21.02110535936
9.254e-06,-14.17085952,21.02110535936
9.255e-06,-14.17085952,21.02110535936
9.256e-06,-14.17085952,21.02110535936
9.257000000000001e-06,-14.17085952,21.02110535936
9.258e-06,-14.17085952,21.02110535936
9.259e-06,-14.17085952,21.02110535936
9.260000000000001e-06,-14.17085952,21.02110535936
9.261e-06,-14.17085952,21.02110535936
9.262e-06,-14.17085952,21.02110535936
9.263000000000001e-06,-14.17085952,21.02110535936
9.264e-06,-13.768849408000001,21.02110535936
9.265e-06,-13.768849408000001,21.02110535936
9.266e-06,-13.768849408000001,21.02110535936
9.267000000000001e-06,-13.768849408000001,21.02110535936
9.268e-06,-13.768849408000001,21.02110535936
9.269e-06,-13.768849408000001,21.02110535936
9.270000000000001e-06,-13.366839295999995,21.02110535936
9.271e-06,-13.366839295999995,21.02110535936
9.272e-06,-13.366839295999995,21.02110535936
9.273e-06,-13.366839295999995,21.02110535936
9.274000000000001e-06,-13.366839295999995,21.02110535936
9.275e-06,-13.366839295999995,21.02110535936
9.276e-06,-13.366839295999995,21.02110535936
9.277000000000001e-06,-13.366839295999995,21.02110535936
9.278e-06,-13.366839295999995,21.02110535936
9.279e-06,-13.366839295999995,21.02110535936
9.280000000000001e-06,-13.768849408000001,21.02110535936
9.281e-06,-13.768849408000001,21.02110535936
9.282e-06,-13.768849408000001,21.02110535936
9.283e-06,-13.768849408000001,21.02110535936
9.284000000000001e-06,-13.768849408000001,21.02110535936
9.285e-06,-13.768849408000001,21.02110535936
9.286e-06,-13.768849408000001,21.02110535936
9.287000000000001e-06,-13.768849408000001,21.02110535936
9.288e-06,-13.366839295999995,21.02110535936
9.289e-06,-13.366839295999995,21.02110535936
9.29e-06,-13.366839295999995,21.02110535936
9.291000000000001e-06,-13.366839295999995,21.02110535936
9.292e-06,-13.366839295999995,21.02110535936
9.293e-06,-13.366839295999995,21.02110535936
9.294000000000001e-06,-13.366839295999995,21.02110535936
9.295e-06,-13.366839295999995,21.02110535936
9.296e-06,-13.366839295999995,21.02110535936
9.297000000000001e-06,-13.768849408000001,21.02110535936
9.298e-06,-13.768849408000001,21.02110535936
9.299e-06,-13.768849408000001,21.02110535936
9.3e-06,-13.768849408000001,21.02110535936
9.301000000000001e-06,-13.366839295999995,21.02110535936
9.302e-06,-13.366839295999995,21.02110535936
9.303e-06,-13.366839295999995,21.02110535936
9.304000000000001e-06,-13.366839295999995,21.02110535936
9.305e-06,-13.366839295999995,21.02110535936
9.306e-06,-13.366839295999995,21.02110535936
9.307e-06,-13.768849408000001,21.02110535936
9.308000000000001e-06,-13.768849408000001,21.02110535936
9.309e-06,-13.768849408000001,21.02110535936
9.31e-06,-13.768849408000001,21.02110535936
9.311000000000001e-06,-13.768849408000001,21.02110535936
9.312e-06,-13.768849408000001,21.02110535936
9.313e-06,-13.768849408000001,21.02110535936
9.314000000000001e-06,-13.768849408000001,21.02110535936
9.315e-06,-13.768849408000001,21.02110535936
9.316e-06,-13.768849408000001,21.02110535936
9.317e-06,-13.768849408000001,21.02110535936
9.318000000000001e-06,-13.768849408000001,21.02110535936
9.319e-06,-13.768849408000001,21.02110535936
9.32e-06,-13.768849408000001,21.02110535936
9.321000000000001e-06,-13.768849408000001,21.02110535936
9.322e-06,-14.17085952,21.02110535936
9.323e-06,-14.17085952,21.02110535936
9.324000000000001e-06,-14.17085952,21.02110535936
9.325000000000001e-06,-13.768849408000001,21.02110535936
9.326e-06,-13.768849408000001,21.02110535936
9.327e-06,-13.768849408000001,21.02110535936
9.328000000000001e-06,-13.768849408000001,21.02110535936
9.329e-06,-13.768849408000001,21.02110535936
9.33e-06,-13.768849408000001,21.02110535936
9.331000000000001e-06,-13.768849408000001,21.02110535936
9.332e-06,-13.768849408000001,21.02110535936
9.333e-06,-13.768849408000001,21.02110535936
9.334e-06,-13.768849408000001,21.02110535936
9.335000000000001e-06,-13.768849408000001,21.02110535936
9.336e-06,-13.768849408000001,21.02110535936
9.337e-06,-13.768849408000001,21.02110535936
9.338000000000001e-06,-13.768849408000001,21.02110535936
9.339e-06,-13.768849408000001,21.02110535936
9.34e-06,-14.17085952,21.02110535936
9.341000000000001e-06,-14.17085952,21.02110535936
9.342000000000001e-06,-14.17085952,21.02110535936
9.343e-06,-14.17085952,21.02110535936
9.344e-06,-14.17085952,21.02110535936
9.345000000000001e-06,-14.17085952,21.02110535936
9.346e-06,-14.17085952,21.02110535936
9.347e-06,-14.17085952,21.02110535936
9.348000000000001e-06,-14.17085952,21.02110535936
9.349e-06,-14.17085952,21.02110535936
9.35e-06,-14.17085952,21.02110535936
9.351e-06,-14.17085952,21.02110535936
9.352000000000001e-06,-14.17085952,21.02110535936
9.353e-06,-14.17085952,21.02110535936
9.354e-06,-14.572869632,21.02110535936
9.355000000000001e-06,-14.572869632,21.02110535936
9.356e-06,-14.572869632,21.02110535936
9.357e-06,-14.572869632,21.02110535936
9.358000000000001e-06,-14.572869632,21.02110535936
9.359000000000001e-06,-14.572869632,21.02110535936
9.36e-06,-14.974879743999999,21.02110535936
9.361e-06,-14.572869632,21.02110535936
9.362000000000001e-06,-14.572869632,21.02110535936
9.363e-06,-14.572869632,21.02110535936
9.364e-06,-14.572869632,21.02110535936
9.365000000000001e-06,-14.572869632,21.02110535936
9.366e-06,-14.572869632,21.02110535936
9.367e-06,-14.572869632,21.02110535936
9.368e-06,-14.572869632,21.02110535936
9.369000000000001e-06,-14.572869632,21.02110535936
9.37e-06,-14.572869632,21.02110535936
9.371e-06,-14.572869632,21.02110535936
9.372000000000001e-06,-14.572869632,21.02110535936
9.373e-06,-14.572869632,21.02110535936
9.374e-06,-14.572869632,21.02110535936
9.375000000000001e-06,-14.572869632,21.02110535936
9.376000000000001e-06,-14.572869632,21.02110535936
9.377e-06,-14.572869632,21.02110535936
9.378e-06,-14.974879743999999,21.02110535936
9.379000000000001e-06,-14.974879743999999,21.02110535936
9.38e-06,-14.974879743999999,21.02110535936
9.381e-06,-14.974879743999999,21.02110535936
9.382000000000001e-06,-14.974879743999999,21.02110535936
9.383e-06,-14.974879743999999,21.02110535936
9.384e-06,-14.974879743999999,21.02110535936
9.385e-06,-14.974879743999999,21.02110535936
9.386000000000001e-06,-14.974879743999999,21.02110535936
9.387e-06,-14.974879743999999,21.02110535936
9.388e-06,-15.376889855999998,21.02110535936
9.389000000000001e-06,-15.376889855999998,21.02110535936
9.39e-06,-15.376889855999998,21.02110535936
9.391e-06,-15.376889855999998,21.02110535936
9.392000000000001e-06,-15.376889855999998,21.02110535936
9.393000000000001e-06,-15.376889855999998,21.02110535936
9.394e-06,-15.376889855999998,21.02110535936
9.395e-06,-15.778899967999998,21.02110535936
9.396000000000001e-06,-15.778899967999998,21.02110535936
9.397e-06,-15.778899967999998,21.02110535936
9.398e-06,-15.778899967999998,21.02110535936
9.399000000000001e-06,-15.376889855999998,21.02110535936
9.4e-06,-15.778899967999998,21.02110535936
9.401e-06,-15.778899967999998,21.02110535936
9.402e-06,-15.376889855999998,21.02110535936
9.403000000000001e-06,-15.376889855999998,21.02110535936
9.404e-06,-15.376889855999998,21.02110535936
9.405e-06,-15.376889855999998,21.02110535936
9.406000000000001e-06,-15.376889855999998,21.02110535936
9.407e-06,-15.376889855999998,21.02110535936
9.408e-06,-15.376889855999998,21.02110535936
9.409000000000001e-06,-15.376889855999998,21.02110535936
9.410000000000001e-06,-15.376889855999998,21.02110535936
9.411e-06,-15.376889855999998,21.02110535936
9.412e-06,-15.376889855999998,21.02110535936
9.413000000000001e-06,-15.376889855999998,21.02110535936
9.414e-06,-15.376889855999998,21.02110535936
9.415e-06,-15.376889855999998,21.02110535936
9.416000000000001e-06,-15.376889855999998,21.02110535936
9.417e-06,-15.778899967999998,21.02110535936
9.418e-06,-15.778899967999998,21.02110535936
9.419e-06,-15.778899967999998,21.02110535936
9.420000000000001e-06,-15.778899967999998,21.02110535936
9.421e-06,-15.778899967999998,21.02110535936
9.422e-06,-15.778899967999998,21.02110535936
9.423000000000001e-06,-15.778899967999998,21.02110535936
9.424e-06,-15.778899967999998,21.02110535936
9.425e-06,-15.778899967999998,21.02110535936
9.426000000000001e-06,-15.778899967999998,21.02110535936
9.427000000000001e-06,-15.778899967999998,21.02110535936
9.428e-06,-15.778899967999998,21.02110535936
9.429e-06,-15.778899967999998,21.02110535936
9.430000000000001e-06,-15.778899967999998,21.02110535936
9.431e-06,-15.778899967999998,21.02110535936
9.432e-06,-15.778899967999998,21.02110535936
9.433000000000001e-06,-15.778899967999998,21.02110535936
9.434e-06,-15.778899967999998,21.02110535936
9.435e-06,-15.778899967999998,21.02110535936
9.436e-06,-15.778899967999998,21.02110535936
9.437000000000001e-06,-15.778899967999998,21.02110535936
9.438e-06,-15.778899967999998,21.02110535936
9.439e-06,-15.778899967999998,21.02110535936
9.440000000000001e-06,-15.778899967999998,21.02110535936
9.441e-06,-15.778899967999998,21.02110535936
9.442e-06,-15.778899967999998,21.02110535936
9.443000000000001e-06,-15.778899967999998,21.02110535936
9.444000000000001e-06,-15.778899967999998,21.02110535936
9.445e-06,-15.376889855999998,21.02110535936
9.446e-06,-15.376889855999998,21.02110535936
9.447000000000001e-06,-15.376889855999998,21.02110535936
9.448e-06,-15.376889855999998,21.02110535936
9.449e-06,-15.376889855999998,21.02110535936
9.450000000000001e-06,-15.376889855999998,21.02110535936
9.451e-06,-15.376889855999998,21.02110535936
9.452e-06,-15.778899967999998,21.02110535936
9.453e-06,-15.376889855999998,21.02110535936
9.454000000000001e-06,-15.376889855999998,21.02110535936
9.455e-06,-15.376889855999998,21.02110535936
9.456e-06,-15.376889855999998,21.02110535936
9.457000000000001e-06,-15.376889855999998,21.02110535936
9.458e-06,-15.376889855999998,21.02110535936
9.459e-06,-15.376889855999998,21.02110535936
9.460000000000001e-06,-15.376889855999998,21.02110535936
9.461000000000001e-06,-15.376889855999998,21.02110535936
9.462e-06,-15.376889855999998,21.02110535936
9.463e-06,-15.376889855999998,21.02110535936
9.464000000000001e-06,-15.376889855999998,21.02110535936
9.465e-06,-15.376889855999998,21.02110535936
9.466e-06,-15.376889855999998,21.02110535936
9.467000000000001e-06,-15.376889855999998,21.02110535936
9.468e-06,-14.974879743999999,21.02110535936
9.469e-06,-14.974879743999999,21.02110535936
9.47e-06,-14.974879743999999,21.02110535936
9.471000000000001e-06,-14.974879743999999,21.02110535936
9.472e-06,-14.974879743999999,21.02110535936
9.473e-06,-14.974879743999999,21.02110535936
9.474000000000001e-06,-15.376889855999998,21.02110535936
9.475e-06,-15.376889855999998,21.02110535936
9.476e-06,-15.376889855999998,21.02110535936
9.477000000000001e-06,-15.376889855999998,21.02110535936
9.478000000000001e-06,-15.376889855999998,21.02110535936
9.479e-06,-14.974879743999999,21.02110535936
9.48e-06,-14.974879743999999,21.02110535936
9.481000000000001e-06,-14.974879743999999,21.02110535936
9.482e-06,-14.974879743999999,21.02110535936
9.483e-06,-14.974879743999999,21.02110535936
9.484000000000001e-06,-14.974879743999999,21.02110535936
9.485e-06,-14.572869632,21.02110535936
9.486e-06,-14.572869632,21.02110535936
9.487e-06,-14.572869632,21.02110535936
9.488000000000001e-06,-14.572869632,21.02110535936
9.489e-06,-14.572869632,21.02110535936
9.49e-06,-14.572869632,21.02110535936
9.491000000000001e-06,-14.572869632,21.02110535936
9.492e-06,-14.572869632,21.02110535936
9.493e-06,-14.17085952,21.02110535936
9.494000000000001e-06,-14.17085952,21.02110535936
9.495000000000001e-06,-14.17085952,21.02110535936
9.496e-06,-13.768849408000001,21.02110535936
9.497e-06,-13.768849408000001,21.02110535936
9.498000000000001e-06,-13.768849408000001,21.02110535936
9.499e-06,-14.17085952,21.02110535936
9.5e-06,-14.17085952,21.02110535936
9.501000000000001e-06,-14.17085952,21.02110535936
9.502e-06,-14.17085952,21.02110535936
9.503e-06,-14.572869632,21.02110535936
9.504e-06,-14.572869632,21.02110535936
9.505000000000001e-06,-14.17085952,21.02110535936
9.506e-06,-14.17085952,21.02110535936
9.507e-06,-14.17085952,21.02110535936
9.508000000000001e-06,-14.17085952,21.02110535936
9.509e-06,-13.768849408000001,21.02110535936
9.51e-06,-13.768849408000001,21.02110535936
9.511000000000001e-06,-13.768849408000001,21.02110535936
9.512000000000001e-06,-13.768849408000001,21.02110535936
9.513e-06,-13.768849408000001,21.02110535936
9.514e-06,-13.366839295999995,21.02110535936
9.515000000000001e-06,-13.366839295999995,21.02110535936
9.516e-06,-13.366839295999995,21.02110535936
9.517e-06,-13.366839295999995,21.02110535936
9.518000000000001e-06,-13.366839295999995,21.02110535936
9.519e-06,-12.964829183999996,21.02110535936
9.52e-06,-12.964829183999996,21.02110535936
9.521e-06,-12.964829183999996,21.02110535936
9.522000000000001e-06,-12.964829183999996,21.02110535936
9.523e-06,-12.964829183999996,21.02110535936
9.524e-06,-12.964829183999996,21.02110535936
9.525000000000001e-06,-12.964829183999996,21.02110535936
9.526e-06,-12.964829183999996,21.02110535936
9.527e-06,-12.964829183999996,21.02110535936
9.528000000000001e-06,-12.964829183999996,21.02110535936
9.529000000000001e-06,-12.964829183999996,21.02110535936
9.53e-06,-12.964829183999996,21.02110535936
9.531e-06,-12.964829183999996,21.02110535936
9.532000000000001e-06,-12.964829183999996,21.02110535936
9.533e-06,-12.964829183999996,21.02110535936
9.534e-06,-12.562819071999996,21.02110535936
9.535000000000001e-06,-12.562819071999996,21.02110535936
9.536e-06,-12.562819071999996,21.02110535936
9.537e-06,-12.562819071999996,21.02110535936
9.538e-06,-12.562819071999996,21.02110535936
9.539000000000001e-06,-12.562819071999996,21.02110535936
9.54e-06,-12.562819071999996,21.02110535936
9.541e-06,-12.562819071999996,21.02110535936
9.542000000000001e-06,-12.562819071999996,21.02110535936
9.543e-06,-12.160808959999997,21.02110535936
9.544e-06,-12.160808959999997,21.02110535936
9.545000000000001e-06,-12.160808959999997,21.02110535936
9.546000000000001e-06,-12.160808959999997,21.02110535936
9.547e-06,-12.160808959999997,21.02110535936
9.548e-06,-12.160808959999997,21.02110535936
9.549000000000001e-06,-12.160808959999997,21.02110535936
9.55e-06,-12.160808959999997,21.02110535936
9.551e-06,-12.160808959999997,21.02110535936
9.552000000000001e-06,-12.160808959999997,21.02110535936
9.553e-06,-12.160808959999997,21.02110535936
9.554e-06,-12.160808959999997,21.02110535936
9.555e-06,-12.160808959999997,21.02110535936
9.556000000000001e-06,-12.160808959999997,21.02110535936
9.557e-06,-12.160808959999997,21.02110535936
9.558e-06,-12.160808959999997,21.02110535936
9.559000000000001e-06,-11.758798847999998,21.02110535936
9.56e-06,-11.758798847999998,21.02110535936
9.561e-06,-11.758798847999998,21.02110535936
9.562000000000001e-06,-11.758798847999998,21.02110535936
9.563e-06,-11.758798847999998,21.02110535936
9.564e-06,-11.758798847999998,21.02110535936
9.565e-06,-11.758798847999998,21.02110535936
9.566000000000001e-06,-11.758798847999998,21.02110535936
9.567e-06,-11.758798847999998,21.02110535936
9.568e-06,-11.758798847999998,21.02110535936
9.569000000000001e-06,-11.758798847999998,21.02110535936
9.57e-06,-11.356788735999999,21.02110535936
9.571e-06,-11.758798847999998,21.02110535936
9.572000000000001e-06,-11.758798847999998,21.02110535936
9.573000000000001e-06,-11.356788735999999,21.02110535936
9.574e-06,-11.356788735999999,21.02110535936
9.575e-06,-11.356788735999999,21.02110535936
9.576000000000001e-06,-11.356788735999999,21.02110535936
9.577e-06,-11.758798847999998,21.02110535936
9.578e-06,-11.758798847999998,21.02110535936
9.579000000000001e-06,-11.758798847999998,21.02110535936
9.58e-06,-11.758798847999998,21.02110535936
9.581e-06,-11.758798847999998,21.02110535936
9.582e-06,-11.758798847999998,21.02110535936
9.583000000000001e-06,-11.356788735999999,21.02110535936
9.584e-06,-11.758798847999998,21.02110535936
9.585e-06,-11.758798847999998,21.02110535936
9.586000000000001e-06,-11.356788735999999,21.02110535936
9.587e-06,-11.758798847999998,21.02110535936
9.588e-06,-11.758798847999998,21.02110535936
9.589000000000001e-06,-11.758798847999998,21.02110535936
9.590000000000001e-06,-11.758798847999998,21.02110535936
9.591e-06,-11.758798847999998,21.02110535936
9.592e-06,-11.758798847999998,21.02110535936
9.593000000000001e-06,-11.758798847999998,21.02110535936
9.594e-06,-11.758798847999998,21.02110535936
9.595e-06,-11.758798847999998,21.02110535936
9.596000000000001e-06,-11.758798847999998,21.02110535936
9.597e-06,-11.356788735999999,21.02110535936
9.598e-06,-11.356788735999999,21.02110535936
9.599e-06,-11.356788735999999,21.02110535936
9.600000000000001e-06,-11.356788735999999,21.02110535936
9.601e-06,-11.356788735999999,21.02110535936
9.602e-06,-11.356788735999999,21.02110535936
9.603000000000001e-06,-11.356788735999999,21.02110535936
9.604e-06,-11.356788735999999,21.02110535936
9.605e-06,-11.356788735999999,21.02110535936
9.606000000000001e-06,-11.356788735999999,21.02110535936
9.607000000000001e-06,-11.356788735999999,21.02110535936
9.608e-06,-11.356788735999999,21.02110535936
9.609e-06,-11.356788735999999,21.02110535936
9.610000000000001e-06,-11.356788735999999,21.02110535936
9.611e-06,-11.356788735999999,21.02110535936
9.612e-06,-11.356788735999999,21.02110535936
9.613000000000001e-06,-11.356788735999999,21.02110535936
9.614e-06,-11.356788735999999,21.02110535936
9.615e-06,-11.356788735999999,21.02110535936
9.616e-06,-11.356788735999999,21.02110535936
9.617000000000001e-06,-11.356788735999999,21.02110535936
9.618e-06,-11.356788735999999,21.02110535936
9.619e-06,-11.356788735999999,21.02110535936
9.620000000000001e-06,-11.356788735999999,21.02110535936
9.621e-06,-11.356788735999999,21.02110535936
9.622e-06,-11.356788735999999,21.02110535936
9.623000000000001e-06,-11.356788735999999,21.02110535936
9.624000000000001e-06,-11.356788735999999,21.02110535936
9.625e-06,-11.356788735999999,21.02110535936
9.626e-06,-11.356788735999999,21.02110535936
9.627000000000001e-06,-11.758798847999998,21.02110535936
9.628e-06,-11.758798847999998,21.02110535936
9.629e-06,-11.758798847999998,21.02110535936
9.630000000000001e-06,-11.356788735999999,21.02110535936
9.631e-06,-11.356788735999999,21.02110535936
9.632e-06,-11.758798847999998,21.02110535936
9.633e-06,-11.758798847999998,21.02110535936
9.634000000000001e-06,-11.758798847999998,21.02110535936
9.635e-06,-11.758798847999998,21.02110535936
9.636e-06,-11.356788735999999,21.02110535936
9.637000000000001e-06,-11.758798847999998,21.02110535936
9.638e-06,-11.356788735999999,21.02110535936
9.639e-06,-11.356788735999999,21.02110535936
9.640000000000001e-06,-11.356788735999999,21.02110535936
9.641000000000001e-06,-11.356788735999999,21.02110535936
9.642e-06,-11.356788735999999,21.02110535936
9.643e-06,-11.758798847999998,21.02110535936
9.644000000000001e-06,-11.758798847999998,21.02110535936
9.645e-06,-11.758798847999998,21.02110535936
9.646e-06,-11.758798847999998,21.02110535936
9.647000000000001e-06,-11.758798847999998,21.02110535936
9.648e-06,-12.160808959999997,21.02110535936
9.649e-06,-12.160808959999997,21.02110535936
9.65e-06,-12.160808959999997,21.02110535936
9.651000000000001e-06,-12.160808959999997,21.02110535936
9.652e-06,-12.160808959999997,21.02110535936
9.653e-06,-12.160808959999997,21.02110535936
9.654000000000001e-06,-12.160808959999997,21.02110535936
9.655e-06,-12.160808959999997,21.02110535936
9.656e-06,-12.160808959999997,21.02110535936
9.657000000000001e-06,-12.160808959999997,21.02110535936
9.658000000000001e-06,-12.160808959999997,21.02110535936
9.659e-06,-12.160808959999997,21.02110535936
9.66e-06,-12.160808959999997,21.02110535936
9.661000000000001e-06,-12.160808959999997,21.02110535936
9.662e-06,-12.160808959999997,21.02110535936
9.663e-06,-12.160808959999997,21.02110535936
9.664000000000001e-06,-12.160808959999997,21.02110535936
9.665e-06,-12.160808959999997,21.02110535936
9.666e-06,-12.160808959999997,21.02110535936
9.667e-06,-12.160808959999997,21.02110535936
9.668000000000001e-06,-12.160808959999997,21.02110535936
9.669e-06,-12.160808959999997,21.02110535936
9.67e-06,-12.160808959999997,21.02110535936
9.671000000000001e-06,-12.160808959999997,21.02110535936
9.672e-06,-12.562819071999996,21.02110535936
9.673e-06,-12.562819071999996,21.02110535936
9.674000000000001e-06,-12.562819071999996,21.02110535936
9.675000000000001e-06,-12.964829183999996,21.02110535936
9.676e-06,-12.964829183999996,21.02110535936
9.677e-06,-12.964829183999996,21.02110535936
9.678000000000001e-06,-12.964829183999996,21.02110535936
9.679e-06,-12.964829183999996,21.02110535936
9.68e-06,-12.964829183999996,21.02110535936
9.681000000000001e-06,-12.964829183999996,21.02110535936
9.682e-06,-12.964829183999996,21.02110535936
9.683e-06,-12.562819071999996,21.02110535936
9.684e-06,-12.562819071999996,21.02110535936
9.685000000000001e-06,-12.562819071999996,21.02110535936
9.686e-06,-12.562819071999996,21.02110535936
9.687e-06,-12.562819071999996,21.02110535936
9.688000000000001e-06,-12.562819071999996,21.02110535936
9.689e-06,-12.562819071999996,21.02110535936
9.69e-06,-12.562819071999996,21.02110535936
9.691000000000001e-06,-12.562819071999996,21.02110535936
9.692000000000001e-06,-12.964829183999996,21.02110535936
9.693e-06,-12.964829183999996,21.02110535936
9.694e-06,-12.964829183999996,21.02110535936
9.695000000000001e-06,-12.964829183999996,21.02110535936
9.696e-06,-12.964829183999996,21.02110535936
9.697e-06,-12.964829183999996,21.02110535936
9.698000000000001e-06,-12.964829183999996,21.02110535936
9.699e-06,-12.964829183999996,21.02110535936
9.7e-06,-12.964829183999996,21.02110535936
9.701e-06,-12.964829183999996,21.02110535936
9.702000000000001e-06,-12.964829183999996,21.02110535936
9.703e-06,-12.964829183999996,21.02110535936
9.704e-06,-12.964829183999996,21.02110535936
9.705000000000001e-06,-12.964829183999996,21.02110535936
9.706e-06,-12.964829183999996,21.02110535936
9.707e-06,-12.964829183999996,21.02110535936
9.708000000000001e-06,-12.964829183999996,21.02110535936
9.709000000000001e-06,-12.964829183999996,21.02110535936
9.71e-06,-12.964829183999996,21.02110535936
9.711e-06,-12.964829183999996,21.02110535936
9.712000000000001e-06,-12.964829183999996,21.02110535936
9.713e-06,-12.964829183999996,21.02110535936
9.714e-06,-12.964829183999996,21.02110535936
9.715000000000001e-06,-12.964829183999996,21.02110535936
9.716e-06,-12.964829183999996,21.02110535936
9.717e-06,-13.366839295999995,21.02110535936
9.718e-06,-13.366839295999995,21.02110535936
9.719000000000001e-06,-13.366839295999995,21.02110535936
9.72e-06,-13.366839295999995,21.02110535936
9.721e-06,-13.366839295999995,21.02110535936
9.722000000000001e-06,-13.366839295999995,21.02110535936
9.723e-06,-13.366839295999995,21.02110535936
9.724e-06,-12.964829183999996,21.02110535936
9.725000000000001e-06,-12.964829183999996,21.02110535936
9.726000000000001e-06,-12.964829183999996,21.02110535936
9.727e-06,-12.964829183999996,21.02110535936
9.728e-06,-12.964829183999996,21.02110535936
9.729000000000001e-06,-12.964829183999996,21.02110535936
9.73e-06,-12.964829183999996,21.02110535936
9.731e-06,-12.964829183999996,21.02110535936
9.732000000000001e-06,-13.366839295999995,21.02110535936
9.733e-06,-13.366839295999995,21.02110535936
9.734e-06,-13.366839295999995,21.02110535936
9.735e-06,-13.366839295999995,21.02110535936
9.736000000000001e-06,-12.964829183999996,21.02110535936
9.737e-06,-12.964829183999996,21.02110535936
9.738e-06,-12.964829183999996,21.02110535936
9.739000000000001e-06,-12.964829183999996,21.02110535936
9.74e-06,-12.964829183999996,21.02110535936
9.741e-06,-12.964829183999996,21.02110535936
9.742000000000001e-06,-12.562819071999996,21.02110535936
9.743000000000001e-06,-12.562819071999996,21.02110535936
9.744e-06,-12.964829183999996,21.02110535936
9.745e-06,-12.964829183999996,21.02110535936
9.746000000000001e-06,-12.964829183999996,21.02110535936
9.747e-06,-12.964829183999996,21.02110535936
9.748e-06,-12.964829183999996,21.02110535936
9.749000000000001e-06,-12.964829183999996,21.02110535936
9.75e-06,-12.964829183999996,21.02110535936
9.751e-06,-12.964829183999996,21.02110535936
9.752e-06,-12.964829183999996,21.02110535936
9.753000000000001e-06,-12.562819071999996,21.02110535936
9.754e-06,-12.562819071999996,21.02110535936
9.755e-06,-12.562819071999996,21.02110535936
9.756000000000001e-06,-12.562819071999996,21.02110535936
9.757e-06,-12.562819071999996,21.02110535936
9.758e-06,-12.562819071999996,21.02110535936
9.759000000000001e-06,-12.160808959999997,21.02110535936
9.760000000000001e-06,-12.160808959999997,21.02110535936
9.761e-06,-12.160808959999997,21.02110535936
9.762e-06,-12.160808959999997,21.02110535936
9.763000000000001e-06,-12.160808959999997,21.02110535936
9.764e-06,-12.160808959999997,21.02110535936
9.765e-06,-12.160808959999997,21.02110535936
9.766000000000001e-06,-12.160808959999997,21.02110535936
9.767e-06,-12.160808959999997,21.02110535936
9.768e-06,-12.562819071999996,21.02110535936
9.769e-06,-12.562819071999996,21.02110535936
9.770000000000001e-06,-12.562819071999996,21.02110535936
9.771e-06,-12.562819071999996,21.02110535936
9.772e-06,-12.562819071999996,21.02110535936
9.773000000000001e-06,-12.160808959999997,21.02110535936
9.774e-06,-12.160808959999997,21.02110535936
9.775e-06,-11.758798847999998,21.02110535936
9.776000000000001e-06,-11.758798847999998,21.02110535936
9.777000000000001e-06,-11.758798847999998,21.02110535936
9.778e-06,-11.758798847999998,21.02110535936
9.779e-06,-11.758798847999998,21.02110535936
9.780000000000001e-06,-11.758798847999998,21.02110535936
9.781e-06,-11.758798847999998,21.02110535936
9.782e-06,-11.758798847999998,21.02110535936
9.783000000000001e-06,-11.758798847999998,21.02110535936
9.784e-06,-11.758798847999998,21.02110535936
9.785e-06,-11.758798847999998,21.02110535936
9.786e-06,-11.758798847999998,21.02110535936
9.787000000000001e-06,-11.758798847999998,21.02110535936
9.788e-06,-11.758798847999998,21.02110535936
9.789e-06,-11.758798847999998,21.02110535936
9.790000000000001e-06,-11.758798847999998,21.02110535936
9.791e-06,-11.758798847999998,21.02110535936
9.792e-06,-11.758798847999998,21.02110535936
9.793000000000001e-06,-11.356788735999999,21.02110535936
9.794000000000001e-06,-11.356788735999999,21.02110535936
9.795e-06,-11.356788735999999,21.02110535936
9.796e-06,-11.356788735999999,21.02110535936
9.797000000000001e-06,-11.356788735999999,21.02110535936
9.798e-06,-11.356788735999999,21.02110535936
9.799e-06,-10.954778624,21.02110535936
9.800000000000001e-06,-10.954778624,21.02110535936
9.801e-06,-10.954778624,21.02110535936
9.802e-06,-11.356788735999999,21.02110535936
9.803e-06,-11.356788735999999,21.02110535936
9.804000000000001e-06,-11.356788735999999,21.02110535936
9.805e-06,-11.356788735999999,21.02110535936
9.806e-06,-11.356788735999999,21.02110535936
9.807000000000001e-06,-10.954778624,21.02110535936
9.808e-06,-10.954778624,21.02110535936
9.809e-06,-10.954778624,21.02110535936
9.810000000000001e-06,-10.954778624,21.02110535936
9.811000000000001e-06,-10.954778624,21.02110535936
9.812e-06,-10.954778624,21.02110535936
9.813e-06,-10.954778624,21.02110535936
9.814000000000001e-06,-10.954778624,21.02110535936
9.815e-06,-10.552768511999997,21.02110535936
9.816e-06,-10.552768511999997,21.02110535936
9.817000000000001e-06,-10.552768511999997,21.02110535936
9.818e-06,-10.552768511999997,21.02110535936
9.819e-06,-10.552768511999997,21.02110535936
9.820000000000001e-06,-10.552768511999997,21.02110535936
9.821000000000001e-06,-10.552768511999997,21.02110535936
9.822e-06,-10.552768511999997,21.02110535936
9.823e-06,-10.552768511999997,21.02110535936
9.824000000000001e-06,-10.552768511999997,21.02110535936
9.825e-06,-10.552768511999997,21.02110535936
9.826e-06,-10.150758399999997,21.02110535936
9.827000000000001e-06,-10.150758399999997,21.02110535936
9.828000000000001e-06,-10.150758399999997,21.02110535936
9.829e-06,-10.150758399999997,21.02110535936
9.83e-06,-10.552768511999997,21.02110535936
9.831000000000001e-06,-10.150758399999997,21.02110535936
9.832e-06,-10.150758399999997,21.02110535936
9.833e-06,-10.150758399999997,21.02110535936
9.834000000000001e-06,-10.150758399999997,21.02110535936
9.835e-06,-10.150758399999997,21.02110535936
9.836e-06,-10.150758399999997,21.02110535936
9.837000000000001e-06,-10.150758399999997,21.02110535936
9.838000000000001e-06,-10.150758399999997,21.02110535936
9.839e-06,-9.748748287999998,21.02110535936
9.84e-06,-9.748748287999998,21.02110535936
9.841000000000001e-06,-9.748748287999998,21.02110535936
9.842e-06,-9.748748287999998,21.02110535936
9.843e-06,-9.748748287999998,21.02110535936
9.844000000000001e-06,-9.346738175999999,21.02110535936
9.845000000000001e-06,-9.346738175999999,21.02110535936
9.846e-06,-9.346738175999999,21.02110535936
9.847e-06,-9.346738175999999,21.02110535936
9.848000000000001e-06,-9.346738175999999,21.02110535936
9.849e-06,-9.748748287999998,21.02110535936
9.85e-06,-9.748748287999998,21.02110535936
9.851000000000001e-06,-9.748748287999998,21.02110535936
9.852e-06,-9.748748287999998,21.02110535936
9.853e-06,-9.748748287999998,21.02110535936
9.854000000000001e-06,-9.346738175999999,21.02110535936
9.855000000000001e-06,-9.346738175999999,21.02110535936
9.856e-06,-9.346738175999999,21.02110535936
9.857e-06,-9.346738175999999,21.02110535936
9.858000000000001e-06,-9.346738175999999,21.02110535936
9.859e-06,-9.346738175999999,21.02110535936
9.86e-06,-8.944728064,21.02110535936
9.861000000000001e-06,-8.944728064,21.02110535936
9.862e-06,-9.346738175999999,21.02110535936
9.863e-06,-9.346738175999999,21.02110535936
9.864e-06,-9.346738175999999,21.02110535936
9.865000000000001e-06,-9.346738175999999,21.02110535936
9.866e-06,-9.346738175999999,21.02110535936
9.867e-06,-9.748748287999998,21.02110535936
9.868000000000001e-06,-9.748748287999998,21.02110535936
9.869e-06,-9.346738175999999,21.02110535936
9.87e-06,-9.346738175999999,21.02110535936
9.871000000000001e-06,-9.346738175999999,21.02110535936
9.872000000000001e-06,-8.944728064,21.02110535936
9.873e-06,-8.944728064,21.02110535936
9.874e-06,-8.944728064,21.02110535936
9.875000000000001e-06,-8.944728064,21.02110535936
9.876e-06,-8.944728064,21.02110535936
9.877e-06,-8.944728064,21.02110535936
9.878000000000001e-06,-8.944728064,21.02110535936
9.879e-06,-8.944728064,21.02110535936
9.88e-06,-8.944728064,21.02110535936
9.881e-06,-8.944728064,21.02110535936
9.882000000000001e-06,-8.944728064,21.02110535936
9.883e-06,-8.944728064,21.02110535936
9.884e-06,-8.944728064,21.02110535936
9.885000000000001e-06,-9.346738175999999,21.02110535936
9.886e-06,-9.346738175999999,21.02110535936
9.887e-06,-9.346738175999999,21.02110535936
9.888000000000001e-06,-9.346738175999999,21.02110535936
9.889000000000001e-06,-8.944728064,21.02110535936
9.89e-06,-8.944728064,21.02110535936
9.891e-06,-8.944728064,21.02110535936
9.892000000000001e-06,-8.944728064,21.02110535936
9.893e-06,-8.944728064,21.02110535936
9.894e-06,-8.944728064,21.02110535936
9.895000000000001e-06,-8.944728064,21.02110535936
9.896e-06,-8.944728064,21.02110535936
9.897e-06,-8.944728064,21.02110535936
9.898e-06,-8.944728064,21.02110535936
9.899000000000001e-06,-8.944728064,21.02110535936
9.9e-06,-9.346738175999999,21.02110535936
9.901e-06,-9.346738175999999,21.02110535936
9.902000000000001e-06,-9.346738175999999,21.02110535936
9.903e-06,-9.346738175999999,21.02110535936
9.904e-06,-9.346738175999999,21.02110535936
9.905000000000001e-06,-9.346738175999999,21.02110535936
9.906000000000001e-06,-8.944728064,21.02110535936
9.907e-06,-8.944728064,21.02110535936
9.908e-06,-8.944728064,21.02110535936
9.909000000000001e-06,-8.944728064,21.02110535936
9.91e-06,-8.944728064,21.02110535936
9.911e-06,-8.944728064,21.02110535936
9.912000000000001e-06,-8.944728064,21.02110535936
9.913e-06,-9.346738175999999,21.02110535936
9.914e-06,-9.346738175999999,21.02110535936
9.915e-06,-9.346738175999999,21.02110535936
9.916000000000001e-06,-9.346738175999999,21.02110535936
9.917e-06,-9.748748287999998,21.02110535936
9.918e-06,-9.748748287999998,21.02110535936
9.919000000000001e-06,-9.748748287999998,21.02110535936
9.92e-06,-9.748748287999998,21.02110535936
9.921e-06,-9.748748287999998,21.02110535936
9.922000000000001e-06,-9.346738175999999,21.02110535936
9.923000000000001e-06,-9.346738175999999,21.02110535936
9.924e-06,-9.346738175999999,21.02110535936
9.925e-06,-9.346738175999999,21.02110535936
9.926000000000001e-06,-9.346738175999999,21.02110535936
9.927e-06,-9.346738175999999,21.02110535936
9.928e-06,-9.346738175999999,21.02110535936
9.929000000000001e-06,-9.346738175999999,21.02110535936
9.93e-06,-9.346738175999999,21.02110535936
9.931e-06,-9.346738175999999,21.02110535936
9.932e-06,-9.346738175999999,21.02110535936
9.933000000000001e-06,-9.346738175999999,21.02110535936
9.934e-06,-9.346738175999999,21.02110535936
9.935e-06,-9.346738175999999,21.02110535936
9.936000000000001e-06,-9.346738175999999,21.02110535936
9.937e-06,-9.346738175999999,21.02110535936
9.938e-06,-9.748748287999998,21.02110535936
9.939000000000001e-06,-9.748748287999998,21.02110535936
9.940000000000001e-06,-9.748748287999998,21.02110535936
9.941e-06,-9.748748287999998,21.02110535936
9.942e-06,-9.748748287999998,21.02110535936
9.943000000000001e-06,-9.748748287999998,21.02110535936
9.944e-06,-9.748748287999998,21.02110535936
9.945e-06,-9.748748287999998,21.02110535936
9.946000000000001e-06,-9.748748287999998,21.02110535936
9.947e-06,-9.748748287999998,21.02110535936
9.948e-06,-9.748748287999998,21.02110535936
9.949e-06,-9.748748287999998,21.02110535936
9.950000000000001e-06,-9.748748287999998,21.02110535936
9.951e-06,-9.748748287999998,21.02110535936
9.952e-06,-9.748748287999998,21.02110535936
9.953000000000001e-06,-9.748748287999998,21.02110535936
9.954e-06,-10.150758399999997,21.02110535936
9.955e-06,-10.150758399999997,21.02110535936
9.956000000000001e-06,-10.150758399999997,21.02110535936
9.957000000000001e-06,-10.150758399999997,21.02110535936
9.958e-06,-10.150758399999997,21.02110535936
9.959e-06,-10.150758399999997,21.02110535936
9.960000000000001e-06,-10.150758399999997,21.02110535936
9.961e-06,-9.748748287999998,21.02110535936
9.962e-06,-9.748748287999998,21.02110535936
9.963000000000001e-06,-9.748748287999998,21.02110535936
9.964e-06,-9.748748287999998,21.02110535936
9.965e-06,-9.748748287999998,21.02110535936
9.966e-06,-9.748748287999998,21.02110535936
9.967000000000001e-06,-9.748748287999998,21.02110535936
9.968e-06,-9.748748287999998,21.02110535936
9.969e-06,-9.748748287999998,21.02110535936
9.970000000000001e-06,-9.748748287999998,21.02110535936
9.971e-06,-9.748748287999998,21.02110535936
9.972e-06,-9.748748287999998,21.02110535936
9.973000000000001e-06,-9.748748287999998,21.02110535936
9.974000000000001e-06,-9.748748287999998,21.02110535936
9.975e-06,-9.748748287999998,21.02110535936
9.976e-06,-10.150758399999997,21.02110535936
9.977000000000001e-06,-10.150758399999997,21.02110535936
9.978e-06,-10.150758399999997,21.02110535936
9.979e-06,-10.150758399999997,21.02110535936
9.980000000000001e-06,-10.150758399999997,21.02110535936
9.981e-06,-10.150758399999997,21.02110535936
9.982e-06,-10.150758399999997,21.02110535936
9.983e-06,-10.150758399999997,21.02110535936
9.984000000000001e-06,-10.150758399999997,21.02110535936
9.985e-06,-10.150758399999997,21.02110535936
9.986e-06,-10.150758399999997,21.02110535936
9.987000000000001e-06,-10.150758399999997,21.02110535936
9.988e-06,-10.150758399999997,21.02110535936
9.989e-06,-10.150758399999997,21.02110535936
9.990000000000001e-06,-10.150758399999997,21.02110535936
9.991000000000001e-06,-10.150758399999997,21.02110535936
9.992e-06,-9.748748287999998,21.02110535936
9.993e-06,-9.748748287999998,21.02110535936
9.994000000000001e-06,-10.150758399999997,21.02110535936
9.995e-06,-10.150758399999997,21.02110535936
9.996e-06,-10.150758399999997,21.02110535936
9.997000000000001e-06,-9.748748287999998,21.02110535936
9.998e-06,-10.150758399999997,21.02110535936
9.999e-06,-9.748748287999998,21.02110535936
1e-05,-9.748748287999998,21.02110535936
1.0001000000000001e-05,-9.748748287999998,21.02110535936
1.0002e-05,-10.150758399999997,21.02110535936
1.0003e-05,-10.150758399999997,21.02110535936
1.0004000000000001e-05,-10.150758399999997,21.02110535936
1.0005e-05,-10.150758399999997,21.02110535936
1.0006e-05,-10.552768511999997,21.02110535936
1.0007000000000001e-05,-10.150758399999997,21.02110535936
1.0008000000000001e-05,-10.150758399999997,21.02110535936
1.0009e-05,-10.150758399999997,21.02110535936
1.001e-05,-10.150758399999997,21.02110535936
1.0011000000000001e-05,-10.150758399999997,21.02110535936
1.0012e-05,-10.150758399999997,21.02110535936
1.0013e-05,-10.150758399999997,21.02110535936
1.0014000000000001e-05,-10.150758399999997,21.02110535936
1.0015e-05,-10.150758399999997,21.02110535936
1.0016e-05,-10.150758399999997,21.02110535936
1.0017e-05,-10.150758399999997,21.02110535936
1.0018000000000001e-05,-10.150758399999997,21.02110535936
1.0019e-05,-10.150758399999997,21.02110535936
1.002e-05,-10.150758399999997,21.02110535936
1.0021000000000001e-05,-10.150758399999997,21.02110535936
1.0022e-05,-10.150758399999997,21.02110535936
1.0023e-05,-10.150758399999997,21.02110535936
1.0024000000000001e-05,-10.150758399999997,21.02110535936
1.0025000000000001e-05,-10.150758399999997,21.02110535936
1.0026e-05,-10.150758399999997,21.02110535936
1.0027e-05,-10.150758399999997,21.02110535936
1.0028000000000001e-05,-10.150758399999997,21.02110535936
1.0029e-05,-10.150758399999997,21.02110535936
1.003e-05,-10.150758399999997,21.02110535936
1.0031000000000001e-05,-9.748748287999998,21.02110535936
1.0032e-05,-9.748748287999998,21.02110535936
1.0033e-05,-9.748748287999998,21.02110535936
1.0034e-05,-10.150758399999997,21.02110535936
1.0035000000000001e-05,-10.150758399999997,21.02110535936
1.0036e-05,-9.748748287999998,21.02110535936
1.0037e-05,-9.748748287999998,21.02110535936
1.0038000000000001e-05,-9.748748287999998,21.02110535936
1.0039e-05,-9.748748287999998,21.02110535936
1.004e-05,-9.748748287999998,21.02110535936
1.0041000000000001e-05,-9.748748287999998,21.02110535936
1.0042000000000001e-05,-9.748748287999998,21.02110535936
1.0043e-05,-9.748748287999998,21.02110535936
1.0044e-05,-9.748748287999998,21.02110535936
1.0045000000000001e-05,-10.150758399999997,21.02110535936
1.0046e-05,-10.150758399999997,21.02110535936
1.0047e-05,-10.150758399999997,21.02110535936
1.0048000000000001e-05,-9.748748287999998,21.02110535936
1.0049e-05,-9.748748287999998,21.02110535936
1.005e-05,-9.748748287999998,21.02110535936
1.0051e-05,-9.748748287999998,21.02110535936
1.0052000000000001e-05,-9.748748287999998,21.02110535936
1.0053e-05,-9.346738175999999,21.02110535936
1.0054e-05,-9.346738175999999,21.02110535936
1.0055000000000001e-05,-9.346738175999999,21.02110535936
1.0056e-05,-9.346738175999999,21.02110535936
1.0057e-05,-9.346738175999999,21.02110535936
1.0058000000000001e-05,-9.346738175999999,21.02110535936
1.0059000000000001e-05,-9.346738175999999,21.02110535936
1.006e-05,-8.944728064,21.02110535936
1.0061e-05,-8.944728064,21.02110535936
1.0062000000000001e-05,-8.944728064,21.02110535936
1.0063e-05,-8.944728064,21.02110535936
1.0064e-05,-8.542717951999997,21.02110535936
1.0065000000000001e-05,-8.542717951999997,21.02110535936
1.0066e-05,-8.542717951999997,21.02110535936
1.0067e-05,-8.542717951999997,21.02110535936
1.0068e-05,-8.542717951999997,21.02110535936
1.0069000000000001e-05,-8.542717951999997,21.02110535936
1.007e-05,-8.542717951999997,21.02110535936
1.0071e-05,-8.542717951999997,21.02110535936
1.0072000000000001e-05,-8.542717951999997,21.02110535936
1.0073e-05,-8.542717951999997,21.02110535936
1.0074e-05,-8.542717951999997,21.02110535936
1.0075000000000001e-05,-8.542717951999997,21.02110535936
1.0076000000000001e-05,-8.542717951999997,21.02110535936
1.0077e-05,-8.542717951999997,21.02110535936
1.0078e-05,-8.542717951999997,21.02110535936
1.0079000000000001e-05,-8.140707839999997,21.02110535936
1.008e-05,-8.140707839999997,21.02110535936
1.0081e-05,-7.738697727999998,21.02110535936
1.0082000000000001e-05,-7.738697727999998,21.02110535936
1.0083e-05,-7.336687615999999,21.02110535936
1.0084e-05,-7.336687615999999,21.02110535936
1.0085000000000001e-05,-6.934677504,21.02110535936
1.0086000000000001e-05,-6.934677504,21.02110535936
1.0087e-05,-6.934677504,21.02110535936
1.0088e-05,-6.934677504,21.02110535936
1.0089000000000001e-05,-6.532667391999997,21.02110535936
1.009e-05,-6.532667391999997,21.02110535936
1.0091e-05,-6.532667391999997,21.02110535936
1.0092000000000001e-05,-6.130657279999998,21.02110535936
1.0093000000000001e-05,-5.728647167999998,21.02110535936
1.0094e-05,-5.728647167999998,21.02110535936
1.0095e-05,-5.326637055999999,21.02110535936
1.0096000000000001e-05,-4.924626944,21.02110535936
1.0097e-05,-4.924626944,21.02110535936
1.0098e-05,-4.924626944,21.02110535936
1.0099000000000001e-05,-4.924626944,21.02110535936
1.01e-05,-4.522616831999997,21.02110535936
1.0101e-05,-4.120606719999998,21.02110535936
1.0102000000000001e-05,-4.120606719999998,21.02110535936
1.0103000000000001e-05,-3.7185966079999986,21.02110535936
1.0104e-05,-3.3165864959999993,21.02110535936
1.0105e-05,-2.914576384,21.02110535936
1.0106000000000001e-05,-2.110556159999998,21.02110535936
1.0107e-05,-2.110556159999998,21.02110535936
1.0108e-05,-1.7085460479999988,21.02110535936
1.0109000000000001e-05,-1.3065359359999995,21.02110535936
1.0110000000000001e-05,-0.9045258240000003,21.02110535936
1.0111e-05,-0.5025157119999974,21.02110535936
1.0112e-05,-0.5025157119999974,21.02110535936
1.0113000000000001e-05,-0.1005055999999982,21.02110535936
1.0114e-05,0.30150451200000106,21.02110535936
1.0115e-05,0.7035146240000003,21.02110535936
1.0116000000000001e-05,1.1055247359999996,21.02110535936
1.0117e-05,1.5075348480000024,21.02110535936
1.0118e-05,2.311555072000001,21.02110535936
1.0119000000000001e-05,2.713565184,21.02110535936
1.0120000000000001e-05,3.1155752959999994,21.02110535936
1.0121e-05,3.9195955200000014,21.02110535936
1.0122e-05,4.321605632000001,21.02110535936
1.0123000000000001e-05,4.723615744000002,21.02110535936
1.0124e-05,5.125625856000001,21.02110535936
1.0125e-05,5.929646080000001,21.02110535936
1.0126000000000001e-05,6.3316561920000005,21.02110535936
1.0127000000000001e-05,6.7336663040000015,21.02110535936
1.0128e-05,7.135676416000001,21.02110535936
1.0129e-05,7.537686528,21.02110535936
1.0130000000000001e-05,8.341706752,21.02110535936
1.0131e-05,8.743716864000001,21.02110535936
1.0132e-05,9.145726976,21.02110535936
1.0133000000000001e-05,9.949747200000001,21.02110535936
1.0134e-05,10.351757312,21.02110535936
1.0135e-05,10.753767424000001,21.02110535936
1.0136000000000001e-05,11.155777536,21.02110535936
1.0137000000000001e-05,11.155777536,21.02110535936
1.0138e-05,11.557787648,21.02110535936
1.0139e-05,11.95979776,21.02110535936
1.0140000000000001e-05,12.361807872,21.02110535936
1.0141e-05,12.763817984,21.02110535936
1.0142e-05,13.165828096,21.02110535936
1.0143000000000001e-05,13.567838208000001,21.02110535936
1.0144000000000001e-05,13.96984832,21.02110535936
1.0145e-05,13.96984832,21.02110535936
1.0146e-05,14.371858432,21.02110535936
1.0147000000000001e-05,14.773868543999999,21.02110535936
1.0148e-05,14.773868543999999,21.02110535936
1.0149e-05,15.175878656,21.02110535936
1.0150000000000001e-05,15.577888768000001,21.02110535936
1.0151e-05,15.97989888,21.02110535936
1.0152e-05,16.381908992,21.02110535936
1.0153000000000001e-05,16.783919104,21.02110535936
1.0154000000000001e-05,16.783919104,21.02110535936
1.0155e-05,17.185929216,21.02110535936
1.0156e-05,17.587939328,21.02110535936
1.0157000000000001e-05,17.98994944,21.02110535936
1.0158e-05,18.391959552,21.02110535936
1.0159e-05,18.793969664,21.02110535936
1.0160000000000001e-05,19.195979776,21.02110535936
1.0161000000000001e-05,19.195979776,21.02110535936
1.0162e-05,19.597989888,21.02110535936
1.0163e-05,20.0,21.02110535936
1.0164000000000001e-05,20.0,21.02110535936
1.0165e-05,20.402010112,21.02110535936
1.0166e-05,20.804020224,21.02110535936
1.0167000000000001e-05,20.804020224,21.02110535936
1.0168e-05,21.206030336,21.02110535936
1.0169e-05,21.608040448,21.02110535936
1.0170000000000001e-05,22.01005056,21.02110535936
1.0171000000000001e-05,22.01005056,21.02110535936
1.0172e-05,22.412060672,21.02110535936
1.0173e-05,22.412060672,21.02110535936
1.0174000000000001e-05,22.814070784,21.02110535936
1.0175e-05,22.814070784,21.02110535936
1.0176e-05,23.216080896,21.02110535936
1.0177000000000001e-05,23.216080896,21.02110535936
1.0178e-05,23.618091008,21.02110535936
1.0179e-05,23.618091008,21.02110535936
1.018e-05,24.02010112,21.02110535936
1.0181000000000001e-05,24.422111232,21.02110535936
1.0182e-05,24.422111232,21.02110535936
1.0183e-05,24.422111232,21.02110535936
1.0184000000000001e-05,24.824121343999998,21.02110535936
1.0185e-05,24.824121343999998,21.02110535936
1.0186e-05,25.226131456,21.02110535936
1.0187000000000001e-05,25.226131456,21.02110535936
1.0188000000000001e-05,25.226131456,21.02110535936
1.0189e-05,25.226131456,21.02110535936
1.019e-05,25.628141568,21.02110535936
1.0191000000000001e-05,25.628141568,21.02110535936
1.0192e-05,25.628141568,21.02110535936
1.0193e-05,25.628141568,21.02110535936
1.0194000000000001e-05,25.628141568,21.02110535936
1.0195e-05,26.03015168,21.02110535936
1.0196e-05,26.03015168,21.02110535936
1.0197e-05,26.03015168,21.02110535936
1.0198000000000001e-05,26.03015168,21.02110535936
1.0199e-05,26.03015168,21.02110535936
1.02e-05,26.03015168,21.02110535936
1.0201000000000001e-05,26.432161792,21.02110535936
1.0202e-05,26.432161792,21.02110535936
1.0203e-05,26.432161792,21.02110535936
1.0204000000000001e-05,26.432161792,21.02110535936
1.0205000000000001e-05,26.432161792,21.02110535936
1.0206e-05,26.432161792,21.02110535936
1.0207e-05,26.432161792,21.02110535936
1.0208000000000001e-05,26.432161792,21.02110535936
1.0209e-05,26.432161792,21.02110535936
1.021e-05,26.432161792,21.02110535936
1.0211000000000001e-05,26.432161792,21.02110535936
1.0212e-05,26.03015168,21.02110535936
1.0213e-05,26.03015168,21.02110535936
1.0214e-05,26.03015168,21.02110535936
1.0215000000000001e-05,26.03015168,21.02110535936
1.0216e-05,25.628141568,21.02110535936
1.0217e-05,25.628141568,21.02110535936
1.0218000000000001e-05,25.628141568,21.02110535936
1.0219e-05,25.628141568,21.02110535936
1.022e-05,26.03015168,21.02110535936
1.0221000000000001e-05,26.03015168,21.02110535936
1.0222000000000001e-05,26.03015168,21.02110535936
1.0223e-05,26.03015168,21.02110535936
1.0224e-05,26.03015168,21.02110535936
1.0225000000000001e-05,26.03015168,21.02110535936
1.0226e-05,26.03015168,21.02110535936
1.0227e-05,26.03015168,21.02110535936
1.0228000000000001e-05,25.628141568,21.02110535936
1.0229e-05,25.628141568,21.02110535936
1.023e-05,25.628141568,21.02110535936
1.0231e-05,25.628141568,21.02110535936
1.0232000000000001e-05,25.628141568,21.02110535936
1.0233e-05,25.628141568,21.02110535936
1.0234e-05,25.628141568,21.02110535936
1.0235000000000001e-05,25.628141568,21.02110535936
1.0236e-05,25.628141568,21.02110535936
1.0237e-05,25.628141568,21.02110535936
1.0238000000000001e-05,25.628141568,21.02110535936
1.0239000000000001e-05,25.628141568,21.02110535936
1.024e-05,25.628141568,21.02110535936
1.0241e-05,25.628141568,21.02110535936
1.0242000000000001e-05,25.628141568,21.02110535936
1.0243e-05,25.628141568,21.02110535936
1.0244e-05,25.628141568,21.02110535936
1.0245000000000001e-05,25.226131456,21.02110535936
1.0246e-05,25.226131456,21.02110535936
1.0247e-05,25.226131456,21.02110535936
1.0248e-05,25.226131456,21.02110535936
1.0249000000000001e-05,24.824121343999998,21.02110535936
1.025e-05,24.824121343999998,21.02110535936
1.0251e-05,24.824121343999998,21.02110535936
1.0252000000000001e-05,24.422111232,21.02110535936
1.0253e-05,24.422111232,21.02110535936
1.0254e-05,24.02010112,21.02110535936
1.0255000000000001e-05,24.02010112,21.02110535936
1.0256000000000001e-05,23.618091008,21.02110535936
1.0257e-05,23.618091008,21.02110535936
1.0258e-05,23.216080896,21.02110535936
1.0259000000000001e-05,23.216080896,21.02110535936
1.026e-05,22.814070784,21.02110535936
1.0261e-05,22.814070784,21.02110535936
1.0262000000000001e-05,22.412060672,21.02110535936
1.0263e-05,22.412060672,21.02110535936
1.0264e-05,22.01005056,21.02110535936
1.0265e-05,22.01005056,21.02110535936
1.0266000000000001e-05,21.608040448,21.02110535936
1.0267e-05,21.608040448,21.02110535936
1.0268e-05,21.608040448,21.02110535936
1.0269000000000001e-05,21.206030336,21.02110535936
1.027e-05,21.206030336,21.02110535936
1.0271e-05,20.804020224,21.02110535936
1.0272000000000001e-05,20.402010112,21.02110535936
1.0273000000000001e-05,20.402010112,21.02110535936
1.0274e-05,20.0,21.02110535936
1.0275e-05,20.0,21.02110535936
1.0276000000000001e-05,19.597989888,21.02110535936
1.0277e-05,19.195979776,21.02110535936
1.0278e-05,18.793969664,21.02110535936
1.0279000000000001e-05,18.391959552,21.02110535936
1.028e-05,17.98994944,21.02110535936
1.0281e-05,17.98994944,21.02110535936
1.0282e-05,17.587939328,21.02110535936
1.0283000000000001e-05,17.185929216,21.02110535936
1.0284e-05,16.783919104,21.02110535936
1.0285e-05,16.783919104,21.02110535936
1.0286000000000001e-05,16.381908992,21.02110535936
1.0287e-05,16.381908992,21.02110535936
1.0288e-05,15.97989888,21.02110535936
1.0289000000000001e-05,15.577888768000001,21.02110535936
1.0290000000000001e-05,15.175878656,21.02110535936
1.0291e-05,14.773868543999999,21.02110535936
1.0292e-05,14.371858432,21.02110535936
1.0293000000000001e-05,13.96984832,21.02110535936
1.0294e-05,13.567838208000001,21.02110535936
1.0295e-05,13.567838208000001,21.02110535936
1.0296000000000001e-05,13.165828096,21.02110535936
1.0297e-05,12.763817984,21.02110535936
1.0298e-05,12.361807872,21.02110535936
1.0299e-05,12.361807872,21.02110535936
1.0300000000000001e-05,11.95979776,21.02110535936
1.0301e-05,11.557787648,21.02110535936
1.0302e-05,11.155777536,21.02110535936
1.0303000000000001e-05,10.753767424000001,21.02110535936
1.0304e-05,10.753767424000001,21.02110535936
1.0305e-05,10.351757312,21.02110535936
1.0306000000000001e-05,9.949747200000001,21.02110535936
1.0307000000000001e-05,9.547737088,21.02110535936
1.0308e-05,9.145726976,21.02110535936
1.0309e-05,9.145726976,21.02110535936
1.0310000000000001e-05,8.743716864000001,21.02110535936
1.0311e-05,8.341706752,21.02110535936
1.0312e-05,7.939696640000001,21.02110535936
1.0313000000000001e-05,7.537686528,21.02110535936
1.0314e-05,7.135676416000001,21.02110535936
1.0315e-05,7.135676416000001,21.02110535936
1.0316e-05,6.7336663040000015,21.02110535936
1.0317000000000001e-05,6.3316561920000005,21.02110535936
1.0318e-05,5.929646080000001,21.02110535936
1.0319e-05,5.527635968,21.02110535936
1.0320000000000001e-05,5.125625856000001,21.02110535936
1.0321e-05,4.723615744000002,21.02110535936
1.0322e-05,4.321605632000001,21.02110535936
1.0323000000000001e-05,4.321605632000001,21.02110535936
1.0324000000000001e-05,3.9195955200000014,21.02110535936
1.0325e-05,3.517585408000002,21.02110535936
1.0326e-05,3.517585408000002,21.02110535936
1.0327000000000001e-05,3.1155752959999994,21.02110535936
1.0328e-05,3.1155752959999994,21.02110535936
1.0329e-05,2.713565184,21.02110535936
1.0330000000000001e-05,2.713565184,21.02110535936
1.0331e-05,2.311555072000001,21.02110535936
1.0332e-05,2.311555072000001,21.02110535936
1.0333000000000001e-05,1.9095449600000016,21.02110535936
1.0334000000000001e-05,1.5075348480000024,21.02110535936
1.0335e-05,1.5075348480000024,21.02110535936
1.0336e-05,1.1055247359999996,21.02110535936
1.0337000000000001e-05,1.1055247359999996,21.02110535936
1.0338e-05,0.7035146240000003,21.02110535936
1.0339e-05,0.30150451200000106,21.02110535936
1.0340000000000001e-05,-0.1005055999999982,21.02110535936
1.0341000000000001e-05,-0.1005055999999982,21.02110535936
1.0342e-05,-0.5025157119999974,21.02110535936
1.0343e-05,-0.5025157119999974,21.02110535936
1.0344000000000001e-05,-0.5025157119999974,21.02110535936
1.0345e-05,-0.9045258240000003,21.02110535936
1.0346e-05,-0.9045258240000003,21.02110535936
1.0347000000000001e-05,-0.9045258240000003,21.02110535936
1.0348e-05,-0.9045258240000003,21.02110535936
1.0349e-05,-0.9045258240000003,21.02110535936
1.0350000000000001e-05,-0.9045258240000003,21.02110535936
1.0351000000000001e-05,-0.9045258240000003,21.02110535936
1.0352e-05,-1.3065359359999995,21.02110535936
1.0353e-05,-1.3065359359999995,21.02110535936
1.0354000000000001e-05,-1.3065359359999995,21.02110535936
1.0355e-05,-1.3065359359999995,21.02110535936
1.0356e-05,-1.7085460479999988,21.02110535936
1.0357000000000001e-05,-1.7085460479999988,21.02110535936
1.0358000000000001e-05,-1.7085460479999988,21.02110535936
1.0359e-05,-1.7085460479999988,21.02110535936
1.036e-05,-1.7085460479999988,21.02110535936
1.0361000000000001e-05,-1.7085460479999988,21.02110535936
1.0362e-05,-1.7085460479999988,21.02110535936
1.0363e-05,-2.110556159999998,21.02110535936
1.0364000000000001e-05,-2.110556159999998,21.02110535936
1.0365e-05,-2.110556159999998,21.02110535936
1.0366e-05,-2.110556159999998,21.02110535936
1.0367000000000001e-05,-2.110556159999998,21.02110535936
1.0368000000000001e-05,-2.110556159999998,21.02110535936
1.0369e-05,-2.110556159999998,21.02110535936
1.037e-05,-1.7085460479999988,21.02110535936
1.0371000000000001e-05,-1.7085460479999988,21.02110535936
1.0372e-05,-1.7085460479999988,21.02110535936
1.0373e-05,-1.7085460479999988,21.02110535936
1.0374000000000001e-05,-1.7085460479999988,21.02110535936
1.0375000000000001e-05,-1.3065359359999995,21.02110535936
1.0376e-05,-1.3065359359999995,21.02110535936
1.0377e-05,-1.3065359359999995,21.02110535936
1.0378000000000001e-05,-1.3065359359999995,21.02110535936
1.0379e-05,-0.9045258240000003,21.02110535936
1.038e-05,-0.9045258240000003,21.02110535936
1.0381000000000001e-05,-0.9045258240000003,21.02110535936
1.0382e-05,-0.9045258240000003,21.02110535936
1.0383e-05,-0.5025157119999974,21.02110535936
1.0384000000000001e-05,-0.5025157119999974,21.02110535936
1.0385000000000001e-05,-0.1005055999999982,21.02110535936
1.0386e-05,-0.1005055999999982,21.02110535936
1.0387e-05,-0.1005055999999982,21.02110535936
1.0388000000000001e-05,-0.1005055999999982,21.02110535936
1.0389e-05,0.30150451200000106,21.02110535936
1.039e-05,0.30150451200000106,21.02110535936
1.0391000000000001e-05,0.30150451200000106,21.02110535936
1.0392000000000001e-05,0.7035146240000003,21.02110535936
1.0393e-05,1.1055247359999996,21.02110535936
1.0394e-05,1.1055247359999996,21.02110535936
1.0395000000000001e-05,1.5075348480000024,21.02110535936
1.0396e-05,1.5075348480000024,21.02110535936
1.0397e-05,1.9095449600000016,21.02110535936
1.0398000000000001e-05,1.9095449600000016,21.02110535936
1.0399e-05,2.311555072000001,21.02110535936
1.04e-05,2.311555072000001,21.02110535936
1.0401000000000001e-05,2.713565184,21.02110535936
1.0402000000000001e-05,3.1155752959999994,21.02110535936
1.0403e-05,3.1155752959999994,21.02110535936
1.0404e-05,3.517585408000002,21.02110535936
1.0405000000000001e-05,3.9195955200000014,21.02110535936
1.0406e-05,4.321605632000001,21.02110535936
1.0407e-05,4.321605632000001,21.02110535936
1.0408000000000001e-05,4.723615744000002,21.02110535936
1.0409000000000001e-05,5.125625856000001,21.02110535936
1.041e-05,5.125625856000001,21.02110535936
1.0411e-05,5.527635968,21.02110535936
1.0412000000000001e-05,5.929646080000001,21.02110535936
1.0413e-05,6.3316561920000005,21.02110535936
1.0414e-05,6.3316561920000005,21.02110535936
1.0415000000000001e-05,6.7336663040000015,21.02110535936
1.0416e-05,7.135676416000001,21.02110535936
1.0417e-05,7.537686528,21.02110535936
1.0418000000000001e-05,7.537686528,21.02110535936
1.0419000000000001e-05,7.939696640000001,21.02110535936
1.042e-05,8.341706752,21.02110535936
1.0421e-05,8.341706752,21.02110535936
1.0422000000000001e-05,8.743716864000001,21.02110535936
1.0423e-05,9.145726976,21.02110535936
1.0424e-05,9.547737088,21.02110535936
1.0425000000000001e-05,9.547737088,21.02110535936
1.0426000000000001e-05,9.949747200000001,21.02110535936
1.0427e-05,10.351757312,21.02110535936
1.0428e-05,10.753767424000001,21.02110535936
1.0429000000000001e-05,11.155777536,21.02110535936
1.043e-05,11.155777536,21.02110535936
1.0431e-05,11.557787648,21.02110535936
1.0432000000000001e-05,11.95979776,21.02110535936
1.0433e-05,12.361807872,21.02110535936
1.0434e-05,12.361807872,21.02110535936
1.0435000000000001e-05,12.763817984,21.02110535936
1.0436000000000001e-05,13.165828096,21.02110535936
1.0437e-05,13.567838208000001,21.02110535936
1.0438e-05,13.96984832,21.02110535936
1.0439000000000001e-05,14.371858432,21.02110535936
1.044e-05,14.773868543999999,21.02110535936
1.0441e-05,15.175878656,21.02110535936
1.0442000000000001e-05,15.577888768000001,21.02110535936
1.0443000000000001e-05,15.577888768000001,21.02110535936
1.0444e-05,15.97989888,21.02110535936
1.0445e-05,16.381908992,21.02110535936
1.0446000000000001e-05,16.381908992,21.02110535936
1.0447e-05,16.783919104,21.02110535936
1.0448e-05,16.783919104,21.02110535936
1.0449000000000001e-05,17.185929216,21.02110535936
1.045e-05,17.587939328,21.02110535936
1.0451e-05,17.587939328,21.02110535936
1.0452000000000001e-05,17.98994944,21.02110535936
1.0453000000000001e-05,17.98994944,21.02110535936
1.0454e-05,18.391959552,21.02110535936
1.0455e-05,18.793969664,21.02110535936
1.0456000000000001e-05,18.793969664,21.02110535936
1.0457e-05,19.195979776,21.02110535936
1.0458e-05,19.597989888,21.02110535936
1.0459000000000001e-05,19.597989888,21.02110535936
1.0460000000000001e-05,20.0,21.02110535936
1.0461e-05,20.0,21.02110535936
1.0462e-05,20.402010112,21.02110535936
1.0463000000000001e-05,20.804020224,21.02110535936
1.0464e-05,20.804020224,21.02110535936
1.0465e-05,21.206030336,21.02110535936
1.0466000000000001e-05,21.608040448,21.02110535936
1.0467e-05,21.608040448,21.02110535936
1.0468e-05,21.608040448,21.02110535936
1.0469000000000001e-05,22.01005056,21.02110535936
1.0470000000000001e-05,22.01005056,21.02110535936
1.0471e-05,22.01005056,21.02110535936
1.0472e-05,22.412060672,21.02110535936
1.0473000000000001e-05,22.412060672,21.02110535936
1.0474e-05,22.814070784,21.02110535936
1.0475e-05,22.814070784,21.02110535936
1.0476000000000001e-05,23.216080896,21.02110535936
1.0477e-05,23.216080896,21.02110535936
1.0478e-05,23.618091008,21.02110535936
1.0479e-05,23.618091008,21.02110535936
1.0480000000000001e-05,23.618091008,21.02110535936
1.0481e-05,23.618091008,21.02110535936
1.0482e-05,23.618091008,21.02110535936
1.0483000000000001e-05,23.618091008,21.02110535936
1.0484e-05,24.02010112,21.02110535936
1.0485e-05,24.02010112,21.02110535936
1.0486000000000001e-05,24.02010112,21.02110535936
1.0487000000000001e-05,24.02010112,21.02110535936
1.0488e-05,24.422111232,21.02110535936
1.0489e-05,24.422111232,21.02110535936
1.0490000000000001e-05,24.824121343999998,21.02110535936
1.0491e-05,24.824121343999998,21.02110535936
1.0492e-05,24.824121343999998,21.02110535936
1.0493000000000001e-05,24.824121343999998,21.02110535936
1.0494e-05,24.824121343999998,21.02110535936
1.0495e-05,25.226131456,21.02110535936
1.0496e-05,25.226131456,21.02110535936
1.0497000000000001e-05,25.226131456,21.02110535936
1.0498e-05,25.226131456,21.02110535936
1.0499e-05,25.226131456,21.02110535936
1.0500000000000001e-05,25.226131456,21.02110535936
1.0501e-05,25.628141568,21.02110535936
1.0502e-05,25.628141568,21.02110535936
1.0503000000000001e-05,25.628141568,21.02110535936
1.0504000000000001e-05,25.628141568,21.02110535936
1.0505e-05,25.628141568,21.02110535936
1.0506e-05,25.628141568,21.02110535936
1.0507000000000001e-05,25.628141568,21.02110535936
1.0508e-05,25.628141568,21.02110535936
1.0509e-05,25.628141568,21.02110535936
1.0510000000000001e-05,25.628141568,21.02110535936
1.0511e-05,25.628141568,21.02110535936
1.0512e-05,25.628141568,21.02110535936
1.0513e-05,25.628141568,21.02110535936
1.0514000000000001e-05,25.628141568,21.02110535936
1.0515e-05,25.628141568,21.02110535936
1.0516e-05,25.628141568,21.02110535936
1.0517000000000001e-05,25.628141568,21.02110535936
1.0518e-05,25.628141568,21.02110535936
1.0519e-05,25.628141568,21.02110535936
1.0520000000000001e-05,25.628141568,21.02110535936
1.0521000000000001e-05,25.628141568,21.02110535936
1.0522e-05,25.628141568,21.02110535936
1.0523e-05,25.628141568,21.02110535936
1.0524000000000001e-05,25.628141568,21.02110535936
1.0525e-05,25.628141568,21.02110535936
1.0526e-05,25.628141568,21.02110535936
1.0527000000000001e-05,25.628141568,21.02110535936
1.0528e-05,25.226131456,21.02110535936
1.0529e-05,25.226131456,21.02110535936
1.053e-05,25.628141568,21.02110535936
1.0531000000000001e-05,25.628141568,21.02110535936
1.0532e-05,25.628141568,21.02110535936
1.0533e-05,25.628141568,21.02110535936
1.0534000000000001e-05,25.628141568,21.02110535936
1.0535e-05,25.628141568,21.02110535936
1.0536e-05,25.226131456,21.02110535936
1.0537000000000001e-05,25.226131456,21.02110535936
1.0538000000000001e-05,25.226131456,21.02110535936
1.0539e-05,24.824121343999998,21.02110535936
1.054e-05,24.824121343999998,21.02110535936
1.0541000000000001e-05,24.824121343999998,21.02110535936
1.0542e-05,24.824121343999998,21.02110535936
1.0543e-05,24.824121343999998,21.02110535936
1.0544000000000001e-05,24.824121343999998,21.02110535936
1.0545e-05,24.824121343999998,21.02110535936
1.0546e-05,24.824121343999998,21.02110535936
1.0547e-05,24.824121343999998,21.02110535936
1.0548000000000001e-05,24.422111232,21.02110535936
1.0549e-05,24.422111232,21.02110535936
1.055e-05,24.422111232,21.02110535936
1.0551000000000001e-05,24.422111232,21.02110535936
1.0552e-05,24.02010112,21.02110535936
1.0553e-05,24.02010112,21.02110535936
1.0554000000000001e-05,24.02010112,21.02110535936
1.0555000000000001e-05,24.02010112,21.02110535936
1.0556e-05,23.618091008,21.02110535936
1.0557e-05,23.618091008,21.02110535936
1.0558000000000001e-05,23.216080896,21.02110535936
1.0559e-05,23.216080896,21.02110535936
1.056e-05,23.216080896,21.02110535936
1.0561000000000001e-05,23.216080896,21.02110535936
1.0562e-05,22.814070784,21.02110535936
1.0563e-05,22.814070784,21.02110535936
1.0564e-05,22.814070784,21.02110535936
1.0565000000000001e-05,22.814070784,21.02110535936
1.0566e-05,22.412060672,21.02110535936
1.0567e-05,22.412060672,21.02110535936
1.0568000000000001e-05,22.01005056,21.02110535936
1.0569e-05,22.01005056,21.02110535936
1.057e-05,21.608040448,21.02110535936
1.0571000000000001e-05,21.608040448,21.02110535936
1.0572000000000001e-05,21.206030336,21.02110535936
1.0573e-05,21.206030336,21.02110535936
1.0574e-05,21.206030336,21.02110535936
1.0575000000000001e-05,20.804020224,21.02110535936
1.0576e-05,20.402010112,21.02110535936
1.0577e-05,20.402010112,21.02110535936
1.0578000000000001e-05,20.0,21.02110535936
1.0579e-05,19.597989888,21.02110535936
1.058e-05,19.195979776,21.02110535936
1.0581e-05,19.195979776,21.02110535936
1.0582000000000001e-05,18.793969664,21.02110535936
1.0583e-05,18.793969664,21.02110535936
1.0584e-05,18.391959552,21.02110535936
1.0585000000000001e-05,18.391959552,21.02110535936
1.0586e-05,17.98994944,21.02110535936
1.0587e-05,17.98994944,21.02110535936
1.0588000000000001e-05,17.587939328,21.02110535936
1.0589000000000001e-05,17.587939328,21.02110535936
1.059e-05,17.185929216,21.02110535936
1.0591e-05,17.185929216,21.02110535936
1.0592000000000001e-05,16.783919104,21.02110535936
1.0593e-05,16.381908992,21.02110535936
1.0594e-05,15.97989888,21.02110535936
1.0595000000000001e-05,15.97989888,21.02110535936
1.0596e-05,15.577888768000001,21.02110535936
1.0597e-05,15.175878656,21.02110535936
1.0598000000000001e-05,15.175878656,21.02110535936
1.0599000000000001e-05,14.773868543999999,21.02110535936
1.06e-05,14.371858432,21.02110535936
1.0601e-05,14.371858432,21.02110535936
1.0602000000000001e-05,13.96984832,21.02110535936
1.0603e-05,13.96984832,21.02110535936
1.0604e-05,13.567838208000001,21.02110535936
1.0605000000000001e-05,13.165828096,21.02110535936
1.0606000000000001e-05,13.165828096,21.02110535936
1.0607e-05,12.763817984,21.02110535936
1.0608e-05,12.361807872,21.02110535936
1.0609000000000001e-05,11.95979776,21.02110535936
1.061e-05,11.95979776,21.02110535936
1.0611e-05,11.557787648,21.02110535936
1.0612000000000001e-05,11.557787648,21.02110535936
1.0613e-05,11.155777536,21.02110535936
1.0614e-05,11.155777536,21.02110535936
1.0615000000000001e-05,10.753767424000001,21.02110535936
1.0616000000000001e-05,10.753767424000001,21.02110535936
1.0617e-05,10.351757312,21.02110535936
1.0618e-05,9.949747200000001,21.02110535936
1.0619000000000001e-05,9.949747200000001,21.02110535936
1.062e-05,9.547737088,21.02110535936
1.0621e-05,9.145726976,21.02110535936
1.0622000000000001e-05,9.145726976,21.02110535936
1.0623000000000001e-05,8.743716864000001,21.02110535936
1.0624e-05,8.341706752,21.02110535936
1.0625e-05,8.341706752,21.02110535936
1.0626000000000001e-05,8.341706752,21.02110535936
1.0627e-05,7.939696640000001,21.02110535936
1.0628e-05,7.939696640000001,21.02110535936
1.0629000000000001e-05,7.939696640000001,21.02110535936
1.063e-05,7.537686528,21.02110535936
1.0631e-05,7.537686528,21.02110535936
1.0632000000000001e-05,7.135676416000001,21.02110535936
1.0633000000000001e-05,7.135676416000001,21.02110535936
1.0634e-05,6.7336663040000015,21.02110535936
1.0635e-05,6.3316561920000005,21.02110535936
1.0636000000000001e-05,6.3316561920000005,21.02110535936
1.0637e-05,5.929646080000001,21.02110535936
1.0638e-05,5.929646080000001,21.02110535936
1.0639000000000001e-05,5.527635968,21.02110535936
1.0640000000000001e-05,5.527635968,21.02110535936
1.0641e-05,5.527635968,21.02110535936
1.0642e-05,5.527635968,21.02110535936
1.0643000000000001e-05,5.125625856000001,21.02110535936
1.0644e-05,5.125625856000001,21.02110535936
1.0645e-05,5.125625856000001,21.02110535936
1.0646000000000001e-05,4.723615744000002,21.02110535936
1.0647e-05,4.723615744000002,21.02110535936
1.0648e-05,4.723615744000002,21.02110535936
1.0649000000000001e-05,4.321605632000001,21.02110535936
1.0650000000000001e-05,4.321605632000001,21.02110535936
1.0651e-05,4.321605632000001,21.02110535936
1.0652e-05,4.321605632000001,21.02110535936
1.0653000000000001e-05,4.321605632000001,21.02110535936
1.0654e-05,3.9195955200000014,21.02110535936
1.0655e-05,3.9195955200000014,21.02110535936
1.0656000000000001e-05,3.9195955200000014,21.02110535936
1.0657000000000001e-05,3.9195955200000014,21.02110535936
1.0658e-05,3.9195955200000014,21.02110535936
1.0659e-05,3.9195955200000014,21.02110535936
1.0660000000000001e-05,3.9195955200000014,21.02110535936
1.0661e-05,3.517585408000002,21.02110535936
1.0662e-05,3.517585408000002,21.02110535936
1.0663000000000001e-05,3.517585408000002,21.02110535936
1.0664e-05,3.517585408000002,21.02110535936
1.0665e-05,3.517585408000002,21.02110535936
1.0666000000000001e-05,3.517585408000002,21.02110535936
1.0667000000000001e-05,3.1155752959999994,21.02110535936
1.0668e-05,3.517585408000002,21.02110535936
1.0669e-05,3.517585408000002,21.02110535936
1.0670000000000001e-05,3.517585408000002,21.02110535936
1.0671e-05,3.517585408000002,21.02110535936
1.0672e-05,3.517585408000002,21.02110535936
1.0673000000000001e-05,3.9195955200000014,21.02110535936
1.0674000000000001e-05,3.9195955200000014,21.02110535936
1.0675e-05,3.9195955200000014,21.02110535936
1.0676e-05,3.9195955200000014,21.02110535936
1.0677000000000001e-05,3.9195955200000014,21.02110535936
1.0678e-05,4.321605632000001,21.02110535936
1.0679e-05,4.321605632000001,21.02110535936
1.0680000000000001e-05,4.321605632000001,21.02110535936
1.0681e-05,4.321605632000001,21.02110535936
1.0682e-05,4.321605632000001,21.02110535936
1.0683000000000001e-05,4.321605632000001,21.02110535936
1.0684000000000001e-05,4.321605632000001,21.02110535936
1.0685e-05,4.321605632000001,21.02110535936
1.0686e-05,4.321605632000001,21.02110535936
1.0687000000000001e-05,4.723615744000002,21.02110535936
1.0688e-05,4.723615744000002,21.02110535936
1.0689e-05,4.723615744000002,21.02110535936
1.0690000000000001e-05,5.125625856000001,21.02110535936
1.0691000000000001e-05,5.125625856000001,21.02110535936
1.0692e-05,5.527635968,21.02110535936
1.0693e-05,5.527635968,21.02110535936
1.0694000000000001e-05,5.929646080000001,21.02110535936
1.0695e-05,5.929646080000001,21.02110535936
1.0696e-05,6.3316561920000005,21.02110535936
1.0697000000000001e-05,6.3316561920000005,21.02110535936
1.0698e-05,6.7336663040000015,21.02110535936
1.0699e-05,6.7336663040000015,21.02110535936
1.0700000000000001e-05,7.135676416000001,21.02110535936
1.0701000000000001e-05,7.537686528,21.02110535936
1.0702e-05,7.537686528,21.02110535936
1.0703e-05,7.939696640000001,21.02110535936
1.0704000000000001e-05,7.939696640000001,21.02110535936
1.0705e-05,8.341706752,21.02110535936
1.0706e-05,8.341706752,21.02110535936
1.0707000000000001e-05,8.341706752,21.02110535936
1.0708000000000001e-05,8.743716864000001,21.02110535936
1.0709e-05,8.743716864000001,21.02110535936
1.071e-05,8.743716864000001,21.02110535936
1.0711000000000001e-05,9.145726976,21.02110535936
1.0712e-05,9.547737088,21.02110535936
1.0713e-05,9.547737088,21.02110535936
1.0714000000000001e-05,9.949747200000001,21.02110535936
1.0715e-05,10.351757312,21.02110535936
1.0716e-05,10.351757312,21.02110535936
1.0717000000000001e-05,10.753767424000001,21.02110535936
1.0718000000000001e-05,10.753767424000001,21.02110535936
1.0719e-05,11.155777536,21.02110535936
1.072e-05,11.155777536,21.02110535936
1.0721000000000001e-05,11.557787648,21.02110535936
1.0722e-05,11.95979776,21.02110535936
1.0723e-05,11.95979776,21.02110535936
1.0724000000000001e-05,12.361807872,21.02110535936
1.0725000000000001e-05,12.361807872,21.02110535936
1.0726e-05,12.763817984,21.02110535936
1.0727e-05,12.763817984,21.02110535936
1.0728000000000001e-05,13.165828096,21.02110535936
1.0729e-05,13.165828096,21.02110535936
1.073e-05,13.567838208000001,21.02110535936
1.0731000000000001e-05,13.96984832,21.02110535936
1.0732e-05,14.371858432,21.02110535936
1.0733e-05,14.371858432,21.02110535936
1.0734000000000001e-05,14.773868543999999,21.02110535936
1.0735000000000001e-05,14.773868543999999,21.02110535936
1.0736e-05,15.175878656,21.02110535936
1.0737e-05,15.577888768000001,21.02110535936
1.0738000000000001e-05,15.577888768000001,21.02110535936
1.0739e-05,15.97989888,21.02110535936
1.074e-05,15.97989888,21.02110535936
1.0741000000000001e-05,16.381908992,21.02110535936
1.0742000000000002e-05,16.381908992,21.02110535936
1.0743e-05,16.783919104,21.02110535936
1.0744e-05,17.185929216,21.02110535936
1.0745000000000001e-05,17.185929216,21.02110535936
1.0746e-05,17.587939328,21.02110535936
1.0747e-05,17.98994944,21.02110535936
1.0748000000000001e-05,18.391959552,21.02110535936
1.0749e-05,18.391959552,21.02110535936
1.075e-05,18.391959552,21.02110535936
1.0751000000000001e-05,18.793969664,21.02110535936
1.0752000000000001e-05,18.793969664,21.02110535936
1.0753e-05,19.195979776,21.02110535936
1.0754e-05,19.195979776,21.02110535936
1.0755000000000001e-05,19.597989888,21.02110535936
1.0756e-05,19.597989888,21.02110535936
1.0757e-05,20.0,21.02110535936
1.0758000000000001e-05,20.0,21.02110535936
1.0759000000000002e-05,20.402010112,21.02110535936
1.076e-05,20.402010112,21.02110535936
1.0761e-05,20.804020224,21.02110535936
1.0762000000000001e-05,20.804020224,21.02110535936
1.0763e-05,20.804020224,21.02110535936
1.0764e-05,21.206030336,21.02110535936
1.0765000000000001e-05,21.206030336,21.02110535936
1.0766e-05,21.206030336,21.02110535936
1.0767e-05,21.206030336,21.02110535936
1.0768000000000001e-05,21.608040448,21.02110535936
1.0769000000000001e-05,21.608040448,21.02110535936
1.077e-05,22.01005056,21.02110535936
1.0771e-05,22.01005056,21.02110535936
1.0772000000000001e-05,22.412060672,21.02110535936
1.0773e-05,22.412060672,21.02110535936
1.0774e-05,22.412060672,21.02110535936
1.0775000000000001e-05,22.814070784,21.02110535936
1.0776e-05,22.814070784,21.02110535936
1.0777e-05,22.814070784,21.02110535936
1.0778e-05,23.216080896,21.02110535936
1.0779000000000001e-05,23.216080896,21.02110535936
1.078e-05,23.216080896,21.02110535936
1.0781e-05,23.216080896,21.02110535936
1.0782000000000001e-05,23.618091008,21.02110535936
1.0783e-05,23.618091008,21.02110535936
1.0784e-05,23.618091008,21.02110535936
1.0785000000000001e-05,24.02010112,21.02110535936
1.0786000000000001e-05,24.02010112,21.02110535936
1.0787e-05,24.02010112,21.02110535936
1.0788e-05,24.02010112,21.02110535936
1.0789000000000001e-05,24.422111232,21.02110535936
1.079e-05,24.422111232,21.02110535936
1.0791e-05,24.422111232,21.02110535936
1.0792000000000001e-05,24.422111232,21.02110535936
1.0793e-05,24.422111232,21.02110535936
1.0794e-05,24.824121343999998,21.02110535936
1.0795e-05,24.824121343999998,21.02110535936
1.0796000000000001e-05,24.824121343999998,21.02110535936
1.0797e-05,24.824121343999998,21.02110535936
1.0798e-05,24.824121343999998,21.02110535936
1.0799000000000001e-05,24.824121343999998,21.02110535936
1.08e-05,24.824121343999998,21.02110535936
1.0801e-05,24.824121343999998,21.02110535936
1.0802000000000001e-05,24.824121343999998,21.02110535936
1.0803000000000001e-05,25.226131456,21.02110535936
1.0804e-05,25.226131456,21.02110535936
1.0805e-05,25.226131456,21.02110535936
1.0806000000000001e-05,25.226131456,21.02110535936
1.0807e-05,25.226131456,21.02110535936
1.0808e-05,25.226131456,21.02110535936
1.0809000000000001e-05,25.226131456,21.02110535936
1.081e-05,25.226131456,21.02110535936
1.0811e-05,25.226131456,21.02110535936
1.0812e-05,25.226131456,21.02110535936
1.0813000000000001e-05,25.226131456,21.02110535936
1.0814e-05,25.226131456,21.02110535936
1.0815e-05,25.226131456,21.02110535936
1.0816000000000001e-05,25.226131456,21.02110535936
1.0817e-05,25.226131456,21.02110535936
1.0818e-05,25.226131456,21.02110535936
1.0819000000000001e-05,25.226131456,21.02110535936
1.0820000000000001e-05,25.226131456,21.02110535936
1.0821e-05,25.226131456,21.02110535936
1.0822e-05,25.226131456,21.02110535936
1.0823000000000001e-05,25.226131456,21.02110535936
1.0824e-05,25.226131456,21.02110535936
1.0825e-05,25.226131456,21.02110535936
1.0826000000000001e-05,25.226131456,21.02110535936
1.0827e-05,25.226131456,21.02110535936
1.0828e-05,24.824121343999998,21.02110535936
1.0829e-05,25.226131456,21.02110535936
1.0830000000000001e-05,25.226131456,21.02110535936
1.0831e-05,25.226131456,21.02110535936
1.0832e-05,25.226131456,21.02110535936
1.0833000000000001e-05,25.226131456,21.02110535936
1.0834e-05,25.226131456,21.02110535936
1.0835e-05,25.226131456,21.02110535936
1.0836000000000001e-05,25.226131456,21.02110535936
1.0837000000000001e-05,25.226131456,21.02110535936
1.0838e-05,25.226131456,21.02110535936
1.0839e-05,25.226131456,21.02110535936
1.0840000000000001e-05,25.226131456,21.02110535936
1.0841e-05,25.226131456,21.02110535936
1.0842e-05,25.226131456,21.02110535936
1.0843000000000001e-05,24.824121343999998,21.02110535936
1.0844e-05,24.824121343999998,21.02110535936
1.0845e-05,24.824121343999998,21.02110535936
1.0846000000000001e-05,24.422111232,21.02110535936
1.0847000000000001e-05,24.422111232,21.02110535936
1.0848e-05,24.422111232,21.02110535936
1.0849e-05,24.422111232,21.02110535936
1.0850000000000001e-05,24.422111232,21.02110535936
1.0851e-05,24.824121343999998,21.02110535936
1.0852e-05,24.824121343999998,21.02110535936
1.0853000000000001e-05,24.824121343999998,21.02110535936
1.0854000000000001e-05,24.824121343999998,21.02110535936
1.0855e-05,24.422111232,21.02110535936
1.0856e-05,24.422111232,21.02110535936
1.0857000000000001e-05,24.422111232,21.02110535936
1.0858e-05,24.422111232,21.02110535936
1.0859e-05,24.422111232,21.02110535936
1.0860000000000001e-05,24.02010112,21.02110535936
1.0861e-05,24.02010112,21.02110535936
1.0862e-05,24.02010112,21.02110535936
1.0863000000000001e-05,24.02010112,21.02110535936
1.0864000000000001e-05,23.618091008,21.02110535936
1.0865e-05,23.618091008,21.02110535936
1.0866e-05,23.618091008,21.02110535936
1.0867000000000001e-05,23.216080896,21.02110535936
1.0868e-05,23.216080896,21.02110535936
1.0869e-05,23.216080896,21.02110535936
1.0870000000000001e-05,23.216080896,21.02110535936
1.0871000000000001e-05,23.216080896,21.02110535936
1.0872e-05,22.814070784,21.02110535936
1.0873e-05,22.814070784,21.02110535936
1.0874000000000001e-05,22.814070784,21.02110535936
1.0875e-05,22.412060672,21.02110535936
1.0876e-05,22.01005056,21.02110535936
1.0877000000000001e-05,22.01005056,21.02110535936
1.0878e-05,21.608040448,21.02110535936
1.0879e-05,21.608040448,21.02110535936
1.0880000000000001e-05,21.608040448,21.02110535936
1.0881000000000001e-05,21.206030336,21.02110535936
1.0882e-05,21.206030336,21.02110535936
1.0883e-05,20.804020224,21.02110535936
1.0884000000000001e-05,20.804020224,21.02110535936
1.0885e-05,20.804020224,21.02110535936
1.0886e-05,20.804020224,21.02110535936
1.0887000000000001e-05,20.402010112,21.02110535936
1.0888000000000001e-05,20.402010112,21.02110535936
1.0889e-05,20.402010112,21.02110535936
1.089e-05,20.402010112,21.02110535936
1.0891000000000001e-05,20.0,21.02110535936
1.0892e-05,20.0,21.02110535936
1.0893e-05,19.597989888,21.02110535936
1.0894000000000001e-05,19.597989888,21.02110535936
1.0895e-05,19.195979776,21.02110535936
1.0896e-05,18.793969664,21.02110535936
1.0897000000000001e-05,18.793969664,21.02110535936
1.0898000000000001e-05,18.391959552,21.02110535936
1.0899e-05,18.391959552,21.02110535936
1.09e-05,17.98994944,21.02110535936
1.0901000000000001e-05,17.98994944,21.02110535936
1.0902e-05,17.98994944,21.02110535936
1.0903e-05,17.587939328,21.02110535936
1.0904000000000001e-05,17.587939328,21.02110535936
1.0905000000000001e-05,17.185929216,21.02110535936
1.0906e-05,17.185929216,21.02110535936
1.0907e-05,16.783919104,21.02110535936
1.0908000000000001e-05,16.783919104,21.02110535936
1.0909e-05,16.381908992,21.02110535936
1.091e-05,16.381908992,21.02110535936
1.0911000000000001e-05,16.381908992,21.02110535936
1.0912e-05,15.97989888,21.02110535936
1.0913e-05,15.577888768000001,21.02110535936
1.0914000000000001e-05,15.577888768000001,21.02110535936
1.0915000000000001e-05,15.577888768000001,21.02110535936
1.0916e-05,15.175878656,21.02110535936
1.0917e-05,15.175878656,21.02110535936
1.0918000000000001e-05,14.773868543999999,21.02110535936
1.0919e-05,14.773868543999999,21.02110535936
1.092e-05,14.773868543999999,21.02110535936
1.0921000000000001e-05,14.371858432,21.02110535936
1.0922000000000001e-05,14.371858432,21.02110535936
1.0923e-05,13.96984832,21.02110535936
1.0924e-05,13.96984832,21.02110535936
1.0925000000000001e-05,13.567838208000001,21.02110535936
1.0926e-05,13.567838208000001,21.02110535936
1.0927e-05,13.165828096,21.02110535936
1.0928000000000001e-05,12.763817984,21.02110535936
1.0929e-05,12.763817984,21.02110535936
1.093e-05,12.763817984,21.02110535936
1.0931000000000001e-05,12.361807872,21.02110535936
1.0932000000000001e-05,12.361807872,21.02110535936
1.0933e-05,11.95979776,21.02110535936
1.0934e-05,11.95979776,21.02110535936
1.0935000000000001e-05,11.95979776,21.02110535936
1.0936e-05,11.557787648,21.02110535936
1.0937e-05,11.557787648,21.02110535936
1.0938000000000001e-05,11.557787648,21.02110535936
1.0939000000000001e-05,11.155777536,21.02110535936
1.094e-05,11.155777536,21.02110535936
1.0941e-05,11.155777536,21.02110535936
1.0942000000000001e-05,10.753767424000001,21.02110535936
1.0943e-05,10.753767424000001,21.02110535936
1.0944e-05,10.753767424000001,21.02110535936
1.0945000000000001e-05,10.351757312,21.02110535936
1.0946e-05,10.351757312,21.02110535936
1.0947e-05,10.351757312,21.02110535936
1.0948000000000001e-05,9.949747200000001,21.02110535936
1.0949000000000001e-05,9.949747200000001,21.02110535936
1.095e-05,9.949747200000001,21.02110535936
1.0951e-05,9.949747200000001,21.02110535936
1.0952000000000001e-05,9.547737088,21.02110535936
1.0953e-05,9.547737088,21.02110535936
1.0954e-05,9.547737088,21.02110535936
1.0955000000000001e-05,9.145726976,21.02110535936
1.0956000000000001e-05,9.145726976,21.02110535936
1.0957e-05,9.145726976,21.02110535936
1.0958e-05,8.743716864000001,21.02110535936
1.0959000000000001e-05,8.743716864000001,21.02110535936
1.096e-05,8.743716864000001,21.02110535936
1.0961e-05,8.743716864000001,21.02110535936
1.0962000000000001e-05,8.743716864000001,21.02110535936
1.0963e-05,8.743716864000001,21.02110535936
1.0964e-05,8.341706752,21.02110535936
1.0965000000000001e-05,8.341706752,21.02110535936
1.0966000000000001e-05,8.341706752,21.02110535936
1.0967e-05,8.743716864000001,21.02110535936
1.0968e-05,8.341706752,21.02110535936
1.0969000000000001e-05,8.341706752,21.02110535936
1.097e-05,8.341706752,21.02110535936
1.0971e-05,8.341706752,21.02110535936
1.0972000000000001e-05,8.341706752,21.02110535936
1.0973000000000001e-05,8.341706752,21.02110535936
1.0974e-05,8.341706752,21.02110535936
1.0975e-05,8.341706752,21.02110535936
1.0976000000000001e-05,8.341706752,21.02110535936
1.0977e-05,8.341706752,21.02110535936
1.0978e-05,8.341706752,21.02110535936
1.0979000000000001e-05,8.341706752,21.02110535936
1.098e-05,8.341706752,21.02110535936
1.0981e-05,8.341706752,21.02110535936
1.0982000000000001e-05,8.743716864000001,21.02110535936
1.0983000000000001e-05,8.743716864000001,21.02110535936
1.0984e-05,8.743716864000001,21.02110535936
1.0985e-05,8.743716864000001,21.02110535936
1.0986000000000001e-05,8.743716864000001,21.02110535936
1.0987e-05,8.743716864000001,21.02110535936
1.0988e-05,8.743716864000001,21.02110535936
1.0989000000000001e-05,8.743716864000001,21.02110535936
1.0990000000000002e-05,8.743716864000001,21.02110535936
1.0991e-05,8.743716864000001,21.02110535936
1.0992e-05,8.743716864000001,21.02110535936
1.0993000000000001e-05,8.743716864000001,21.02110535936
1.0994e-05,8.743716864000001,21.02110535936
1.0995e-05,9.145726976,21.02110535936
1.0996000000000001e-05,9.145726976,21.02110535936
1.0997e-05,9.547737088,21.02110535936
1.0998e-05,9.547737088,21.02110535936
1.0999000000000001e-05,9.949747200000001,21.02110535936
1.1000000000000001e-05,9.949747200000001,21.02110535936
1.1001e-05,9.949747200000001,21.02110535936
1.1002e-05,10.351757312,21.02110535936
1.1003000000000001e-05,10.351757312,21.02110535936
1.1004e-05,10.351757312,21.02110535936
1.1005e-05,10.351757312,21.02110535936
1.1006000000000001e-05,10.753767424000001,21.02110535936
1.1007000000000002e-05,10.753767424000001,21.02110535936
1.1008e-05,10.753767424000001,21.02110535936
1.1009e-05,11.155777536,21.02110535936
1.1010000000000001e-05,11.155777536,21.02110535936
1.1011e-05,11.155777536,21.02110535936
1.1012e-05,11.557787648,21.02110535936
1.1013000000000001e-05,11.557787648,21.02110535936
1.1014e-05,11.557787648,21.02110535936
1.1015e-05,11.557787648,21.02110535936
1.1016000000000001e-05,11.557787648,21.02110535936
1.1017000000000001e-05,11.95979776,21.02110535936
1.1018e-05,11.95979776,21.02110535936
1.1019e-05,12.361807872,21.02110535936
1.1020000000000001e-05,12.361807872,21.02110535936
1.1021e-05,12.763817984,21.02110535936
1.1022e-05,13.165828096,21.02110535936
1.1023000000000001e-05,13.165828096,21.02110535936
1.1024000000000002e-05,13.567838208000001,21.02110535936
1.1025e-05,13.567838208000001,21.02110535936
1.1026e-05,13.567838208000001,21.02110535936
1.1027000000000001e-05,13.96984832,21.02110535936
1.1028e-05,13.96984832,21.02110535936
1.1029e-05,14.371858432,21.02110535936
1.1030000000000001e-05,14.371858432,21.02110535936
1.1031e-05,14.773868543999999,21.02110535936
1.1032e-05,14.773868543999999,21.02110535936
1.1033000000000001e-05,15.175878656,21.02110535936
1.1034000000000001e-05,15.577888768000001,21.02110535936
1.1035e-05,15.577888768000001,21.02110535936
1.1036e-05,15.577888768000001,21.02110535936
1.1037000000000001e-05,15.97989888,21.02110535936
1.1038e-05,15.97989888,21.02110535936
1.1039e-05,16.381908992,21.02110535936
1.1040000000000001e-05,16.381908992,21.02110535936
1.1041000000000002e-05,16.381908992,21.02110535936
1.1042e-05,16.783919104,21.02110535936
1.1043e-05,16.783919104,21.02110535936
1.1044000000000001e-05,17.185929216,21.02110535936
1.1045e-05,17.185929216,21.02110535936
1.1046e-05,17.587939328,21.02110535936
1.1047000000000001e-05,17.587939328,21.02110535936
1.1048e-05,17.98994944,21.02110535936
1.1049e-05,17.98994944,21.02110535936
1.1050000000000001e-05,18.391959552,21.02110535936
1.1051000000000001e-05,18.391959552,21.02110535936
1.1052e-05,18.793969664,21.02110535936
1.1053e-05,18.793969664,21.02110535936
1.1054000000000001e-05,18.793969664,21.02110535936
1.1055e-05,19.195979776,21.02110535936
1.1056e-05,19.195979776,21.02110535936
1.1057000000000001e-05,19.195979776,21.02110535936
1.1058000000000002e-05,19.597989888,21.02110535936
1.1059e-05,19.597989888,21.02110535936
1.106e-05,20.0,21.02110535936
1.1061000000000001e-05,20.0,21.02110535936
1.1062e-05,20.0,21.02110535936
1.1063e-05,20.402010112,21.02110535936
1.1064000000000001e-05,20.402010112,21.02110535936
1.1065e-05,20.804020224,21.02110535936
1.1066e-05,20.804020224,21.02110535936
1.1067000000000001e-05,20.804020224,21.02110535936
1.1068000000000001e-05,21.206030336,21.02110535936
1.1069e-05,21.608040448,21.02110535936
1.107e-05,21.608040448,21.02110535936
1.1071000000000001e-05,22.01005056,21.02110535936
1.1072e-05,22.01005056,21.02110535936
1.1073e-05,22.412060672,21.02110535936
1.1074000000000001e-05,22.412060672,21.02110535936
1.1075e-05,22.412060672,21.02110535936
1.1076e-05,22.412060672,21.02110535936
1.1077e-05,22.412060672,21.02110535936
1.1078000000000001e-05,22.412060672,21.02110535936
1.1079e-05,22.412060672,21.02110535936
1.108e-05,22.412060672,21.02110535936
1.1081000000000001e-05,22.412060672,21.02110535936
1.1082e-05,22.814070784,21.02110535936
1.1083e-05,22.814070784,21.02110535936
1.1084000000000001e-05,23.216080896,21.02110535936
1.1085000000000001e-05,23.216080896,21.02110535936
1.1086e-05,23.216080896,21.02110535936
1.1087e-05,23.618091008,21.02110535936
1.1088000000000001e-05,23.618091008,21.02110535936
1.1089e-05,23.618091008,21.02110535936
1.109e-05,23.618091008,21.02110535936
1.1091000000000001e-05,23.618091008,21.02110535936
1.1092e-05,23.618091008,21.02110535936
1.1093e-05,24.02010112,21.02110535936
1.1094e-05,24.02010112,21.02110535936
1.1095000000000001e-05,24.02010112,21.02110535936
1.1096e-05,24.02010112,21.02110535936
1.1097e-05,24.02010112,21.02110535936
1.1098000000000001e-05,24.02010112,21.02110535936
1.1099e-05,24.02010112,21.02110535936
1.11e-05,24.422111232,21.02110535936
1.1101000000000001e-05,24.422111232,21.02110535936
1.1102000000000001e-05,24.422111232,21.02110535936
1.1103e-05,24.422111232,21.02110535936
1.1104e-05,24.422111232,21.02110535936
1.1105000000000001e-05,24.422111232,21.02110535936
1.1106e-05,24.422111232,21.02110535936
1.1107e-05,24.422111232,21.02110535936
1.1108000000000001e-05,24.422111232,21.02110535936
1.1109e-05,24.422111232,21.02110535936
1.111e-05,24.422111232,21.02110535936
1.1111000000000001e-05,24.422111232,21.02110535936
1.1112000000000001e-05,24.824121343999998,21.02110535936
1.1113e-05,24.824121343999998,21.02110535936
1.1114e-05,24.824121343999998,21.02110535936
1.1115000000000001e-05,24.824121343999998,21.02110535936
1.1116e-05,25.226131456,21.02110535936
1.1117e-05,25.226131456,21.02110535936
1.1118000000000001e-05,25.226131456,21.02110535936
1.1119000000000001e-05,25.226131456,21.02110535936
1.112e-05,25.226131456,21.02110535936
1.1121e-05,25.628141568,21.02110535936
1.1122000000000001e-05,25.226131456,21.02110535936
1.1123e-05,25.226131456,21.02110535936
1.1124e-05,25.226131456,21.02110535936
1.1125000000000001e-05,25.226131456,21.02110535936
1.1126e-05,25.226131456,21.02110535936
1.1127e-05,25.226131456,21.02110535936
1.1128000000000001e-05,25.226131456,21.02110535936
1.1129000000000001e-05,25.226131456,21.02110535936
1.113e-05,25.226131456,21.02110535936
1.1131e-05,25.226131456,21.02110535936
1.1132000000000001e-05,25.226131456,21.02110535936
1.1133e-05,25.226131456,21.02110535936
1.1134e-05,25.226131456,21.02110535936
1.1135000000000001e-05,25.226131456,21.02110535936
1.1136000000000001e-05,25.226131456,21.02110535936
1.1137e-05,25.226131456,21.02110535936
1.1138e-05,25.226131456,21.02110535936
1.1139000000000001e-05,25.226131456,21.02110535936
1.114e-05,24.824121343999998,21.02110535936
1.1141e-05,24.824121343999998,21.02110535936
1.1142000000000001e-05,24.824121343999998,21.02110535936
1.1143e-05,24.824121343999998,21.02110535936
1.1144e-05,24.824121343999998,21.02110535936
1.1145000000000001e-05,24.824121343999998,21.02110535936
1.1146000000000001e-05,24.824121343999998,21.02110535936
1.1147e-05,25.226131456,21.02110535936
1.1148e-05,25.226131456,21.02110535936
1.1149000000000001e-05,25.226131456,21.02110535936
1.115e-05,25.226131456,21.02110535936
1.1151e-05,25.226131456,21.02110535936
1.1152000000000001e-05,25.226131456,21.02110535936
1.1153000000000001e-05,25.226131456,21.02110535936
1.1154e-05,25.226131456,21.02110535936
1.1155e-05,25.226131456,21.02110535936
1.1156000000000001e-05,25.226131456,21.02110535936
1.1157e-05,25.226131456,21.02110535936
1.1158e-05,25.226131456,21.02110535936
1.1159000000000001e-05,25.226131456,21.02110535936
1.116e-05,25.226131456,21.02110535936
1.1161e-05,24.824121343999998,21.02110535936
1.1162000000000001e-05,24.824121343999998,21.02110535936
1.1163000000000001e-05,24.824121343999998,21.02110535936
1.1164e-05,24.824121343999998,21.02110535936
1.1165e-05,24.422111232,21.02110535936
1.1166000000000001e-05,24.422111232,21.02110535936
1.1167e-05,24.422111232,21.02110535936
1.1168e-05,24.422111232,21.02110535936
1.1169000000000001e-05,24.422111232,21.02110535936
1.1170000000000001e-05,24.422111232,21.02110535936
1.1171e-05,24.422111232,21.02110535936
1.1172e-05,24.422111232,21.02110535936
1.1173000000000001e-05,24.422111232,21.02110535936
1.1174e-05,24.422111232,21.02110535936
1.1175e-05,24.422111232,21.02110535936
1.1176000000000001e-05,24.422111232,21.02110535936
1.1177e-05,24.02010112,21.02110535936
1.1178e-05,24.02010112,21.02110535936
1.1179000000000001e-05,24.02010112,21.02110535936
1.1180000000000001e-05,23.618091008,21.02110535936
1.1181e-05,23.618091008,21.02110535936
1.1182e-05,23.618091008,21.02110535936
1.1183000000000001e-05,23.618091008,21.02110535936
1.1184e-05,23.216080896,21.02110535936
1.1185e-05,23.216080896,21.02110535936
1.1186000000000001e-05,23.216080896,21.02110535936
1.1187000000000001e-05,23.216080896,21.02110535936
1.1188e-05,23.216080896,21.02110535936
1.1189e-05,23.216080896,21.02110535936
1.1190000000000001e-05,23.216080896,21.02110535936
1.1191e-05,23.216080896,21.02110535936
1.1192e-05,22.814070784,21.02110535936
1.1193000000000001e-05,22.814070784,21.02110535936
1.1194e-05,22.814070784,21.02110535936
1.1195e-05,22.814070784,21.02110535936
1.1196000000000001e-05,22.412060672,21.02110535936
1.1197000000000001e-05,22.412060672,21.02110535936
1.1198e-05,22.412060672,21.02110535936
1.1199e-05,22.01005056,21.02110535936
1.1200000000000001e-05,22.01005056,21.02110535936
1.1201e-05,22.01005056,21.02110535936
1.1202e-05,21.608040448,21.02110535936
1.1203000000000001e-05,21.608040448,21.02110535936
1.1204000000000001e-05,21.206030336,21.02110535936
1.1205e-05,21.206030336,21.02110535936
1.1206e-05,21.206030336,21.02110535936
1.1207000000000001e-05,21.206030336,21.02110535936
1.1208e-05,21.206030336,21.02110535936
1.1209e-05,20.804020224,21.02110535936
1.1210000000000001e-05,20.804020224,21.02110535936
1.1211e-05,20.804020224,21.02110535936
1.1212e-05,20.804020224,21.02110535936
1.1213000000000001e-05,20.402010112,21.02110535936
1.1214000000000001e-05,20.402010112,21.02110535936
1.1215e-05,20.0,21.02110535936
1.1216e-05,20.0,21.02110535936
1.1217000000000001e-05,19.597989888,21.02110535936
1.1218e-05,19.597989888,21.02110535936
1.1219e-05,19.597989888,21.02110535936
1.1220000000000001e-05,19.195979776,21.02110535936
1.1221000000000001e-05,19.195979776,21.02110535936
1.1222e-05,18.793969664,21.02110535936
1.1223e-05,18.793969664,21.02110535936
1.1224000000000001e-05,18.793969664,21.02110535936
1.1225e-05,18.391959552,21.02110535936
1.1226e-05,18.391959552,21.02110535936
1.1227000000000001e-05,18.391959552,21.02110535936
1.1228e-05,17.98994944,21.02110535936
1.1229e-05,17.98994944,21.02110535936
1.1230000000000001e-05,17.98994944,21.02110535936
1.1231000000000001e-05,17.98994944,21.02110535936
1.1232e-05,17.98994944,21.02110535936
1.1233e-05,17.98994944,21.02110535936
1.1234000000000001e-05,17.587939328,21.02110535936
1.1235e-05,17.587939328,21.02110535936
1.1236e-05,17.185929216,21.02110535936
1.1237000000000001e-05,16.783919104,21.02110535936
1.1238000000000002e-05,16.783919104,21.02110535936
1.1239e-05,16.381908992,21.02110535936
1.124e-05,16.381908992,21.02110535936
1.1241000000000001e-05,16.381908992,21.02110535936
1.1242e-05,16.381908992,21.02110535936
1.1243e-05,15.97989888,21.02110535936
1.1244000000000001e-05,15.97989888,21.02110535936
1.1245e-05,15.97989888,21.02110535936
1.1246e-05,15.97989888,21.02110535936
1.1247000000000001e-05,15.577888768000001,21.02110535936
1.1248000000000001e-05,15.577888768000001,21.02110535936
1.1249e-05,15.577888768000001,21.02110535936
1.125e-05,15.175878656,21.02110535936
1.1251000000000001e-05,15.175878656,21.02110535936
1.1252e-05,15.175878656,21.02110535936
1.1253e-05,14.773868543999999,21.02110535936
1.1254000000000001e-05,14.773868543999999,21.02110535936
1.1255000000000002e-05,14.773868543999999,21.02110535936
1.1256e-05,14.371858432,21.02110535936
1.1257e-05,14.371858432,21.02110535936
1.1258000000000001e-05,14.371858432,21.02110535936
1.1259e-05,13.96984832,21.02110535936
1.126e-05,13.96984832,21.02110535936
1.1261000000000001e-05,13.567838208000001,21.02110535936
1.1262e-05,13.567838208000001,21.02110535936
1.1263e-05,13.567838208000001,21.02110535936
1.1264000000000001e-05,13.567838208000001,21.02110535936
1.1265000000000001e-05,13.165828096,21.02110535936
1.1266e-05,13.165828096,21.02110535936
1.1267e-05,13.165828096,21.02110535936
1.1268000000000001e-05,13.165828096,21.02110535936
1.1269e-05,13.165828096,21.02110535936
1.127e-05,13.165828096,21.02110535936
1.1271000000000001e-05,13.165828096,21.02110535936
1.1272000000000002e-05,12.763817984,21.02110535936
1.1273e-05,12.763817984,21.02110535936
1.1274e-05,12.361807872,21.02110535936
1.1275000000000001e-05,12.361807872,21.02110535936
1.1276e-05,12.361807872,21.02110535936
1.1277e-05,12.361807872,21.02110535936
1.1278000000000001e-05,12.361807872,21.02110535936
1.1279e-05,12.361807872,21.02110535936
1.128e-05,12.361807872,21.02110535936
1.1281000000000001e-05,12.763817984,21.02110535936
1.1282000000000001e-05,12.763817984,21.02110535936
1.1283e-05,12.763817984,21.02110535936
1.1284e-05,12.763817984,21.02110535936
1.1285000000000001e-05,12.361807872,21.02110535936
1.1286e-05,12.361807872,21.02110535936
1.1287e-05,12.361807872,21.02110535936
1.1288000000000001e-05,12.361807872,21.02110535936
1.1289000000000002e-05,11.95979776,21.02110535936
1.129e-05,11.95979776,21.02110535936
1.1291e-05,11.95979776,21.02110535936
1.1292000000000001e-05,11.95979776,21.02110535936
1.1293e-05,11.95979776,21.02110535936
1.1294e-05,11.95979776,21.02110535936
1.1295000000000001e-05,12.361807872,21.02110535936
1.1296e-05,12.361807872,21.02110535936
1.1297e-05,12.361807872,21.02110535936
1.1298000000000001e-05,12.361807872,21.02110535936
1.1299000000000001e-05,12.361807872,21.02110535936
1.13e-05,12.361807872,21.02110535936
1.1301e-05,12.361807872,21.02110535936
1.1302000000000001e-05,12.361807872,21.02110535936
1.1303e-05,12.361807872,21.02110535936
1.1304e-05,12.361807872,21.02110535936
1.1305000000000001e-05,12.763817984,21.02110535936
1.1306000000000002e-05,12.763817984,21.02110535936
1.1307e-05,12.763817984,21.02110535936
1.1308e-05,12.763817984,21.02110535936
1.1309000000000001e-05,12.763817984,21.02110535936
1.131e-05,12.763817984,21.02110535936
1.1311e-05,12.763817984,21.02110535936
1.1312000000000001e-05,12.763817984,21.02110535936
1.1313e-05,13.165828096,21.02110535936
1.1314e-05,13.165828096,21.02110535936
1.1315000000000001e-05,13.165828096,21.02110535936
1.1316000000000001e-05,13.165828096,21.02110535936
1.1317e-05,13.165828096,21.02110535936
1.1318e-05,13.567838208000001,21.02110535936
1.1319000000000001e-05,13.567838208000001,21.02110535936
1.132e-05,13.567838208000001,21.02110535936
1.1321e-05,13.567838208000001,21.02110535936
1.1322000000000001e-05,13.96984832,21.02110535936
1.1323000000000002e-05,13.96984832,21.02110535936
1.1324e-05,13.96984832,21.02110535936
1.1325e-05,13.96984832,21.02110535936
1.1326000000000001e-05,13.96984832,21.02110535936
1.1327e-05,13.96984832,21.02110535936
1.1328e-05,13.96984832,21.02110535936
1.1329000000000001e-05,14.371858432,21.02110535936
1.133e-05,14.371858432,21.02110535936
1.1331e-05,14.773868543999999,21.02110535936
1.1332000000000001e-05,14.773868543999999,21.02110535936
1.1333000000000001e-05,15.175878656,21.02110535936
1.1334e-05,15.175878656,21.02110535936
1.1335e-05,15.577888768000001,21.02110535936
1.1336000000000001e-05,15.577888768000001,21.02110535936
1.1337e-05,15.577888768000001,21.02110535936
1.1338e-05,15.577888768000001,21.02110535936
1.1339000000000001e-05,15.97989888,21.02110535936
1.1340000000000002e-05,15.97989888,21.02110535936
1.1341e-05,16.381908992,21.02110535936
1.1342e-05,16.381908992,21.02110535936
1.1343000000000001e-05,16.381908992,21.02110535936
1.1344e-05,16.381908992,21.02110535936
1.1345e-05,16.783919104,21.02110535936
1.1346000000000001e-05,16.783919104,21.02110535936
1.1347e-05,16.783919104,21.02110535936
1.1348e-05,16.783919104,21.02110535936
1.1349000000000001e-05,17.185929216,21.02110535936
1.1350000000000001e-05,17.587939328,21.02110535936
1.1351e-05,17.587939328,21.02110535936
1.1352e-05,17.587939328,21.02110535936
1.1353000000000001e-05,17.98994944,21.02110535936
1.1354e-05,17.98994944,21.02110535936
1.1355e-05,17.98994944,21.02110535936
1.1356000000000001e-05,17.98994944,21.02110535936
1.1357000000000002e-05,17.98994944,21.02110535936
1.1358e-05,18.391959552,21.02110535936
1.1359000000000001e-05,18.391959552,21.02110535936
1.1360000000000001e-05,18.391959552,21.02110535936
1.1361e-05,18.793969664,21.02110535936
1.1362e-05,18.793969664,21.02110535936
1.1363000000000001e-05,18.793969664,21.02110535936
1.1364e-05,19.195979776,21.02110535936
1.1365e-05,19.195979776,21.02110535936
1.1366000000000001e-05,19.195979776,21.02110535936
1.1367000000000001e-05,19.597989888,21.02110535936
1.1368e-05,19.597989888,21.02110535936
1.1369e-05,20.0,21.02110535936
1.1370000000000001e-05,20.0,21.02110535936
1.1371e-05,20.0,21.02110535936
1.1372e-05,20.0,21.02110535936
1.1373000000000001e-05,20.402010112,21.02110535936
1.1374000000000002e-05,20.402010112,21.02110535936
1.1375e-05,20.402010112,21.02110535936
1.1376000000000001e-05,20.804020224,21.02110535936
1.1377000000000001e-05,20.804020224,21.02110535936
1.1378e-05,20.804020224,21.02110535936
1.1379e-05,20.804020224,21.02110535936
1.1380000000000001e-05,21.206030336,21.02110535936
1.1381e-05,21.206030336,21.02110535936
1.1382e-05,21.206030336,21.02110535936
1.1383000000000001e-05,21.206030336,21.02110535936
1.1384000000000001e-05,21.206030336,21.02110535936
1.1385e-05,21.608040448,21.02110535936
1.1386e-05,21.608040448,21.02110535936
1.1387000000000001e-05,21.608040448,21.02110535936
1.1388e-05,22.01005056,21.02110535936
1.1389e-05,22.01005056,21.02110535936
1.1390000000000001e-05,22.412060672,21.02110535936
1.1391e-05,22.412060672,21.02110535936
1.1392e-05,22.412060672,21.02110535936
1.1393000000000001e-05,22.412060672,21.02110535936
1.1394000000000001e-05,22.814070784,21.02110535936
1.1395e-05,22.814070784,21.02110535936
1.1396e-05,22.814070784,21.02110535936
1.1397000000000001e-05,22.814070784,21.02110535936
1.1398e-05,22.814070784,21.02110535936
1.1399e-05,23.216080896,21.02110535936
1.1400000000000001e-05,23.216080896,21.02110535936
1.1401000000000001e-05,23.216080896,21.02110535936
1.1402e-05,23.618091008,21.02110535936
1.1403e-05,23.618091008,21.02110535936
1.1404000000000001e-05,23.618091008,21.02110535936
1.1405e-05,23.618091008,21.02110535936
1.1406e-05,24.02010112,21.02110535936
1.1407000000000001e-05,24.02010112,21.02110535936
1.1408e-05,24.422111232,21.02110535936
1.1409e-05,24.422111232,21.02110535936
1.1410000000000001e-05,24.422111232,21.02110535936
1.1411000000000001e-05,24.422111232,21.02110535936
1.1412e-05,24.422111232,21.02110535936
1.1413e-05,24.02010112,21.02110535936
1.1414000000000001e-05,24.02010112,21.02110535936
1.1415e-05,24.02010112,21.02110535936
1.1416e-05,24.02010112,21.02110535936
1.1417000000000001e-05,24.02010112,21.02110535936
1.1418000000000001e-05,24.422111232,21.02110535936
1.1419e-05,24.422111232,21.02110535936
1.142e-05,24.422111232,21.02110535936
1.1421000000000001e-05,24.422111232,21.02110535936
1.1422e-05,24.422111232,21.02110535936
1.1423e-05,24.422111232,21.02110535936
1.1424000000000001e-05,24.422111232,21.02110535936
1.1425e-05,24.824121343999998,21.02110535936
1.1426e-05,24.824121343999998,21.02110535936
1.1427000000000001e-05,24.824121343999998,21.02110535936
1.1428000000000001e-05,24.824121343999998,21.02110535936
1.1429e-05,24.824121343999998,21.02110535936
1.143e-05,24.824121343999998,21.02110535936
1.1431000000000001e-05,24.824121343999998,21.02110535936
1.1432e-05,24.824121343999998,21.02110535936
1.1433e-05,25.226131456,21.02110535936
1.1434000000000001e-05,25.226131456,21.02110535936
1.1435000000000001e-05,25.226131456,21.02110535936
1.1436e-05,24.824121343999998,21.02110535936
1.1437e-05,24.824121343999998,21.02110535936
1.1438000000000001e-05,24.824121343999998,21.02110535936
1.1439e-05,24.824121343999998,21.02110535936
1.144e-05,24.824121343999998,21.02110535936
1.1441000000000001e-05,24.824121343999998,21.02110535936
1.1442e-05,24.824121343999998,21.02110535936
1.1443e-05,25.226131456,21.02110535936
1.1444000000000001e-05,25.226131456,21.02110535936
1.1445000000000001e-05,25.226131456,21.02110535936
1.1446e-05,25.226131456,21.02110535936
1.1447e-05,25.628141568,21.02110535936
1.1448000000000001e-05,25.628141568,21.02110535936
1.1449e-05,25.226131456,21.02110535936
1.145e-05,25.226131456,21.02110535936
1.1451000000000001e-05,25.226131456,21.02110535936
1.1452000000000001e-05,25.226131456,21.02110535936
1.1453e-05,25.226131456,21.02110535936
1.1454e-05,25.226131456,21.02110535936
1.1455000000000001e-05,25.226131456,21.02110535936
1.1456e-05,25.226131456,21.02110535936
1.1457e-05,25.226131456,21.02110535936
1.1458000000000001e-05,25.226131456,21.02110535936
1.1459e-05,25.226131456,21.02110535936
1.146e-05,25.226131456,21.02110535936
1.1461000000000001e-05,25.226131456,21.02110535936
1.1462000000000001e-05,25.226131456,21.02110535936
1.1463e-05,25.226131456,21.02110535936
1.1464e-05,25.226131456,21.02110535936
1.1465000000000001e-05,25.226131456,21.02110535936
1.1466e-05,25.226131456,21.02110535936
1.1467e-05,25.226131456,21.02110535936
1.1468000000000001e-05,25.226131456,21.02110535936
1.1469000000000001e-05,25.226131456,21.02110535936
1.147e-05,25.226131456,21.02110535936
1.1471e-05,25.226131456,21.02110535936
1.1472000000000001e-05,25.226131456,21.02110535936
1.1473e-05,25.226131456,21.02110535936
1.1474e-05,25.226131456,21.02110535936
1.1475000000000001e-05,24.824121343999998,21.02110535936
1.1476e-05,24.824121343999998,21.02110535936
1.1477e-05,24.824121343999998,21.02110535936
1.1478000000000001e-05,24.824121343999998,21.02110535936
1.1479000000000001e-05,24.824121343999998,21.02110535936
1.148e-05,24.824121343999998,21.02110535936
1.1481e-05,24.824121343999998,21.02110535936
1.1482000000000001e-05,24.824121343999998,21.02110535936
1.1483e-05,24.824121343999998,21.02110535936
1.1484e-05,24.824121343999998,21.02110535936
1.1485000000000001e-05,24.824121343999998,21.02110535936
1.1486000000000001e-05,24.824121343999998,21.02110535936
1.1487e-05,24.824121343999998,21.02110535936
1.1488e-05,24.824121343999998,21.02110535936
1.1489000000000001e-05,24.824121343999998,21.02110535936
1.149e-05,24.824121343999998,21.02110535936
1.1491e-05,24.824121343999998,21.02110535936
1.1492000000000001e-05,24.824121343999998,21.02110535936
1.1493e-05,24.824121343999998,21.02110535936
1.1494e-05,24.824121343999998,21.02110535936
1.1495000000000001e-05,24.824121343999998,21.02110535936
1.1496000000000001e-05,24.422111232,21.02110535936
1.1497e-05,24.824121343999998,21.02110535936
1.1498e-05,24.824121343999998,21.02110535936
1.1499000000000001e-05,24.824121343999998,21.02110535936
1.15e-05,24.824121343999998,21.02110535936
1.1501e-05,24.824121343999998,21.02110535936
1.1502000000000001e-05,24.824121343999998,21.02110535936
1.1503000000000002e-05,24.824121343999998,21.02110535936
1.1504e-05,24.422111232,21.02110535936
1.1505e-05,24.422111232,21.02110535936
1.1506000000000001e-05,24.422111232,21.02110535936
1.1507e-05,24.02010112,21.02110535936
1.1508e-05,24.02010112,21.02110535936
1.1509000000000001e-05,23.618091008,21.02110535936
1.151e-05,23.618091008,21.02110535936
1.1511e-05,23.618091008,21.02110535936
1.1512000000000001e-05,23.618091008,21.02110535936
1.1513000000000001e-05,23.618091008,21.02110535936
1.1514e-05,23.618091008,21.02110535936
1.1515e-05,23.618091008,21.02110535936
1.1516000000000001e-05,23.618091008,21.02110535936
1.1517e-05,23.216080896,21.02110535936
1.1518e-05,23.216080896,21.02110535936
1.1519000000000001e-05,23.216080896,21.02110535936
1.1520000000000002e-05,23.216080896,21.02110535936
1.1521e-05,23.216080896,21.02110535936
1.1522e-05,23.216080896,21.02110535936
1.1523000000000001e-05,23.216080896,21.02110535936
1.1524e-05,22.814070784,21.02110535936
1.1525e-05,22.814070784,21.02110535936
1.1526000000000001e-05,22.814070784,21.02110535936
1.1527e-05,22.412060672,21.02110535936
1.1528e-05,22.412060672,21.02110535936
1.1529000000000001e-05,22.412060672,21.02110535936
1.1530000000000001e-05,22.412060672,21.02110535936
1.1531e-05,22.01005056,21.02110535936
1.1532e-05,22.01005056,21.02110535936
1.1533000000000001e-05,22.01005056,21.02110535936
1.1534e-05,21.608040448,21.02110535936
1.1535e-05,21.608040448,21.02110535936
1.1536000000000001e-05,21.608040448,21.02110535936
1.1537000000000002e-05,21.608040448,21.02110535936
1.1538e-05,21.206030336,21.02110535936
1.1539e-05,21.206030336,21.02110535936
1.1540000000000001e-05,21.206030336,21.02110535936
1.1541e-05,20.804020224,21.02110535936
1.1542e-05,20.804020224,21.02110535936
1.1543000000000001e-05,20.804020224,21.02110535936
1.1544e-05,20.804020224,21.02110535936
1.1545e-05,20.804020224,21.02110535936
1.1546000000000001e-05,20.804020224,21.02110535936
1.1547000000000001e-05,20.402010112,21.02110535936
1.1548e-05,20.402010112,21.02110535936
1.1549e-05,20.402010112,21.02110535936
1.1550000000000001e-05,20.402010112,21.02110535936
1.1551e-05,20.402010112,21.02110535936
1.1552e-05,20.0,21.02110535936
1.1553000000000001e-05,20.0,21.02110535936
1.1554000000000002e-05,19.597989888,21.02110535936
1.1555e-05,19.597989888,21.02110535936
1.1556e-05,19.597989888,21.02110535936
1.1557000000000001e-05,19.195979776,21.02110535936
1.1558e-05,19.195979776,21.02110535936
1.1559e-05,19.195979776,21.02110535936
1.1560000000000001e-05,18.793969664,21.02110535936
1.1561e-05,18.793969664,21.02110535936
1.1562e-05,18.793969664,21.02110535936
1.1563000000000001e-05,18.793969664,21.02110535936
1.1564000000000001e-05,18.391959552,21.02110535936
1.1565e-05,18.391959552,21.02110535936
1.1566e-05,18.391959552,21.02110535936
1.1567000000000001e-05,18.391959552,21.02110535936
1.1568e-05,18.391959552,21.02110535936
1.1569e-05,17.98994944,21.02110535936
1.1570000000000001e-05,17.98994944,21.02110535936
1.1571000000000002e-05,17.98994944,21.02110535936
1.1572e-05,17.587939328,21.02110535936
1.1573e-05,17.587939328,21.02110535936
1.1574000000000001e-05,17.587939328,21.02110535936
1.1575e-05,17.185929216,21.02110535936
1.1576e-05,17.185929216,21.02110535936
1.1577000000000001e-05,17.185929216,21.02110535936
1.1578e-05,17.185929216,21.02110535936
1.1579e-05,17.185929216,21.02110535936
1.1580000000000001e-05,17.185929216,21.02110535936
1.1581000000000001e-05,17.185929216,21.02110535936
1.1582e-05,17.185929216,21.02110535936
1.1583e-05,17.185929216,21.02110535936
1.1584000000000001e-05,16.783919104,21.02110535936
1.1585e-05,16.783919104,21.02110535936
1.1586e-05,16.783919104,21.02110535936
1.1587000000000001e-05,16.783919104,21.02110535936
1.1588000000000002e-05,16.381908992,21.02110535936
1.1589e-05,16.381908992,21.02110535936
1.159e-05,16.381908992,21.02110535936
1.1591000000000001e-05,16.381908992,21.02110535936
1.1592e-05,15.97989888,21.02110535936
1.1593e-05,15.97989888,21.02110535936
1.1594000000000001e-05,15.97989888,21.02110535936
1.1595e-05,15.97989888,21.02110535936
1.1596e-05,15.97989888,21.02110535936
1.1597000000000001e-05,15.97989888,21.02110535936
1.1598000000000001e-05,15.577888768000001,21.02110535936
1.1599e-05,15.577888768000001,21.02110535936
1.16e-05,15.577888768000001,21.02110535936
1.1601000000000001e-05,15.577888768000001,21.02110535936
1.1602e-05,15.577888768000001,21.02110535936
1.1603e-05,15.577888768000001,21.02110535936
1.1604000000000001e-05,15.577888768000001,21.02110535936
1.1605000000000002e-05,15.577888768000001,21.02110535936
1.1606e-05,15.577888768000001,21.02110535936
1.1607000000000001e-05,15.577888768000001,21.02110535936
1.1608000000000001e-05,15.577888768000001,21.02110535936
1.1609e-05,15.577888768000001,21.02110535936
1.161e-05,15.577888768000001,21.02110535936
1.1611000000000001e-05,15.577888768000001,21.02110535936
1.1612e-05,15.577888768000001,21.02110535936
1.1613e-05,15.577888768000001,21.02110535936
1.1614000000000001e-05,15.577888768000001,21.02110535936
1.1615000000000001e-05,15.577888768000001,21.02110535936
1.1616e-05,15.175878656,21.02110535936
1.1617e-05,15.577888768000001,21.02110535936
1.1618000000000001e-05,15.577888768000001,21.02110535936
1.1619e-05,15.577888768000001,21.02110535936
1.162e-05,15.577888768000001,21.02110535936
1.1621000000000001e-05,15.577888768000001,21.02110535936
1.1622000000000002e-05,15.577888768000001,21.02110535936
1.1623e-05,15.577888768000001,21.02110535936
1.1624000000000001e-05,15.175878656,21.02110535936
1.1625000000000001e-05,15.175878656,21.02110535936
1.1626e-05,15.175878656,21.02110535936
1.1627e-05,15.175878656,21.02110535936
1.1628000000000001e-05,15.175878656,21.02110535936
1.1629e-05,15.577888768000001,21.02110535936
1.163e-05,15.577888768000001,21.02110535936
1.1631000000000001e-05,15.577888768000001,21.02110535936
1.1632000000000001e-05,15.577888768000001,21.02110535936
1.1633e-05,15.577888768000001,21.02110535936
1.1634e-05,15.577888768000001,21.02110535936
1.1635000000000001e-05,15.577888768000001,21.02110535936
1.1636e-05,15.577888768000001,21.02110535936
1.1637e-05,15.577888768000001,21.02110535936
1.1638000000000001e-05,15.577888768000001,21.02110535936
1.1639000000000002e-05,15.577888768000001,21.02110535936
1.164e-05,15.577888768000001,21.02110535936
1.1641000000000001e-05,15.577888768000001,21.02110535936
1.1642000000000001e-05,15.577888768000001,21.02110535936
1.1643e-05,15.577888768000001,21.02110535936
1.1644e-05,15.97989888,21.02110535936
1.1645000000000001e-05,15.97989888,21.02110535936
1.1646e-05,15.97989888,21.02110535936
1.1647e-05,16.381908992,21.02110535936
1.1648000000000001e-05,16.381908992,21.02110535936
1.1649000000000001e-05,16.381908992,21.02110535936
1.165e-05,16.783919104,21.02110535936
1.1651e-05,16.783919104,21.02110535936
1.1652000000000001e-05,16.783919104,21.02110535936
1.1653e-05,16.783919104,21.02110535936
1.1654e-05,16.783919104,21.02110535936
1.1655000000000001e-05,16.783919104,21.02110535936
1.1656000000000002e-05,16.783919104,21.02110535936
1.1657e-05,17.185929216,21.02110535936
1.1658000000000001e-05,17.185929216,21.02110535936
1.1659000000000001e-05,17.185929216,21.02110535936
1.166e-05,17.185929216,21.02110535936
1.1661e-05,17.185929216,21.02110535936
1.1662000000000001e-05,17.185929216,21.02110535936
1.1663e-05,17.185929216,21.02110535936
1.1664e-05,17.185929216,21.02110535936
1.1665000000000001e-05,17.185929216,21.02110535936
1.1666000000000001e-05,17.185929216,21.02110535936
1.1667e-05,17.185929216,21.02110535936
1.1668e-05,17.587939328,21.02110535936
1.1669000000000001e-05,17.587939328,21.02110535936
1.167e-05,17.98994944,21.02110535936
1.1671e-05,18.391959552,21.02110535936
1.1672000000000001e-05,18.391959552,21.02110535936
1.1673000000000002e-05,18.793969664,21.02110535936
1.1674e-05,18.793969664,21.02110535936
1.1675000000000001e-05,18.793969664,21.02110535936
1.1676000000000001e-05,18.793969664,21.02110535936
1.1677e-05,18.793969664,21.02110535936
1.1678e-05,18.793969664,21.02110535936
1.1679000000000001e-05,18.793969664,21.02110535936
1.168e-05,18.793969664,21.02110535936
1.1681e-05,18.793969664,21.02110535936
1.1682000000000001e-05,18.793969664,21.02110535936
1.1683000000000001e-05,19.195979776,21.02110535936
1.1684e-05,19.195979776,21.02110535936
1.1685e-05,19.195979776,21.02110535936
1.1686000000000001e-05,19.597989888,21.02110535936
1.1687e-05,19.597989888,21.02110535936
1.1688e-05,20.0,21.02110535936
1.1689000000000001e-05,20.0,21.02110535936
1.169e-05,20.0,21.02110535936
1.1691e-05,20.0,21.02110535936
1.1692000000000001e-05,20.0,21.02110535936
1.1693000000000001e-05,20.402010112,21.02110535936
1.1694e-05,20.402010112,21.02110535936
1.1695e-05,20.402010112,21.02110535936
1.1696000000000001e-05,20.402010112,21.02110535936
1.1697e-05,20.804020224,21.02110535936
1.1698e-05,20.804020224,21.02110535936
1.1699000000000001e-05,20.804020224,21.02110535936
1.1700000000000001e-05,20.804020224,21.02110535936
1.1701e-05,20.804020224,21.02110535936
1.1702e-05,21.206030336,21.02110535936
1.1703000000000001e-05,21.206030336,21.02110535936
1.1704e-05,21.206030336,21.02110535936
1.1705e-05,21.206030336,21.02110535936
1.1706000000000001e-05,21.608040448,21.02110535936
1.1707e-05,21.608040448,21.02110535936
1.1708e-05,21.608040448,21.02110535936
1.1709000000000001e-05,21.608040448,21.02110535936
1.1710000000000001e-05,21.608040448,21.02110535936
1.1711e-05,22.01005056,21.02110535936
1.1712e-05,22.01005056,21.02110535936
1.1713000000000001e-05,22.01005056,21.02110535936
1.1714e-05,22.01005056,21.02110535936
1.1715e-05,22.01005056,21.02110535936
1.1716000000000001e-05,22.412060672,21.02110535936
1.1717000000000001e-05,22.412060672,21.02110535936
1.1718e-05,22.412060672,21.02110535936
1.1719e-05,22.814070784,21.02110535936
1.1720000000000001e-05,22.814070784,21.02110535936
1.1721e-05,22.814070784,21.02110535936
1.1722e-05,22.814070784,21.02110535936
1.1723000000000001e-05,22.814070784,21.02110535936
1.1724e-05,23.216080896,21.02110535936
1.1725e-05,23.216080896,21.02110535936
1.1726000000000001e-05,23.216080896,21.02110535936
1.1727000000000001e-05,23.216080896,21.02110535936
1.1728e-05,23.216080896,21.02110535936
1.1729e-05,23.618091008,21.02110535936
1.1730000000000001e-05,23.618091008,21.02110535936
1.1731e-05,23.618091008,21.02110535936
1.1732e-05,23.618091008,21.02110535936
1.1733000000000001e-05,23.618091008,21.02110535936
1.1734000000000001e-05,23.618091008,21.02110535936
1.1735e-05,24.02010112,21.02110535936
1.1736e-05,24.02010112,21.02110535936
1.1737000000000001e-05,24.02010112,21.02110535936
1.1738e-05,24.02010112,21.02110535936
1.1739e-05,24.02010112,21.02110535936
1.1740000000000001e-05,24.02010112,21.02110535936
1.1741e-05,24.02010112,21.02110535936
1.1742e-05,24.02010112,21.02110535936
1.1743000000000001e-05,24.02010112,21.02110535936
1.1744000000000001e-05,24.02010112,21.02110535936
1.1745e-05,24.422111232,21.02110535936
1.1746e-05,24.422111232,21.02110535936
1.1747000000000001e-05,24.422111232,21.02110535936
1.1748e-05,24.422111232,21.02110535936
1.1749e-05,24.422111232,21.02110535936
1.1750000000000001e-05,24.824121343999998,21.02110535936
1.1751000000000002e-05,24.422111232,21.02110535936
1.1752e-05,24.422111232,21.02110535936
1.1753e-05,24.422111232,21.02110535936
1.1754000000000001e-05,24.422111232,21.02110535936
1.1755e-05,24.422111232,21.02110535936
1.1756e-05,24.422111232,21.02110535936
1.1757000000000001e-05,24.422111232,21.02110535936
1.1758e-05,24.422111232,21.02110535936
1.1759e-05,24.422111232,21.02110535936
1.1760000000000001e-05,24.422111232,21.02110535936
1.1761000000000001e-05,24.422111232,21.02110535936
1.1762e-05,24.824121343999998,21.02110535936
1.1763e-05,24.422111232,21.02110535936
1.1764000000000001e-05,24.422111232,21.02110535936
1.1765e-05,24.422111232,21.02110535936
1.1766e-05,24.824121343999998,21.02110535936
1.1767000000000001e-05,24.824121343999998,21.02110535936
1.1768000000000002e-05,24.824121343999998,21.02110535936
1.1769e-05,24.824121343999998,21.02110535936
1.177e-05,24.824121343999998,21.02110535936
1.1771000000000001e-05,25.226131456,21.02110535936
1.1772e-05,25.226131456,21.02110535936
1.1773e-05,25.226131456,21.02110535936
1.1774000000000001e-05,25.628141568,21.02110535936
1.1775e-05,25.628141568,21.02110535936
1.1776e-05,25.628141568,21.02110535936
1.1777000000000001e-05,25.226131456,21.02110535936
1.1778000000000001e-05,25.226131456,21.02110535936
1.1779e-05,25.226131456,21.02110535936
1.178e-05,25.226131456,21.02110535936
1.1781000000000001e-05,25.226131456,21.02110535936
1.1782e-05,25.226131456,21.02110535936
1.1783e-05,25.226131456,21.02110535936
1.1784000000000001e-05,25.226131456,21.02110535936
1.1785000000000002e-05,25.226131456,21.02110535936
1.1786e-05,25.226131456,21.02110535936
1.1787e-05,25.226131456,21.02110535936
1.1788000000000001e-05,24.824121343999998,21.02110535936
1.1789e-05,24.824121343999998,21.02110535936
1.179e-05,24.824121343999998,21.02110535936
1.1791000000000001e-05,25.226131456,21.02110535936
1.1792e-05,25.226131456,21.02110535936
1.1793e-05,25.226131456,21.02110535936
1.1794000000000001e-05,25.226131456,21.02110535936
1.1795000000000001e-05,25.226131456,21.02110535936
1.1796e-05,25.226131456,21.02110535936
1.1797e-05,25.226131456,21.02110535936
1.1798000000000001e-05,25.226131456,21.02110535936
1.1799e-05,25.226131456,21.02110535936
1.18e-05,25.226131456,21.02110535936
1.1801000000000001e-05,25.226131456,21.02110535936
1.1802000000000002e-05,25.226131456,21.02110535936
1.1803e-05,25.226131456,21.02110535936
1.1804e-05,25.226131456,21.02110535936
1.1805000000000001e-05,25.226131456,21.02110535936
1.1806e-05,24.824121343999998,21.02110535936
1.1807e-05,24.824121343999998,21.02110535936
1.1808000000000001e-05,24.824121343999998,21.02110535936
1.1809e-05,24.824121343999998,21.02110535936
1.181e-05,24.824121343999998,21.02110535936
1.1811000000000001e-05,24.824121343999998,21.02110535936
1.1812000000000001e-05,24.824121343999998,21.02110535936
1.1813e-05,24.824121343999998,21.02110535936
1.1814e-05,24.824121343999998,21.02110535936
1.1815000000000001e-05,25.226131456,21.02110535936
1.1816e-05,24.824121343999998,21.02110535936
1.1817e-05,24.824121343999998,21.02110535936
1.1818000000000001e-05,24.824121343999998,21.02110535936
1.1819000000000002e-05,24.824121343999998,21.02110535936
1.182e-05,24.824121343999998,21.02110535936
1.1821e-05,24.824121343999998,21.02110535936
1.1822000000000001e-05,24.824121343999998,21.02110535936
1.1823e-05,24.824121343999998,21.02110535936
1.1824e-05,24.824121343999998,21.02110535936
1.1825000000000001e-05,24.824121343999998,21.02110535936
1.1826e-05,24.824121343999998,21.02110535936
1.1827e-05,24.422111232,21.02110535936
1.1828000000000001e-05,24.422111232,21.02110535936
1.1829000000000001e-05,24.422111232,21.02110535936
1.183e-05,24.422111232,21.02110535936
1.1831e-05,24.422111232,21.02110535936
1.1832000000000001e-05,24.422111232,21.02110535936
1.1833e-05,24.422111232,21.02110535936
1.1834e-05,24.422111232,21.02110535936
1.1835000000000001e-05,24.422111232,21.02110535936
1.1836000000000002e-05,24.422111232,21.02110535936
1.1837e-05,24.422111232,21.02110535936
1.1838e-05,24.422111232,21.02110535936
1.1839000000000001e-05,24.422111232,21.02110535936
1.184e-05,24.422111232,21.02110535936
1.1841e-05,24.422111232,21.02110535936
1.1842000000000001e-05,24.422111232,21.02110535936
1.1843e-05,24.02010112,21.02110535936
1.1844e-05,24.02010112,21.02110535936
1.1845000000000001e-05,24.02010112,21.02110535936
1.1846000000000001e-05,24.02010112,21.02110535936
1.1847e-05,24.02010112,21.02110535936
1.1848e-05,23.618091008,21.02110535936
1.1849000000000001e-05,23.618091008,21.02110535936
1.185e-05,23.618091008,21.02110535936
1.1851e-05,23.618091008,21.02110535936
1.1852000000000001e-05,23.618091008,21.02110535936
1.1853000000000002e-05,23.216080896,21.02110535936
1.1854e-05,23.216080896,21.02110535936
1.1855e-05,23.216080896,21.02110535936
1.1856000000000001e-05,23.216080896,21.02110535936
1.1857e-05,23.216080896,21.02110535936
1.1858e-05,23.216080896,21.02110535936
1.1859000000000001e-05,23.216080896,21.02110535936
1.186e-05,23.216080896,21.02110535936
1.1861e-05,23.216080896,21.02110535936
1.1862000000000001e-05,23.216080896,21.02110535936
1.1863000000000001e-05,23.216080896,21.02110535936
1.1864e-05,22.814070784,21.02110535936
1.1865e-05,22.814070784,21.02110535936
1.1866000000000001e-05,22.814070784,21.02110535936
1.1867e-05,22.412060672,21.02110535936
1.1868e-05,22.412060672,21.02110535936
1.1869000000000001e-05,22.412060672,21.02110535936
1.1870000000000002e-05,22.412060672,21.02110535936
1.1871e-05,22.01005056,21.02110535936
1.1872000000000001e-05,22.01005056,21.02110535936
1.1873000000000001e-05,22.01005056,21.02110535936
1.1874e-05,22.01005056,21.02110535936
1.1875e-05,21.608040448,21.02110535936
1.1876000000000001e-05,21.608040448,21.02110535936
1.1877e-05,21.608040448,21.02110535936
1.1878e-05,21.608040448,21.02110535936
1.1879000000000001e-05,21.206030336,21.02110535936
1.1880000000000001e-05,21.206030336,21.02110535936
1.1881e-05,21.206030336,21.02110535936
1.1882e-05,21.206030336,21.02110535936
1.1883000000000001e-05,20.804020224,21.02110535936
1.1884e-05,20.804020224,21.02110535936
1.1885e-05,20.804020224,21.02110535936
1.1886000000000001e-05,20.804020224,21.02110535936
1.1887000000000002e-05,20.804020224,21.02110535936
1.1888e-05,20.804020224,21.02110535936
1.1889000000000001e-05,20.804020224,21.02110535936
1.1890000000000001e-05,20.402010112,21.02110535936
1.1891e-05,20.402010112,21.02110535936
1.1892e-05,20.402010112,21.02110535936
1.1893000000000001e-05,20.402010112,21.02110535936
1.1894e-05,20.402010112,21.02110535936
1.1895e-05,20.402010112,21.02110535936
1.1896000000000001e-05,20.402010112,21.02110535936
1.1897000000000001e-05,20.402010112,21.02110535936
1.1898e-05,20.402010112,21.02110535936
1.1899e-05,20.0,21.02110535936
1.1900000000000001e-05,20.0,21.02110535936
1.1901e-05,20.0,21.02110535936
1.1902e-05,19.597989888,21.02110535936
1.1903000000000001e-05,19.597989888,21.02110535936
1.1904000000000002e-05,19.597989888,21.02110535936
1.1905e-05,19.195979776,21.02110535936
1.1906000000000001e-05,19.195979776,21.02110535936
1.1907000000000001e-05,19.195979776,21.02110535936
1.1908e-05,19.195979776,21.02110535936
1.1909e-05,19.195979776,21.02110535936
1.1910000000000001e-05,19.195979776,21.02110535936
1.1911e-05,19.195979776,21.02110535936
1.1912e-05,19.195979776,21.02110535936
1.1913000000000001e-05,19.195979776,21.02110535936
1.1914000000000001e-05,19.195979776,21.02110535936
1.1915e-05,19.195979776,21.02110535936
1.1916e-05,19.195979776,21.02110535936
1.1917000000000001e-05,18.793969664,21.02110535936
1.1918e-05,18.793969664,21.02110535936
1.1919e-05,18.793969664,21.02110535936
1.1920000000000001e-05,18.793969664,21.02110535936
1.1921000000000002e-05,18.793969664,21.02110535936
1.1922e-05,18.391959552,21.02110535936
1.1923000000000001e-05,18.391959552,21.02110535936
1.1924000000000001e-05,17.98994944,21.02110535936
1.1925e-05,17.98994944,21.02110535936
1.1926e-05,17.98994944,21.02110535936
1.1927000000000001e-05,17.98994944,21.02110535936
1.1928e-05,17.98994944,21.02110535936
1.1929e-05,17.98994944,21.02110535936
1.1930000000000001e-05,17.98994944,21.02110535936
1.1931000000000001e-05,17.98994944,21.02110535936
1.1932e-05,17.98994944,21.02110535936
1.1933e-05,17.98994944,21.02110535936
1.1934000000000001e-05,17.98994944,21.02110535936
1.1935e-05,17.98994944,21.02110535936
1.1936e-05,17.98994944,21.02110535936
1.1937000000000001e-05,17.587939328,21.02110535936
1.1938000000000002e-05,17.587939328,21.02110535936
1.1939e-05,17.587939328,21.02110535936
1.1940000000000001e-05,17.185929216,21.02110535936
1.1941000000000001e-05,17.185929216,21.02110535936
1.1942e-05,17.185929216,21.02110535936
1.1943e-05,17.185929216,21.02110535936
1.1944000000000001e-05,17.185929216,21.02110535936
1.1945e-05,17.185929216,21.02110535936
1.1946e-05,17.587939328,21.02110535936
1.1947000000000001e-05,17.587939328,21.02110535936
1.1948000000000001e-05,17.587939328,21.02110535936
1.1949e-05,17.587939328,21.02110535936
1.195e-05,17.587939328,21.02110535936
1.1951000000000001e-05,17.587939328,21.02110535936
1.1952e-05,17.587939328,21.02110535936
1.1953e-05,17.587939328,21.02110535936
1.1954000000000001e-05,17.185929216,21.02110535936
1.1955000000000002e-05,17.185929216,21.02110535936
1.1956e-05,17.185929216,21.02110535936
1.1957000000000001e-05,16.783919104,21.02110535936
1.1958000000000001e-05,16.783919104,21.02110535936
1.1959e-05,16.783919104,21.02110535936
1.196e-05,17.185929216,21.02110535936
1.1961000000000001e-05,17.185929216,21.02110535936
1.1962e-05,17.185929216,21.02110535936
1.1963e-05,17.185929216,21.02110535936
1.1964000000000001e-05,17.185929216,21.02110535936
1.1965000000000001e-05,17.185929216,21.02110535936
1.1966e-05,17.185929216,21.02110535936
1.1967e-05,17.185929216,21.02110535936
1.1968000000000001e-05,17.185929216,21.02110535936
1.1969e-05,17.185929216,21.02110535936
1.197e-05,17.185929216,21.02110535936
1.1971000000000001e-05,17.185929216,21.02110535936
1.1972000000000002e-05,17.185929216,21.02110535936
1.1973e-05,17.185929216,21.02110535936
1.1974000000000001e-05,17.587939328,21.02110535936
1.1975000000000001e-05,17.587939328,21.02110535936
1.1976e-05,17.587939328,21.02110535936
1.1977e-05,17.587939328,21.02110535936
1.1978000000000001e-05,17.587939328,21.02110535936
1.1979e-05,17.587939328,21.02110535936
1.198e-05,17.587939328,21.02110535936
1.1981000000000001e-05,17.185929216,21.02110535936
1.1982000000000001e-05,17.587939328,21.02110535936
1.1983e-05,17.587939328,21.02110535936
1.1984e-05,17.587939328,21.02110535936
1.1985000000000001e-05,17.587939328,21.02110535936
1.1986e-05,17.587939328,21.02110535936
1.1987e-05,17.98994944,21.02110535936
1.1988000000000001e-05,17.98994944,21.02110535936
1.1989e-05,17.98994944,21.02110535936
1.199e-05,17.98994944,21.02110535936
1.1991000000000001e-05,17.98994944,21.02110535936
1.1992000000000001e-05,17.98994944,21.02110535936
1.1993e-05,18.391959552,21.02110535936
1.1994e-05,18.391959552,21.02110535936
1.1995000000000001e-05,18.391959552,21.02110535936
1.1996e-05,18.391959552,21.02110535936
1.1997e-05,18.391959552,21.02110535936
1.1998000000000001e-05,18.391959552,21.02110535936
1.1999000000000001e-05,18.391959552,21.02110535936
1.2e-05,18.391959552,21.02110535936
1.2001e-05,18.391959552,21.02110535936
1.2002000000000001e-05,18.391959552,21.02110535936
1.2003e-05,18.391959552,21.02110535936
1.2004e-05,18.793969664,21.02110535936
1.2005000000000001e-05,18.793969664,21.02110535936
1.2006e-05,18.793969664,21.02110535936
1.2007e-05,19.195979776,21.02110535936
1.2008000000000001e-05,19.195979776,21.02110535936
1.2009000000000001e-05,19.597989888,21.02110535936
1.201e-05,19.597989888,21.02110535936
1.2011e-05,19.597989888,21.02110535936
1.2012000000000001e-05,19.597989888,21.02110535936
1.2013e-05,19.597989888,21.02110535936
1.2014e-05,19.597989888,21.02110535936
1.2015000000000001e-05,20.0,21.02110535936
1.2016000000000002e-05,20.0,21.02110535936
1.2017e-05,20.0,21.02110535936
1.2018e-05,20.0,21.02110535936
1.2019000000000001e-05,20.402010112,21.02110535936
1.202e-05,20.402010112,21.02110535936
1.2021e-05,20.402010112,21.02110535936
1.2022000000000001e-05,20.402010112,21.02110535936
1.2023e-05,20.402010112,21.02110535936
1.2024e-05,20.402010112,21.02110535936
1.2025000000000001e-05,20.402010112,21.02110535936
1.2026000000000001e-05,20.804020224,21.02110535936
1.2027e-05,20.804020224,21.02110535936
1.2028e-05,20.804020224,21.02110535936
1.2029000000000001e-05,20.804020224,21.02110535936
1.203e-05,20.804020224,21.02110535936
1.2031e-05,21.206030336,21.02110535936
1.2032000000000001e-05,21.206030336,21.02110535936
1.2033000000000002e-05,21.206030336,21.02110535936
1.2034e-05,21.206030336,21.02110535936
1.2035e-05,21.608040448,21.02110535936
1.2036000000000001e-05,21.608040448,21.02110535936
1.2037e-05,21.608040448,21.02110535936
1.2038e-05,21.608040448,21.02110535936
1.2039000000000001e-05,22.01005056,21.02110535936
1.204e-05,22.01005056,21.02110535936
1.2041e-05,22.01005056,21.02110535936
1.2042000000000001e-05,22.01005056,21.02110535936
1.2043000000000001e-05,22.01005056,21.02110535936
1.2044e-05,22.01005056,21.02110535936
1.2045e-05,22.01005056,21.02110535936
1.2046000000000001e-05,22.01005056,21.02110535936
1.2047e-05,22.01005056,21.02110535936
1.2048e-05,22.01005056,21.02110535936
1.2049000000000001e-05,22.01005056,21.02110535936
1.2050000000000002e-05,22.412060672,21.02110535936
1.2051e-05,22.412060672,21.02110535936
1.2052e-05,22.814070784,21.02110535936
1.2053000000000001e-05,22.814070784,21.02110535936
1.2054e-05,22.814070784,21.02110535936
1.2055e-05,22.814070784,21.02110535936
1.2056000000000001e-05,22.814070784,21.02110535936
1.2057e-05,22.814070784,21.02110535936
1.2058e-05,23.216080896,21.02110535936
1.2059000000000001e-05,23.216080896,21.02110535936
1.2060000000000001e-05,23.216080896,21.02110535936
1.2061e-05,23.216080896,21.02110535936
1.2062e-05,23.216080896,21.02110535936
1.2063000000000001e-05,23.216080896,21.02110535936
1.2064e-05,23.216080896,21.02110535936
1.2065e-05,23.216080896,21.02110535936
1.2066000000000001e-05,23.216080896,21.02110535936
1.2067000000000002e-05,23.216080896,21.02110535936
1.2068e-05,23.216080896,21.02110535936
1.2069e-05,23.618091008,21.02110535936
1.2070000000000001e-05,23.618091008,21.02110535936
1.2071e-05,23.618091008,21.02110535936
1.2072e-05,23.618091008,21.02110535936
1.2073000000000001e-05,23.618091008,21.02110535936
1.2074e-05,24.02010112,21.02110535936
1.2075e-05,24.02010112,21.02110535936
1.2076000000000001e-05,24.02010112,21.02110535936
1.2077000000000001e-05,24.02010112,21.02110535936
1.2078e-05,24.02010112,21.02110535936
1.2079e-05,24.02010112,21.02110535936
1.2080000000000001e-05,24.02010112,21.02110535936
1.2081e-05,24.02010112,21.02110535936
1.2082e-05,24.02010112,21.02110535936
1.2083000000000001e-05,24.02010112,21.02110535936
1.2084000000000002e-05,24.02010112,21.02110535936
1.2085e-05,24.422111232,21.02110535936
1.2086e-05,24.422111232,21.02110535936
1.2087000000000001e-05,24.422111232,21.02110535936
1.2088e-05,24.422111232,21.02110535936
1.2089e-05,24.422111232,21.02110535936
1.2090000000000001e-05,24.422111232,21.02110535936
1.2091e-05,24.422111232,21.02110535936
1.2092e-05,24.422111232,21.02110535936
1.2093000000000001e-05,24.422111232,21.02110535936
1.2094000000000001e-05,24.422111232,21.02110535936
1.2095e-05,24.422111232,21.02110535936
1.2096e-05,24.422111232,21.02110535936
1.2097000000000001e-05,24.422111232,21.02110535936
1.2098e-05,24.824121343999998,21.02110535936
1.2099e-05,24.824121343999998,21.02110535936
1.2100000000000001e-05,24.824121343999998,21.02110535936
1.2101000000000002e-05,24.824121343999998,21.02110535936
1.2102e-05,24.824121343999998,21.02110535936
1.2103e-05,24.824121343999998,21.02110535936
1.2104000000000001e-05,24.824121343999998,21.02110535936
1.2105e-05,24.824121343999998,21.02110535936
1.2106e-05,24.824121343999998,21.02110535936
1.2107000000000001e-05,24.824121343999998,21.02110535936
1.2108e-05,24.824121343999998,21.02110535936
1.2109e-05,24.824121343999998,21.02110535936
1.2110000000000001e-05,24.824121343999998,21.02110535936
1.2111000000000001e-05,24.824121343999998,21.02110535936
1.2112e-05,24.824121343999998,21.02110535936
1.2113e-05,24.824121343999998,21.02110535936
1.2114000000000001e-05,24.824121343999998,21.02110535936
1.2115e-05,24.824121343999998,21.02110535936
1.2116e-05,24.824121343999998,21.02110535936
1.2117000000000001e-05,24.824121343999998,21.02110535936
1.2118000000000002e-05,24.824121343999998,21.02110535936
1.2119e-05,24.824121343999998,21.02110535936
1.2120000000000001e-05,24.824121343999998,21.02110535936
1.2121000000000001e-05,24.824121343999998,21.02110535936
1.2122e-05,24.824121343999998,21.02110535936
1.2123e-05,24.824121343999998,21.02110535936
1.2124000000000001e-05,24.422111232,21.02110535936
1.2125e-05,24.422111232,21.02110535936
1.2126e-05,24.422111232,21.02110535936
1.2127000000000001e-05,24.422111232,21.02110535936
1.2128000000000001e-05,24.422111232,21.02110535936
1.2129e-05,24.422111232,21.02110535936
1.213e-05,24.422111232,21.02110535936
1.2131000000000001e-05,24.422111232,21.02110535936
1.2132e-05,24.422111232,21.02110535936
1.2133e-05,24.422111232,21.02110535936
1.2134000000000001e-05,24.422111232,21.02110535936
1.2135000000000002e-05,24.824121343999998,21.02110535936
1.2136e-05,24.824121343999998,21.02110535936
1.2137000000000001e-05,24.824121343999998,21.02110535936
1.2138000000000001e-05,24.824121343999998,21.02110535936
1.2139e-05,24.824121343999998,21.02110535936
1.214e-05,24.824121343999998,21.02110535936
1.2141000000000001e-05,24.824121343999998,21.02110535936
1.2142e-05,24.824121343999998,21.02110535936
1.2143e-05,24.824121343999998,21.02110535936
1.2144000000000001e-05,24.422111232,21.02110535936
1.2145000000000001e-05,24.422111232,21.02110535936
1.2146e-05,24.422111232,21.02110535936
1.2147e-05,24.422111232,21.02110535936
1.2148000000000001e-05,24.422111232,21.02110535936
1.2149e-05,24.422111232,21.02110535936
1.215e-05,24.422111232,21.02110535936
1.2151000000000001e-05,24.422111232,21.02110535936
1.2152000000000002e-05,24.422111232,21.02110535936
1.2153e-05,24.422111232,21.02110535936
1.2154000000000001e-05,24.422111232,21.02110535936
1.2155000000000001e-05,24.422111232,21.02110535936
1.2156e-05,24.422111232,21.02110535936
1.2157e-05,24.422111232,21.02110535936
1.2158000000000001e-05,24.422111232,21.02110535936
1.2159e-05,24.422111232,21.02110535936
1.216e-05,24.422111232,21.02110535936
1.2161000000000001e-05,24.422111232,21.02110535936
1.2162000000000001e-05,24.422111232,21.02110535936
1.2163e-05,24.422111232,21.02110535936
1.2164e-05,24.422111232,21.02110535936
1.2165000000000001e-05,24.422111232,21.02110535936
1.2166e-05,24.02010112,21.02110535936
1.2167e-05,24.02010112,21.02110535936
1.2168000000000001e-05,24.02010112,21.02110535936
1.2169000000000002e-05,24.02010112,21.02110535936
1.217e-05,24.02010112,21.02110535936
1.2171000000000001e-05,23.618091008,21.02110535936
1.2172000000000001e-05,23.618091008,21.02110535936
1.2173e-05,23.618091008,21.02110535936
1.2174e-05,24.02010112,21.02110535936
1.2175000000000001e-05,24.02010112,21.02110535936
1.2176e-05,24.02010112,21.02110535936
1.2177e-05,24.02010112,21.02110535936
1.2178000000000001e-05,24.02010112,21.02110535936
1.2179000000000001e-05,24.02010112,21.02110535936
1.218e-05,23.618091008,21.02110535936
1.2181e-05,23.618091008,21.02110535936
1.2182000000000001e-05,23.618091008,21.02110535936
1.2183e-05,23.618091008,21.02110535936
1.2184e-05,23.618091008,21.02110535936
1.2185000000000001e-05,23.618091008,21.02110535936
1.2186000000000002e-05,23.618091008,21.02110535936
1.2187e-05,23.618091008,21.02110535936
1.2188000000000001e-05,23.618091008,21.02110535936
1.2189000000000001e-05,23.618091008,21.02110535936
1.219e-05,23.216080896,21.02110535936
1.2191e-05,23.216080896,21.02110535936
1.2192000000000001e-05,23.216080896,21.02110535936
1.2193e-05,23.216080896,21.02110535936
1.2194e-05,23.216080896,21.02110535936
1.2195000000000001e-05,22.814070784,21.02110535936
1.2196000000000001e-05,22.814070784,21.02110535936
1.2197e-05,22.814070784,21.02110535936
1.2198e-05,22.814070784,21.02110535936
1.2199000000000001e-05,22.814070784,21.02110535936
1.22e-05,22.814070784,21.02110535936
1.2201e-05,22.814070784,21.02110535936
1.2202000000000001e-05,22.814070784,21.02110535936
1.2203000000000002e-05,22.412060672,21.02110535936
1.2204e-05,22.412060672,21.02110535936
1.2205000000000001e-05,22.412060672,21.02110535936
1.2206000000000001e-05,22.01005056,21.02110535936
1.2207e-05,22.01005056,21.02110535936
1.2208e-05,22.01005056,21.02110535936
1.2209000000000001e-05,21.608040448,21.02110535936
1.221e-05,21.608040448,21.02110535936
1.2211e-05,21.608040448,21.02110535936
1.2212000000000001e-05,21.608040448,21.02110535936
1.2213000000000001e-05,21.608040448,21.02110535936
1.2214e-05,21.608040448,21.02110535936
1.2215e-05,21.608040448,21.02110535936
1.2216000000000001e-05,21.608040448,21.02110535936
1.2217e-05,21.608040448,21.02110535936
1.2218e-05,21.608040448,21.02110535936
1.2219000000000001e-05,21.206030336,21.02110535936
1.2220000000000002e-05,21.206030336,21.02110535936
1.2221e-05,21.206030336,21.02110535936
1.2222000000000001e-05,21.206030336,21.02110535936
1.2223000000000001e-05,21.206030336,21.02110535936
1.2224e-05,21.206030336,21.02110535936
1.2225e-05,21.206030336,21.02110535936
1.2226000000000001e-05,21.206030336,21.02110535936
1.2227e-05,21.206030336,21.02110535936
1.2228e-05,21.206030336,21.02110535936
1.2229000000000001e-05,21.206030336,21.02110535936
1.2230000000000001e-05,21.206030336,21.02110535936
1.2231e-05,21.206030336,21.02110535936
1.2232e-05,20.804020224,21.02110535936
1.2233000000000001e-05,20.804020224,21.02110535936
1.2234e-05,20.402010112,21.02110535936
1.2235e-05,20.402010112,21.02110535936
1.2236000000000001e-05,20.402010112,21.02110535936
1.2237000000000002e-05,20.402010112,21.02110535936
1.2238e-05,20.402010112,21.02110535936
1.2239000000000001e-05,20.402010112,21.02110535936
1.2240000000000001e-05,20.402010112,21.02110535936
1.2241e-05,20.402010112,21.02110535936
1.2242e-05,20.402010112,21.02110535936
1.2243000000000001e-05,20.0,21.02110535936
1.2244e-05,20.0,21.02110535936
1.2245e-05,20.0,21.02110535936
1.2246000000000001e-05,20.0,21.02110535936
1.2247000000000001e-05,20.0,21.02110535936
1.2248e-05,19.597989888,21.02110535936
1.2249e-05,19.597989888,21.02110535936
1.2250000000000001e-05,19.597989888,21.02110535936
1.2251e-05,19.597989888,21.02110535936
1.2252e-05,19.597989888,21.02110535936
1.2253000000000001e-05,19.597989888,21.02110535936
1.2254000000000002e-05,19.597989888,21.02110535936
1.2255e-05,19.597989888,21.02110535936
1.2256000000000001e-05,19.195979776,21.02110535936
1.2257000000000001e-05,19.195979776,21.02110535936
1.2258e-05,19.195979776,21.02110535936
1.2259e-05,19.195979776,21.02110535936
1.2260000000000001e-05,19.195979776,21.02110535936
1.2261e-05,19.195979776,21.02110535936
1.2262e-05,19.195979776,21.02110535936
1.2263000000000001e-05,19.195979776,21.02110535936
1.2264000000000002e-05,19.195979776,21.02110535936
1.2265e-05,19.195979776,21.02110535936
1.2266e-05,19.195979776,21.02110535936
1.2267000000000001e-05,19.195979776,21.02110535936
1.2268e-05,18.793969664,21.02110535936
1.2269e-05,18.793969664,21.02110535936
1.2270000000000001e-05,18.793969664,21.02110535936
1.2271000000000002e-05,18.793969664,21.02110535936
1.2272e-05,18.391959552,21.02110535936
1.2273000000000001e-05,18.391959552,21.02110535936
1.2274000000000001e-05,18.391959552,21.02110535936
1.2275e-05,18.391959552,21.02110535936
1.2276e-05,18.391959552,21.02110535936
1.2277000000000001e-05,18.391959552,21.02110535936
1.2278e-05,18.391959552,21.02110535936
1.2279e-05,18.391959552,21.02110535936
1.2280000000000001e-05,18.391959552,21.02110535936
1.2281000000000002e-05,18.391959552,21.02110535936
1.2282e-05,18.391959552,21.02110535936
1.2283e-05,18.391959552,21.02110535936
1.2284000000000001e-05,18.391959552,21.02110535936
1.2285e-05,17.98994944,21.02110535936
1.2286e-05,17.98994944,21.02110535936
1.2287000000000001e-05,17.98994944,21.02110535936
1.2288000000000002e-05,17.98994944,21.02110535936
1.2289e-05,17.98994944,21.02110535936
1.2290000000000001e-05,17.98994944,21.02110535936
1.2291000000000001e-05,17.98994944,21.02110535936
1.2292e-05,17.98994944,21.02110535936
1.2293e-05,17.98994944,21.02110535936
1.2294000000000001e-05,17.98994944,21.02110535936
1.2295e-05,17.98994944,21.02110535936
1.2296e-05,17.98994944,21.02110535936
1.2297000000000001e-05,17.98994944,21.02110535936
1.2298000000000002e-05,17.98994944,21.02110535936
1.2299e-05,17.98994944,21.02110535936
1.23e-05,17.98994944,21.02110535936
1.2301000000000001e-05,17.98994944,21.02110535936
1.2302e-05,17.98994944,21.02110535936
1.2303e-05,17.98994944,21.02110535936
1.2304000000000001e-05,17.98994944,21.02110535936
1.2305e-05,18.391959552,21.02110535936
1.2306e-05,18.391959552,21.02110535936
1.2307000000000001e-05,17.98994944,21.02110535936
1.2308000000000001e-05,17.98994944,21.02110535936
1.2309e-05,18.391959552,21.02110535936
1.231e-05,18.391959552,21.02110535936
1.2311000000000001e-05,18.391959552,21.02110535936
1.2312e-05,18.391959552,21.02110535936
1.2313e-05,18.391959552,21.02110535936
1.2314000000000001e-05,18.391959552,21.02110535936
1.2315000000000002e-05,18.391959552,21.02110535936
1.2316e-05,18.391959552,21.02110535936
1.2317e-05,18.391959552,21.02110535936
1.2318000000000001e-05,18.391959552,21.02110535936
1.2319e-05,18.391959552,21.02110535936
1.232e-05,18.391959552,21.02110535936
1.2321000000000001e-05,18.391959552,21.02110535936
1.2322e-05,18.391959552,21.02110535936
1.2323e-05,18.391959552,21.02110535936
1.2324000000000001e-05,18.391959552,21.02110535936
1.2325000000000001e-05,18.391959552,21.02110535936
1.2326e-05,18.391959552,21.02110535936
1.2327e-05,18.391959552,21.02110535936
1.2328000000000001e-05,18.793969664,21.02110535936
1.2329e-05,18.793969664,21.02110535936
1.233e-05,18.793969664,21.02110535936
1.2331000000000001e-05,18.793969664,21.02110535936
1.2332000000000002e-05,18.793969664,21.02110535936
1.2333e-05,18.793969664,21.02110535936
1.2334e-05,19.195979776,21.02110535936
1.2335000000000001e-05,19.195979776,21.02110535936
1.2336e-05,19.195979776,21.02110535936
1.2337e-05,19.597989888,21.02110535936
1.2338000000000001e-05,19.597989888,21.02110535936
1.2339e-05,19.597989888,21.02110535936
1.234e-05,19.597989888,21.02110535936
1.2341000000000001e-05,19.597989888,21.02110535936
1.2342000000000001e-05,19.597989888,21.02110535936
1.2343e-05,19.597989888,21.02110535936
1.2344e-05,19.195979776,21.02110535936
1.2345000000000001e-05,19.195979776,21.02110535936
1.2346e-05,19.195979776,21.02110535936
1.2347e-05,19.195979776,21.02110535936
1.2348000000000001e-05,19.195979776,21.02110535936
1.2349000000000002e-05,19.195979776,21.02110535936
1.235e-05,19.597989888,21.02110535936
1.2351e-05,19.597989888,21.02110535936
1.2352000000000001e-05,19.597989888,21.02110535936
1.2353e-05,19.597989888,21.02110535936
1.2354e-05,19.597989888,21.02110535936
1.2355000000000001e-05,19.597989888,21.02110535936
1.2356e-05,20.0,21.02110535936
1.2357e-05,20.0,21.02110535936
1.2358000000000001e-05,20.0,21.02110535936
1.2359000000000001e-05,20.0,21.02110535936
1.236e-05,20.402010112,21.02110535936
1.2361e-05,20.402010112,21.02110535936
1.2362000000000001e-05,20.402010112,21.02110535936
1.2363e-05,20.402010112,21.02110535936
1.2364e-05,20.402010112,21.02110535936
1.2365000000000001e-05,20.402010112,21.02110535936
1.2366000000000002e-05,20.402010112,21.02110535936
1.2367e-05,20.804020224,21.02110535936
1.2368e-05,20.804020224,21.02110535936
1.2369000000000001e-05,20.804020224,21.02110535936
1.237e-05,20.804020224,21.02110535936
1.2371e-05,20.804020224,21.02110535936
1.2372000000000001e-05,20.804020224,21.02110535936
1.2373e-05,20.804020224,21.02110535936
1.2374e-05,20.804020224,21.02110535936
1.2375000000000001e-05,21.206030336,21.02110535936
1.2376000000000001e-05,21.206030336,21.02110535936
1.2377e-05,21.206030336,21.02110535936
1.2378e-05,21.206030336,21.02110535936
1.2379000000000001e-05,21.206030336,21.02110535936
1.238e-05,21.206030336,21.02110535936
1.2381e-05,21.206030336,21.02110535936
1.2382000000000001e-05,21.608040448,21.02110535936
1.2383000000000002e-05,21.608040448,21.02110535936
1.2384e-05,21.608040448,21.02110535936
1.2385000000000001e-05,21.608040448,21.02110535936
1.2386000000000001e-05,21.608040448,21.02110535936
1.2387e-05,21.608040448,21.02110535936
1.2388e-05,21.608040448,21.02110535936
1.2389000000000001e-05,21.608040448,21.02110535936
1.239e-05,21.608040448,21.02110535936
1.2391e-05,22.01005056,21.02110535936
1.2392000000000001e-05,22.01005056,21.02110535936
1.2393000000000001e-05,22.01005056,21.02110535936
1.2394e-05,22.01005056,21.02110535936
1.2395e-05,22.412060672,21.02110535936
1.2396000000000001e-05,22.412060672,21.02110535936
1.2397e-05,22.412060672,21.02110535936
1.2398e-05,22.412060672,21.02110535936
1.2399000000000001e-05,22.412060672,21.02110535936
1.2400000000000002e-05,22.412060672,21.02110535936
1.2401e-05,22.412060672,21.02110535936
1.2402000000000001e-05,22.814070784,21.02110535936
1.2403000000000001e-05,22.814070784,21.02110535936
1.2404e-05,22.814070784,21.02110535936
1.2405e-05,22.814070784,21.02110535936
1.2406000000000001e-05,23.216080896,21.02110535936
1.2407e-05,23.216080896,21.02110535936
1.2408e-05,23.216080896,21.02110535936
1.2409000000000001e-05,23.216080896,21.02110535936
1.2410000000000001e-05,23.216080896,21.02110535936
1.2411e-05,23.216080896,21.02110535936
1.2412e-05,23.216080896,21.02110535936
1.2413000000000001e-05,23.216080896,21.02110535936
1.2414e-05,23.216080896,21.02110535936
1.2415e-05,23.216080896,21.02110535936
1.2416000000000001e-05,23.216080896,21.02110535936
1.2417000000000002e-05,23.216080896,21.02110535936
1.2418e-05,23.216080896,21.02110535936
1.2419000000000001e-05,23.216080896,21.02110535936
1.2420000000000001e-05,23.216080896,21.02110535936
1.2421e-05,23.216080896,21.02110535936
1.2422e-05,23.216080896,21.02110535936
1.2423000000000001e-05,23.216080896,21.02110535936
1.2424e-05,23.216080896,21.02110535936
1.2425e-05,23.618091008,21.02110535936
1.2426000000000001e-05,23.618091008,21.02110535936
1.2427000000000001e-05,23.216080896,21.02110535936
1.2428e-05,23.216080896,21.02110535936
1.2429e-05,23.618091008,21.02110535936
1.2430000000000001e-05,23.618091008,21.02110535936
1.2431e-05,23.618091008,21.02110535936
1.2432e-05,23.618091008,21.02110535936
1.2433000000000001e-05,23.618091008,21.02110535936
1.2434000000000002e-05,23.618091008,21.02110535936
1.2435e-05,23.618091008,21.02110535936
1.2436000000000001e-05,23.618091008,21.02110535936
1.2437000000000001e-05,23.618091008,21.02110535936
1.2438e-05,24.02010112,21.02110535936
1.2439e-05,24.02010112,21.02110535936
1.2440000000000001e-05,24.02010112,21.02110535936
1.2441e-05,24.02010112,21.02110535936
1.2442e-05,24.422111232,21.02110535936
1.2443000000000001e-05,24.422111232,21.02110535936
1.2444000000000001e-05,24.422111232,21.02110535936
1.2445e-05,24.422111232,21.02110535936
1.2446e-05,24.02010112,21.02110535936
1.2447000000000001e-05,24.02010112,21.02110535936
1.2448e-05,24.02010112,21.02110535936
1.2449e-05,24.02010112,21.02110535936
1.2450000000000001e-05,24.02010112,21.02110535936
1.2451000000000002e-05,24.02010112,21.02110535936
1.2452e-05,24.02010112,21.02110535936
1.2453000000000001e-05,24.02010112,21.02110535936
1.2454000000000001e-05,24.422111232,21.02110535936
1.2455e-05,24.422111232,21.02110535936
1.2456e-05,24.422111232,21.02110535936
1.2457000000000001e-05,24.422111232,21.02110535936
1.2458e-05,24.422111232,21.02110535936
1.2459e-05,24.422111232,21.02110535936
1.2460000000000001e-05,24.422111232,21.02110535936
1.2461000000000001e-05,24.422111232,21.02110535936
1.2462e-05,24.02010112,21.02110535936
1.2463e-05,24.02010112,21.02110535936
1.2464000000000001e-05,24.02010112,21.02110535936
1.2465e-05,24.02010112,21.02110535936
1.2466e-05,24.422111232,21.02110535936
1.2467000000000001e-05,24.02010112,21.02110535936
1.2468000000000002e-05,24.02010112,21.02110535936
1.2469e-05,24.02010112,21.02110535936
1.2470000000000001e-05,24.02010112,21.02110535936
1.2471000000000001e-05,24.02010112,21.02110535936
1.2472e-05,23.618091008,21.02110535936
1.2473e-05,23.618091008,21.02110535936
1.2474000000000001e-05,23.618091008,21.02110535936
1.2475e-05,23.618091008,21.02110535936
1.2476e-05,23.618091008,21.02110535936
1.2477000000000001e-05,24.02010112,21.02110535936
1.2478000000000001e-05,24.02010112,21.02110535936
1.2479e-05,24.02010112,21.02110535936
1.248e-05,24.02010112,21.02110535936
1.2481000000000001e-05,24.02010112,21.02110535936
1.2482e-05,24.02010112,21.02110535936
1.2483e-05,24.02010112,21.02110535936
1.2484000000000001e-05,24.02010112,21.02110535936
1.2485000000000002e-05,24.02010112,21.02110535936
1.2486e-05,24.02010112,21.02110535936
1.2487000000000001e-05,24.02010112,21.02110535936
1.2488000000000001e-05,24.02010112,21.02110535936
1.2489e-05,24.02010112,21.02110535936
1.249e-05,24.02010112,21.02110535936
1.2491000000000001e-05,23.618091008,21.02110535936
1.2492e-05,23.618091008,21.02110535936
1.2493e-05,23.618091008,21.02110535936
1.2494000000000001e-05,23.618091008,21.02110535936
1.2495000000000001e-05,23.618091008,21.02110535936
1.2496e-05,23.618091008,21.02110535936
1.2497e-05,23.618091008,21.02110535936
1.2498000000000001e-05,23.618091008,21.02110535936
1.2499e-05,23.618091008,21.02110535936
1.25e-05,23.618091008,21.02110535936
1.2501000000000001e-05,23.618091008,21.02110535936
1.2502000000000002e-05,23.618091008,21.02110535936
1.2503e-05,23.618091008,21.02110535936
1.2504000000000001e-05,23.216080896,21.02110535936
1.2505000000000001e-05,23.216080896,21.02110535936
1.2506e-05,23.216080896,21.02110535936
1.2507e-05,23.216080896,21.02110535936
1.2508000000000001e-05,23.216080896,21.02110535936
1.2509e-05,23.216080896,21.02110535936
1.251e-05,22.814070784,21.02110535936
1.2511000000000001e-05,23.216080896,21.02110535936
1.2512000000000002e-05,23.216080896,21.02110535936
1.2513e-05,23.216080896,21.02110535936
1.2514e-05,23.216080896,21.02110535936
1.2515000000000001e-05,22.814070784,21.02110535936
1.2516e-05,22.814070784,21.02110535936
1.2517e-05,22.814070784,21.02110535936
1.2518000000000001e-05,22.814070784,21.02110535936
1.2519000000000002e-05,22.814070784,21.02110535936
1.252e-05,22.814070784,21.02110535936
1.2521000000000001e-05,22.814070784,21.02110535936
1.2522000000000001e-05,22.814070784,21.02110535936
1.2523e-05,22.814070784,21.02110535936
1.2524e-05,22.412060672,21.02110535936
1.2525000000000001e-05,22.412060672,21.02110535936
1.2526e-05,22.412060672,21.02110535936
1.2527e-05,22.412060672,21.02110535936
1.2528000000000001e-05,22.412060672,21.02110535936
1.2529000000000002e-05,22.412060672,21.02110535936
1.253e-05,22.412060672,21.02110535936
1.2531e-05,22.412060672,21.02110535936
1.2532000000000001e-05,22.412060672,21.02110535936
1.2533e-05,22.412060672,21.02110535936
1.2534e-05,22.01005056,21.02110535936
1.2535000000000001e-05,22.01005056,21.02110535936
1.2536000000000002e-05,22.01005056,21.02110535936
1.2537e-05,22.01005056,21.02110535936
1.2538000000000001e-05,22.01005056,21.02110535936
1.2539000000000001e-05,21.608040448,21.02110535936
1.254e-05,21.608040448,21.02110535936
1.2541e-05,21.608040448,21.02110535936
1.2542000000000001e-05,21.608040448,21.02110535936
1.2543e-05,21.608040448,21.02110535936
1.2544e-05,21.608040448,21.02110535936
1.2545000000000001e-05,21.608040448,21.02110535936
1.2546000000000002e-05,21.608040448,21.02110535936
1.2547e-05,21.608040448,21.02110535936
1.2548e-05,21.206030336,21.02110535936
1.2549000000000001e-05,21.206030336,21.02110535936
1.255e-05,21.206030336,21.02110535936
1.2551e-05,21.206030336,21.02110535936
1.2552000000000001e-05,21.206030336,21.02110535936
1.2553000000000002e-05,21.206030336,21.02110535936
1.2554e-05,21.206030336,21.02110535936
1.2555000000000001e-05,21.206030336,21.02110535936
1.2556000000000001e-05,21.206030336,21.02110535936
1.2557e-05,21.206030336,21.02110535936
1.2558e-05,20.804020224,21.02110535936
1.2559000000000001e-05,20.804020224,21.02110535936
1.256e-05,20.804020224,21.02110535936
1.2561e-05,20.804020224,21.02110535936
1.2562000000000001e-05,20.804020224,21.02110535936
1.2563000000000002e-05,20.804020224,21.02110535936
1.2564e-05,20.402010112,21.02110535936
1.2565e-05,20.402010112,21.02110535936
1.2566000000000001e-05,20.402010112,21.02110535936
1.2567e-05,20.402010112,21.02110535936
1.2568e-05,20.402010112,21.02110535936
1.2569000000000001e-05,20.402010112,21.02110535936
1.2570000000000002e-05,20.0,21.02110535936
1.2571e-05,20.0,21.02110535936
1.2572000000000001e-05,20.0,21.02110535936
1.2573000000000001e-05,20.0,21.02110535936
1.2574e-05,20.0,21.02110535936
1.2575e-05,20.0,21.02110535936
1.2576000000000001e-05,20.0,21.02110535936
1.2577e-05,20.0,21.02110535936
1.2578e-05,20.0,21.02110535936
1.2579000000000001e-05,20.0,21.02110535936
1.2580000000000002e-05,19.597989888,21.02110535936
1.2581e-05,19.597989888,21.02110535936
1.2582e-05,19.597989888,21.02110535936
1.2583000000000001e-05,19.597989888,21.02110535936
1.2584e-05,19.597989888,21.02110535936
1.2585e-05,19.195979776,21.02110535936
1.2586000000000001e-05,19.195979776,21.02110535936
1.2587000000000002e-05,18.793969664,21.02110535936
1.2588e-05,18.793969664,21.02110535936
1.2589000000000001e-05,18.793969664,21.02110535936
1.2590000000000001e-05,18.793969664,21.02110535936
1.2591e-05,18.793969664,21.02110535936
1.2592e-05,18.793969664,21.02110535936
1.2593000000000001e-05,18.793969664,21.02110535936
1.2594e-05,18.793969664,21.02110535936
1.2595e-05,18.793969664,21.02110535936
1.2596000000000001e-05,18.793969664,21.02110535936
1.2597000000000002e-05,18.793969664,21.02110535936
1.2598e-05,18.793969664,21.02110535936
1.2599e-05,19.195979776,21.02110535936
1.2600000000000001e-05,18.793969664,21.02110535936
1.2601e-05,18.793969664,21.02110535936
1.2602e-05,18.793969664,21.02110535936
1.2603000000000001e-05,18.793969664,21.02110535936
1.2604e-05,18.793969664,21.02110535936
1.2605e-05,18.391959552,21.02110535936
1.2606000000000001e-05,18.391959552,21.02110535936
1.2607000000000001e-05,18.391959552,21.02110535936
1.2608e-05,18.391959552,21.02110535936
1.2609e-05,18.391959552,21.02110535936
1.2610000000000001e-05,18.391959552,21.02110535936
1.2611e-05,18.391959552,21.02110535936
1.2612e-05,18.391959552,21.02110535936
1.2613000000000001e-05,18.391959552,21.02110535936
1.2614000000000002e-05,18.391959552,21.02110535936
1.2615e-05,18.391959552,21.02110535936
1.2616e-05,18.391959552,21.02110535936
1.2617000000000001e-05,18.391959552,21.02110535936
1.2618e-05,17.98994944,21.02110535936
1.2619e-05,17.98994944,21.02110535936
1.2620000000000001e-05,17.98994944,21.02110535936
1.2621e-05,17.98994944,21.02110535936
1.2622e-05,17.98994944,21.02110535936
1.2623000000000001e-05,17.98994944,21.02110535936
1.2624000000000001e-05,17.98994944,21.02110535936
1.2625e-05,17.98994944,21.02110535936
1.2626e-05,17.98994944,21.02110535936
1.2627000000000001e-05,17.98994944,21.02110535936
1.2628e-05,17.98994944,21.02110535936
1.2629e-05,17.98994944,21.02110535936
1.2630000000000001e-05,17.98994944,21.02110535936
1.2631000000000002e-05,17.98994944,21.02110535936
1.2632e-05,17.98994944,21.02110535936
1.2633000000000001e-05,17.98994944,21.02110535936
1.2634000000000001e-05,17.98994944,21.02110535936
1.2635e-05,17.98994944,21.02110535936
1.2636e-05,17.98994944,21.02110535936
1.2637000000000001e-05,17.98994944,21.02110535936
1.2638e-05,17.98994944,21.02110535936
1.2639e-05,17.98994944,21.02110535936
1.2640000000000001e-05,17.98994944,21.02110535936
1.2641000000000001e-05,17.98994944,21.02110535936
1.2642e-05,17.98994944,21.02110535936
1.2643e-05,17.98994944,21.02110535936
1.2644000000000001e-05,17.98994944,21.02110535936
1.2645e-05,17.98994944,21.02110535936
1.2646e-05,17.98994944,21.02110535936
1.2647000000000001e-05,17.98994944,21.02110535936
1.2648000000000002e-05,17.98994944,21.02110535936
1.2649e-05,17.98994944,21.02110535936
1.2650000000000001e-05,18.391959552,21.02110535936
1.2651000000000001e-05,18.391959552,21.02110535936
1.2652e-05,18.391959552,21.02110535936
1.2653e-05,18.391959552,21.02110535936
1.2654000000000001e-05,18.391959552,21.02110535936
1.2655e-05,18.391959552,21.02110535936
1.2656e-05,18.391959552,21.02110535936
1.2657000000000001e-05,18.391959552,21.02110535936
1.2658000000000001e-05,18.391959552,21.02110535936
1.2659e-05,18.391959552,21.02110535936
1.266e-05,18.391959552,21.02110535936
1.2661000000000001e-05,18.391959552,21.02110535936
1.2662e-05,18.391959552,21.02110535936
1.2663e-05,18.793969664,21.02110535936
1.2664000000000001e-05,18.793969664,21.02110535936
1.2665000000000002e-05,18.793969664,21.02110535936
1.2666e-05,18.793969664,21.02110535936
1.2667000000000001e-05,18.793969664,21.02110535936
1.2668000000000001e-05,18.793969664,21.02110535936
1.2669e-05,18.793969664,21.02110535936
1.267e-05,18.793969664,21.02110535936
1.2671000000000001e-05,18.793969664,21.02110535936
1.2672e-05,18.793969664,21.02110535936
1.2673e-05,18.793969664,21.02110535936
1.2674000000000001e-05,18.793969664,21.02110535936
1.2675000000000001e-05,18.793969664,21.02110535936
1.2676e-05,18.793969664,21.02110535936
1.2677e-05,18.793969664,21.02110535936
1.2678000000000001e-05,19.195979776,21.02110535936
1.2679e-05,19.195979776,21.02110535936
1.268e-05,19.195979776,21.02110535936
1.2681000000000001e-05,19.195979776,21.02110535936
1.2682000000000002e-05,19.195979776,21.02110535936
1.2683e-05,19.195979776,21.02110535936
1.2684000000000001e-05,19.195979776,21.02110535936
1.2685000000000001e-05,19.195979776,21.02110535936
1.2686e-05,19.195979776,21.02110535936
1.2687e-05,19.597989888,21.02110535936
1.2688000000000001e-05,19.597989888,21.02110535936
1.2689e-05,19.597989888,21.02110535936
1.269e-05,19.597989888,21.02110535936
1.2691000000000001e-05,19.597989888,21.02110535936
1.2692000000000001e-05,19.597989888,21.02110535936
1.2693e-05,19.597989888,21.02110535936
1.2694e-05,19.597989888,21.02110535936
1.2695000000000001e-05,19.597989888,21.02110535936
1.2696e-05,19.597989888,21.02110535936
1.2697e-05,19.597989888,21.02110535936
1.2698000000000001e-05,19.597989888,21.02110535936
1.2699000000000002e-05,19.597989888,21.02110535936
1.27e-05,20.0,21.02110535936
1.2701000000000001e-05,20.0,21.02110535936
1.2702000000000001e-05,20.0,21.02110535936
1.2703e-05,20.402010112,21.02110535936
1.2704e-05,20.402010112,21.02110535936
1.2705000000000001e-05,20.402010112,21.02110535936
1.2706e-05,20.402010112,21.02110535936
1.2707e-05,20.402010112,21.02110535936
1.2708000000000001e-05,20.402010112,21.02110535936
1.2709000000000001e-05,20.402010112,21.02110535936
1.271e-05,20.402010112,21.02110535936
1.2711e-05,20.804020224,21.02110535936
1.2712000000000001e-05,20.804020224,21.02110535936
1.2713e-05,20.804020224,21.02110535936
1.2714e-05,20.804020224,21.02110535936
1.2715000000000001e-05,20.804020224,21.02110535936
1.2716000000000002e-05,20.804020224,21.02110535936
1.2717e-05,20.804020224,21.02110535936
1.2718000000000001e-05,20.804020224,21.02110535936
1.2719000000000001e-05,20.804020224,21.02110535936
1.272e-05,20.804020224,21.02110535936
1.2721e-05,20.804020224,21.02110535936
1.2722000000000001e-05,20.804020224,21.02110535936
1.2723e-05,20.804020224,21.02110535936
1.2724e-05,21.206030336,21.02110535936
1.2725000000000001e-05,21.206030336,21.02110535936
1.2726000000000001e-05,21.206030336,21.02110535936
1.2727e-05,21.206030336,21.02110535936
1.2728e-05,21.206030336,21.02110535936
1.2729000000000001e-05,21.206030336,21.02110535936
1.273e-05,21.206030336,21.02110535936
1.2731e-05,21.206030336,21.02110535936
1.2732000000000001e-05,21.206030336,21.02110535936
1.2733000000000002e-05,21.206030336,21.02110535936
1.2734e-05,21.206030336,21.02110535936
1.2735000000000001e-05,21.608040448,21.02110535936
1.2736000000000001e-05,21.608040448,21.02110535936
1.2737e-05,21.608040448,21.02110535936
1.2738e-05,21.608040448,21.02110535936
1.2739000000000001e-05,22.01005056,21.02110535936
1.274e-05,22.01005056,21.02110535936
1.2741e-05,22.01005056,21.02110535936
1.2742000000000001e-05,22.01005056,21.02110535936
1.2743000000000001e-05,22.412060672,21.02110535936
1.2744e-05,22.412060672,21.02110535936
1.2745e-05,22.412060672,21.02110535936
1.2746000000000001e-05,22.412060672,21.02110535936
1.2747e-05,22.412060672,21.02110535936
1.2748e-05,22.412060672,21.02110535936
1.2749000000000001e-05,22.412060672,21.02110535936
1.2750000000000002e-05,22.412060672,21.02110535936
1.2751e-05,22.412060672,21.02110535936
1.2752000000000001e-05,22.412060672,21.02110535936
1.2753000000000001e-05,22.412060672,21.02110535936
1.2754e-05,22.412060672,21.02110535936
1.2755e-05,22.412060672,21.02110535936
1.2756000000000001e-05,22.412060672,21.02110535936
1.2757e-05,22.412060672,21.02110535936
1.2758e-05,22.412060672,21.02110535936
1.2759000000000001e-05,22.412060672,21.02110535936
1.2760000000000001e-05,22.412060672,21.02110535936
1.2761e-05,22.412060672,21.02110535936
1.2762e-05,22.412060672,21.02110535936
1.2763000000000001e-05,22.412060672,21.02110535936
1.2764e-05,22.412060672,21.02110535936
1.2765e-05,22.412060672,21.02110535936
1.2766000000000001e-05,22.412060672,21.02110535936
1.2767000000000002e-05,22.412060672,21.02110535936
1.2768e-05,22.412060672,21.02110535936
1.2769000000000001e-05,22.814070784,21.02110535936
1.2770000000000001e-05,22.814070784,21.02110535936
1.2771e-05,22.814070784,21.02110535936
1.2772e-05,22.814070784,21.02110535936
1.2773000000000001e-05,22.814070784,21.02110535936
1.2774e-05,22.814070784,21.02110535936
1.2775e-05,23.216080896,21.02110535936
1.2776000000000001e-05,22.814070784,21.02110535936
1.2777000000000002e-05,22.814070784,21.02110535936
1.2778e-05,22.814070784,21.02110535936
1.2779e-05,22.814070784,21.02110535936
1.2780000000000001e-05,22.814070784,21.02110535936
1.2781e-05,22.814070784,21.02110535936
1.2782e-05,22.814070784,21.02110535936
1.2783000000000001e-05,23.216080896,21.02110535936
1.2784000000000002e-05,23.216080896,21.02110535936
1.2785e-05,23.216080896,21.02110535936
1.2786000000000001e-05,23.216080896,21.02110535936
1.2787000000000001e-05,23.216080896,21.02110535936
1.2788e-05,23.216080896,21.02110535936
1.2789e-05,23.216080896,21.02110535936
1.2790000000000001e-05,23.216080896,21.02110535936
1.2791e-05,23.216080896,21.02110535936
1.2792e-05,23.216080896,21.02110535936
1.2793000000000001e-05,23.216080896,21.02110535936
1.2794000000000002e-05,22.814070784,21.02110535936
1.2795e-05,22.814070784,21.02110535936
1.2796e-05,22.814070784,21.02110535936
1.2797000000000001e-05,22.814070784,21.02110535936
1.2798e-05,22.814070784,21.02110535936
1.2799e-05,22.814070784,21.02110535936
1.2800000000000001e-05,22.814070784,21.02110535936
1.2801000000000002e-05,22.814070784,21.02110535936
1.2802e-05,22.412060672,21.02110535936
1.2803000000000001e-05,22.412060672,21.02110535936
1.2804000000000001e-05,22.412060672,21.02110535936
1.2805e-05,22.412060672,21.02110535936
1.2806e-05,22.814070784,21.02110535936
1.2807000000000001e-05,22.814070784,21.02110535936
1.2808e-05,22.814070784,21.02110535936
1.2809e-05,22.814070784,21.02110535936
1.2810000000000001e-05,22.814070784,21.02110535936
1.2811000000000002e-05,22.814070784,21.02110535936
1.2812e-05,22.814070784,21.02110535936
1.2813e-05,22.814070784,21.02110535936
1.2814000000000001e-05,22.814070784,21.02110535936
1.2815e-05,22.814070784,21.02110535936
1.2816e-05,22.814070784,21.02110535936
1.2817000000000001e-05,22.814070784,21.02110535936
1.2818000000000002e-05,22.814070784,21.02110535936
1.2819e-05,22.814070784,21.02110535936
1.2820000000000001e-05,22.412060672,21.02110535936
1.2821000000000001e-05,22.412060672,21.02110535936
1.2822e-05,22.412060672,21.02110535936
1.2823e-05,22.412060672,21.02110535936
1.2824000000000001e-05,22.01005056,21.02110535936
1.2825e-05,22.01005056,21.02110535936
1.2826e-05,22.412060672,21.02110535936
1.2827000000000001e-05,22.412060672,21.02110535936
1.2828000000000002e-05,22.412060672,21.02110535936
1.2829e-05,22.412060672,21.02110535936
1.283e-05,22.412060672,21.02110535936
1.2831000000000001e-05,22.412060672,21.02110535936
1.2832e-05,22.412060672,21.02110535936
1.2833e-05,22.412060672,21.02110535936
1.2834000000000001e-05,22.412060672,21.02110535936
1.2835000000000002e-05,22.412060672,21.02110535936
1.2836e-05,22.01005056,21.02110535936
1.2837000000000001e-05,22.01005056,21.02110535936
1.2838000000000001e-05,22.01005056,21.02110535936
1.2839e-05,22.01005056,21.02110535936
1.284e-05,22.01005056,21.02110535936
1.2841000000000001e-05,22.01005056,21.02110535936
1.2842e-05,22.01005056,21.02110535936
1.2843e-05,22.01005056,21.02110535936
1.2844000000000001e-05,21.608040448,21.02110535936
1.2845000000000002e-05,21.608040448,21.02110535936
1.2846e-05,21.608040448,21.02110535936
1.2847e-05,21.608040448,21.02110535936
1.2848000000000001e-05,21.608040448,21.02110535936
1.2849e-05,21.608040448,21.02110535936
1.285e-05,21.608040448,21.02110535936
1.2851000000000001e-05,21.608040448,21.02110535936
1.2852000000000002e-05,21.206030336,21.02110535936
1.2853e-05,21.206030336,21.02110535936
1.2854000000000001e-05,21.206030336,21.02110535936
1.2855000000000001e-05,21.206030336,21.02110535936
1.2856e-05,21.206030336,21.02110535936
1.2857e-05,21.206030336,21.02110535936
1.2858000000000001e-05,20.804020224,21.02110535936
1.2859e-05,20.804020224,21.02110535936
1.286e-05,20.804020224,21.02110535936
1.2861000000000001e-05,20.804020224,21.02110535936
1.2862000000000002e-05,20.804020224,21.02110535936
1.2863e-05,20.804020224,21.02110535936
1.2864e-05,20.804020224,21.02110535936
1.2865000000000001e-05,20.804020224,21.02110535936
1.2866e-05,20.804020224,21.02110535936
1.2867e-05,20.804020224,21.02110535936
1.2868000000000001e-05,20.804020224,21.02110535936
1.2869000000000002e-05,20.402010112,21.02110535936
1.287e-05,20.402010112,21.02110535936
1.2871000000000001e-05,20.402010112,21.02110535936
1.2872000000000001e-05,20.0,21.02110535936
1.2873e-05,20.0,21.02110535936
1.2874e-05,20.0,21.02110535936
1.2875000000000001e-05,20.0,21.02110535936
1.2876e-05,20.0,21.02110535936
1.2877e-05,20.0,21.02110535936
1.2878000000000001e-05,20.0,21.02110535936
1.2879000000000002e-05,20.0,21.02110535936
1.288e-05,20.0,21.02110535936
1.2881000000000001e-05,20.0,21.02110535936
1.2882000000000001e-05,19.597989888,21.02110535936
1.2883e-05,19.597989888,21.02110535936
1.2884e-05,19.597989888,21.02110535936
1.2885000000000001e-05,19.597989888,21.02110535936
1.2886000000000002e-05,19.597989888,21.02110535936
1.2887e-05,19.195979776,21.02110535936
1.2888000000000001e-05,19.195979776,21.02110535936
1.2889000000000001e-05,19.195979776,21.02110535936
1.289e-05,19.195979776,21.02110535936
1.2891e-05,19.195979776,21.02110535936
1.2892000000000001e-05,19.195979776,21.02110535936
1.2893e-05,19.195979776,21.02110535936
1.2894e-05,19.195979776,21.02110535936
1.2895000000000001e-05,19.195979776,21.02110535936
1.2896000000000002e-05,19.195979776,21.02110535936
1.2897e-05,19.195979776,21.02110535936
1.2898000000000001e-05,19.195979776,21.02110535936
1.2899000000000001e-05,18.793969664,21.02110535936
1.29e-05,18.793969664,21.02110535936
1.2901e-05,18.793969664,21.02110535936
1.2902000000000001e-05,18.793969664,21.02110535936
1.2903e-05,18.793969664,21.02110535936
1.2904e-05,18.793969664,21.02110535936
1.2905000000000001e-05,18.391959552,21.02110535936
1.2906000000000001e-05,18.391959552,21.02110535936
1.2907e-05,18.391959552,21.02110535936
1.2908e-05,18.391959552,21.02110535936
1.2909000000000001e-05,18.391959552,21.02110535936
1.291e-05,18.391959552,21.02110535936
1.2911e-05,18.391959552,21.02110535936
1.2912000000000001e-05,18.391959552,21.02110535936
1.2913000000000002e-05,18.391959552,21.02110535936
1.2914e-05,18.391959552,21.02110535936
1.2915000000000001e-05,18.391959552,21.02110535936
1.2916000000000001e-05,17.98994944,21.02110535936
1.2917e-05,17.98994944,21.02110535936
1.2918e-05,17.98994944,21.02110535936
1.2919000000000001e-05,17.98994944,21.02110535936
1.292e-05,17.98994944,21.02110535936
1.2921e-05,17.98994944,21.02110535936
1.2922000000000001e-05,17.98994944,21.02110535936
1.2923000000000001e-05,17.98994944,21.02110535936
1.2924e-05,17.98994944,21.02110535936
1.2925e-05,17.587939328,21.02110535936
1.2926000000000001e-05,17.587939328,21.02110535936
1.2927e-05,17.587939328,21.02110535936
1.2928e-05,17.587939328,21.02110535936
1.2929000000000001e-05,17.587939328,21.02110535936
1.2930000000000002e-05,17.587939328,21.02110535936
1.2931e-05,17.587939328,21.02110535936
1.2932000000000001e-05,17.587939328,21.02110535936
1.2933000000000001e-05,17.587939328,21.02110535936
1.2934e-05,17.587939328,21.02110535936
1.2935e-05,17.587939328,21.02110535936
1.2936000000000001e-05,17.587939328,21.02110535936
1.2937e-05,17.587939328,21.02110535936
1.2938e-05,17.587939328,21.02110535936
1.2939000000000001e-05,17.587939328,21.02110535936
1.2940000000000001e-05,17.185929216,21.02110535936
1.2941e-05,17.185929216,21.02110535936
1.2942e-05,17.185929216,21.02110535936
1.2943000000000001e-05,17.185929216,21.02110535936
1.2944e-05,17.185929216,21.02110535936
1.2945e-05,17.587939328,21.02110535936
1.2946000000000001e-05,17.587939328,21.02110535936
1.2947000000000002e-05,17.587939328,21.02110535936
1.2948e-05,17.587939328,21.02110535936
1.2949000000000001e-05,17.587939328,21.02110535936
1.2950000000000001e-05,17.587939328,21.02110535936
1.2951e-05,17.587939328,21.02110535936
1.2952e-05,17.185929216,21.02110535936
1.2953000000000001e-05,17.185929216,21.02110535936
1.2954e-05,17.185929216,21.02110535936
1.2955e-05,17.185929216,21.02110535936
1.2956000000000001e-05,17.185929216,21.02110535936
1.2957000000000001e-05,17.185929216,21.02110535936
1.2958e-05,17.185929216,21.02110535936
1.2959e-05,17.185929216,21.02110535936
1.2960000000000001e-05,17.185929216,21.02110535936
1.2961e-05,17.185929216,21.02110535936
1.2962e-05,17.185929216,21.02110535936
1.2963000000000001e-05,17.185929216,21.02110535936
1.2964000000000002e-05,17.185929216,21.02110535936
1.2965e-05,17.185929216,21.02110535936
1.2966000000000001e-05,17.587939328,21.02110535936
1.2967000000000001e-05,17.587939328,21.02110535936
1.2968e-05,17.587939328,21.02110535936
1.2969e-05,17.587939328,21.02110535936
1.2970000000000001e-05,17.587939328,21.02110535936
1.2971e-05,17.587939328,21.02110535936
1.2972e-05,17.587939328,21.02110535936
1.2973000000000001e-05,17.185929216,21.02110535936
1.2974000000000001e-05,17.185929216,21.02110535936
1.2975e-05,17.185929216,21.02110535936
1.2976e-05,17.185929216,21.02110535936
1.2977000000000001e-05,17.185929216,21.02110535936
1.2978e-05,17.587939328,21.02110535936
1.2979e-05,17.587939328,21.02110535936
1.2980000000000001e-05,17.587939328,21.02110535936
1.2981000000000002e-05,17.587939328,21.02110535936
1.2982e-05,17.587939328,21.02110535936
1.2983000000000001e-05,17.587939328,21.02110535936
1.2984000000000001e-05,17.587939328,21.02110535936
1.2985e-05,17.587939328,21.02110535936
1.2986e-05,17.587939328,21.02110535936
1.2987000000000001e-05,17.587939328,21.02110535936
1.2988e-05,17.587939328,21.02110535936
1.2989e-05,17.587939328,21.02110535936
1.2990000000000001e-05,17.587939328,21.02110535936
1.2991000000000001e-05,17.98994944,21.02110535936
1.2992e-05,17.98994944,21.02110535936
1.2993e-05,17.98994944,21.02110535936
1.2994000000000001e-05,17.98994944,21.02110535936
1.2995e-05,17.98994944,21.02110535936
1.2996e-05,18.391959552,21.02110535936
1.2997000000000001e-05,18.391959552,21.02110535936
1.2998000000000002e-05,18.391959552,21.02110535936
1.2999e-05,18.391959552,21.02110535936
1.3000000000000001e-05,18.391959552,21.02110535936
1.3001000000000001e-05,17.98994944,21.02110535936
1.3002e-05,17.98994944,21.02110535936
1.3003e-05,17.98994944,21.02110535936
1.3004000000000001e-05,17.98994944,21.02110535936
1.3005e-05,17.98994944,21.02110535936
1.3006e-05,17.98994944,21.02110535936
1.3007000000000001e-05,17.98994944,21.02110535936
1.3008000000000001e-05,18.391959552,21.02110535936
1.3009e-05,18.391959552,21.02110535936
1.301e-05,18.391959552,21.02110535936
1.3011000000000001e-05,18.391959552,21.02110535936
1.3012e-05,18.391959552,21.02110535936
1.3013e-05,18.391959552,21.02110535936
1.3014000000000001e-05,18.391959552,21.02110535936
1.3015000000000002e-05,18.391959552,21.02110535936
1.3016e-05,18.793969664,21.02110535936
1.3017000000000001e-05,18.793969664,21.02110535936
1.3018000000000001e-05,18.793969664,21.02110535936
1.3019e-05,19.195979776,21.02110535936
1.302e-05,19.195979776,21.02110535936
1.3021000000000001e-05,19.195979776,21.02110535936
1.3022e-05,19.195979776,21.02110535936
1.3023e-05,19.195979776,21.02110535936
1.3024000000000001e-05,19.195979776,21.02110535936
1.3025000000000002e-05,19.195979776,21.02110535936
1.3026e-05,19.195979776,21.02110535936
1.3027e-05,19.195979776,21.02110535936
1.3028000000000001e-05,19.195979776,21.02110535936
1.3029e-05,19.597989888,21.02110535936
1.303e-05,19.597989888,21.02110535936
1.3031000000000001e-05,19.597989888,21.02110535936
1.3032000000000002e-05,19.597989888,21.02110535936
1.3033e-05,19.597989888,21.02110535936
1.3034000000000001e-05,19.597989888,21.02110535936
1.3035000000000001e-05,19.597989888,21.02110535936
1.3036e-05,19.597989888,21.02110535936
1.3037e-05,19.597989888,21.02110535936
1.3038000000000001e-05,19.597989888,21.02110535936
1.3039e-05,19.597989888,21.02110535936
1.304e-05,19.597989888,21.02110535936
1.3041000000000001e-05,19.597989888,21.02110535936
1.3042000000000002e-05,19.597989888,21.02110535936
1.3043e-05,20.0,21.02110535936
1.3044e-05,20.0,21.02110535936
1.3045000000000001e-05,20.0,21.02110535936
1.3046e-05,20.0,21.02110535936
1.3047e-05,20.0,21.02110535936
1.3048000000000001e-05,20.0,21.02110535936
1.3049000000000002e-05,20.0,21.02110535936
1.305e-05,20.0,21.02110535936
1.3051000000000001e-05,20.0,21.02110535936
1.3052000000000001e-05,20.402010112,21.02110535936
1.3053e-05,20.402010112,21.02110535936
1.3054e-05,20.402010112,21.02110535936
1.3055000000000001e-05,20.402010112,21.02110535936
1.3056e-05,20.402010112,21.02110535936
1.3057e-05,20.804020224,21.02110535936
1.3058000000000001e-05,20.804020224,21.02110535936
1.3059000000000002e-05,20.402010112,21.02110535936
1.306e-05,20.402010112,21.02110535936
1.3061e-05,20.402010112,21.02110535936
1.3062000000000001e-05,20.804020224,21.02110535936
1.3063e-05,20.804020224,21.02110535936
1.3064e-05,20.804020224,21.02110535936
1.3065000000000001e-05,20.804020224,21.02110535936
1.3066000000000002e-05,20.804020224,21.02110535936
1.3067e-05,20.804020224,21.02110535936
1.3068000000000001e-05,20.804020224,21.02110535936
1.3069000000000001e-05,20.804020224,21.02110535936
1.307e-05,20.804020224,21.02110535936
1.3071e-05,20.804020224,21.02110535936
1.3072000000000001e-05,20.804020224,21.02110535936
1.3073e-05,20.804020224,21.02110535936
1.3074e-05,20.804020224,21.02110535936
1.3075000000000001e-05,20.804020224,21.02110535936
1.3076000000000002e-05,20.804020224,21.02110535936
1.3077e-05,20.804020224,21.02110535936
1.3078e-05,20.804020224,21.02110535936
1.3079000000000001e-05,20.804020224,21.02110535936
1.308e-05,20.804020224,21.02110535936
1.3081e-05,20.804020224,21.02110535936
1.3082000000000001e-05,20.804020224,21.02110535936
1.3083000000000002e-05,20.804020224,21.02110535936
1.3084e-05,20.804020224,21.02110535936
1.3085000000000001e-05,20.804020224,21.02110535936
1.3086000000000001e-05,20.804020224,21.02110535936
1.3087e-05,20.804020224,21.02110535936
1.3088e-05,21.206030336,21.02110535936
1.3089000000000001e-05,21.206030336,21.02110535936
1.309e-05,21.206030336,21.02110535936
1.3091e-05,21.206030336,21.02110535936
1.3092000000000001e-05,21.206030336,21.02110535936
1.3093000000000002e-05,21.206030336,21.02110535936
1.3094e-05,21.206030336,21.02110535936
1.3095e-05,21.206030336,21.02110535936
1.3096000000000001e-05,21.206030336,21.02110535936
1.3097e-05,21.206030336,21.02110535936
1.3098e-05,21.206030336,21.02110535936
1.3099000000000001e-05,21.206030336,21.02110535936
1.3100000000000002e-05,21.206030336,21.02110535936
1.3101e-05,21.206030336,21.02110535936
1.3102000000000001e-05,21.206030336,21.02110535936
1.3103000000000001e-05,21.206030336,21.02110535936
1.3104e-05,21.206030336,21.02110535936
1.3105e-05,21.206030336,21.02110535936
1.3106000000000001e-05,21.206030336,21.02110535936
1.3107e-05,21.206030336,21.02110535936
1.3108e-05,21.608040448,21.02110535936
1.3109000000000001e-05,21.608040448,21.02110535936
1.3110000000000002e-05,21.608040448,21.02110535936
1.3111e-05,21.608040448,21.02110535936
1.3112e-05,21.206030336,21.02110535936
1.3113000000000001e-05,21.206030336,21.02110535936
1.3114e-05,21.206030336,21.02110535936
1.3115e-05,21.206030336,21.02110535936
1.3116000000000001e-05,21.206030336,21.02110535936
1.3117000000000002e-05,20.804020224,21.02110535936
1.3118e-05,20.804020224,21.02110535936
1.3119000000000001e-05,20.804020224,21.02110535936
1.3120000000000001e-05,20.804020224,21.02110535936
1.3121e-05,20.804020224,21.02110535936
1.3122e-05,20.804020224,21.02110535936
1.3123000000000001e-05,20.804020224,21.02110535936
1.3124e-05,21.206030336,21.02110535936
1.3125e-05,21.206030336,21.02110535936
1.3126000000000001e-05,21.206030336,21.02110535936
1.3127000000000002e-05,21.206030336,21.02110535936
1.3128e-05,21.206030336,21.02110535936
1.3129e-05,21.206030336,21.02110535936
1.3130000000000001e-05,21.206030336,21.02110535936
1.3131e-05,20.804020224,21.02110535936
1.3132e-05,20.804020224,21.02110535936
1.3133000000000001e-05,20.804020224,21.02110535936
1.3134000000000002e-05,20.804020224,21.02110535936
1.3135e-05,20.804020224,21.02110535936
1.3136000000000001e-05,20.804020224,21.02110535936
1.3137000000000001e-05,20.804020224,21.02110535936
1.3138e-05,20.804020224,21.02110535936
1.3139e-05,20.804020224,21.02110535936
1.3140000000000001e-05,20.804020224,21.02110535936
1.3141e-05,20.804020224,21.02110535936
1.3142e-05,20.804020224,21.02110535936
1.3143000000000001e-05,20.804020224,21.02110535936
1.3144000000000002e-05,20.804020224,21.02110535936
1.3145e-05,20.804020224,21.02110535936
1.3146000000000001e-05,20.804020224,21.02110535936
1.3147000000000001e-05,20.804020224,21.02110535936
1.3148e-05,20.804020224,21.02110535936
1.3149e-05,20.804020224,21.02110535936
1.3150000000000001e-05,20.804020224,21.02110535936
1.3151000000000002e-05,20.804020224,21.02110535936
1.3152e-05,20.402010112,21.02110535936
1.3153000000000001e-05,20.402010112,21.02110535936
1.3154000000000001e-05,20.402010112,21.02110535936
1.3155e-05,20.402010112,21.02110535936
1.3156e-05,20.402010112,21.02110535936
1.3157000000000001e-05,20.402010112,21.02110535936
1.3158e-05,20.402010112,21.02110535936
1.3159e-05,20.0,21.02110535936
1.3160000000000001e-05,20.0,21.02110535936
1.3161000000000002e-05,20.0,21.02110535936
1.3162e-05,20.0,21.02110535936
1.3163000000000001e-05,20.0,21.02110535936
1.3164000000000001e-05,19.597989888,21.02110535936
1.3165e-05,19.597989888,21.02110535936
1.3166e-05,19.597989888,21.02110535936
1.3167000000000001e-05,19.597989888,21.02110535936
1.3168000000000002e-05,19.195979776,21.02110535936
1.3169e-05,19.195979776,21.02110535936
1.3170000000000001e-05,19.195979776,21.02110535936
1.3171000000000001e-05,19.195979776,21.02110535936
1.3172e-05,19.195979776,21.02110535936
1.3173e-05,19.195979776,21.02110535936
1.3174000000000001e-05,19.195979776,21.02110535936
1.3175e-05,19.195979776,21.02110535936
1.3176e-05,19.195979776,21.02110535936
1.3177000000000001e-05,19.195979776,21.02110535936
1.3178000000000002e-05,19.195979776,21.02110535936
1.3179e-05,19.195979776,21.02110535936
1.3180000000000001e-05,19.195979776,21.02110535936
1.3181000000000001e-05,19.195979776,21.02110535936
1.3182e-05,19.195979776,21.02110535936
1.3183e-05,18.793969664,21.02110535936
1.3184000000000001e-05,18.793969664,21.02110535936
1.3185000000000002e-05,18.793969664,21.02110535936
1.3186e-05,18.793969664,21.02110535936
1.3187000000000001e-05,18.793969664,21.02110535936
1.3188000000000001e-05,18.793969664,21.02110535936
1.3189e-05,18.793969664,21.02110535936
1.319e-05,18.793969664,21.02110535936
1.3191000000000001e-05,18.793969664,21.02110535936
1.3192e-05,18.793969664,21.02110535936
1.3193e-05,18.793969664,21.02110535936
1.3194000000000001e-05,18.391959552,21.02110535936
1.3195000000000002e-05,18.391959552,21.02110535936
1.3196e-05,18.391959552,21.02110535936
1.3197000000000001e-05,18.391959552,21.02110535936
1.3198000000000001e-05,18.391959552,21.02110535936
1.3199e-05,18.391959552,21.02110535936
1.32e-05,17.98994944,21.02110535936
1.3201000000000001e-05,17.98994944,21.02110535936
1.3202e-05,17.98994944,21.02110535936
1.3203e-05,17.587939328,21.02110535936
1.3204000000000001e-05,17.587939328,21.02110535936
1.3205000000000001e-05,17.587939328,21.02110535936
1.3206e-05,17.587939328,21.02110535936
1.3207e-05,17.587939328,21.02110535936
1.3208000000000001e-05,17.587939328,21.02110535936
1.3209e-05,17.587939328,21.02110535936
1.321e-05,17.587939328,21.02110535936
1.3211000000000001e-05,17.587939328,21.02110535936
1.3212000000000002e-05,17.587939328,21.02110535936
1.3213e-05,17.587939328,21.02110535936
1.3214000000000001e-05,17.98994944,21.02110535936
1.3215000000000001e-05,17.587939328,21.02110535936
1.3216e-05,17.587939328,21.02110535936
1.3217e-05,17.587939328,21.02110535936
1.3218000000000001e-05,17.587939328,21.02110535936
1.3219e-05,17.185929216,21.02110535936
1.322e-05,17.185929216,21.02110535936
1.3221000000000001e-05,17.185929216,21.02110535936
1.3222000000000001e-05,17.185929216,21.02110535936
1.3223e-05,17.185929216,21.02110535936
1.3224e-05,16.783919104,21.02110535936
1.3225000000000001e-05,16.783919104,21.02110535936
1.3226e-05,16.783919104,21.02110535936
1.3227e-05,16.783919104,21.02110535936
1.3228000000000001e-05,16.783919104,21.02110535936
1.3229000000000002e-05,16.783919104,21.02110535936
1.323e-05,16.783919104,21.02110535936
1.3231000000000001e-05,16.783919104,21.02110535936
1.3232000000000001e-05,16.783919104,21.02110535936
1.3233e-05,16.783919104,21.02110535936
1.3234e-05,16.783919104,21.02110535936
1.3235000000000001e-05,16.783919104,21.02110535936
1.3236e-05,16.783919104,21.02110535936
1.3237e-05,16.783919104,21.02110535936
1.3238000000000001e-05,16.783919104,21.02110535936
1.3239000000000001e-05,16.783919104,21.02110535936
1.324e-05,16.783919104,21.02110535936
1.3241e-05,16.783919104,21.02110535936
1.3242000000000001e-05,16.783919104,21.02110535936
1.3243e-05,16.381908992,21.02110535936
1.3244e-05,16.381908992,21.02110535936
1.3245000000000001e-05,16.381908992,21.02110535936
1.3246000000000002e-05,16.381908992,21.02110535936
1.3247e-05,16.381908992,21.02110535936
1.3248000000000001e-05,16.381908992,21.02110535936
1.3249000000000001e-05,16.381908992,21.02110535936
1.325e-05,16.381908992,21.02110535936
1.3251e-05,16.381908992,21.02110535936
1.3252000000000001e-05,16.381908992,21.02110535936
1.3253e-05,16.381908992,21.02110535936
1.3254e-05,16.381908992,21.02110535936
1.3255000000000001e-05,16.381908992,21.02110535936
1.3256000000000001e-05,15.97989888,21.02110535936
1.3257e-05,15.97989888,21.02110535936
1.3258e-05,15.97989888,21.02110535936
1.3259000000000001e-05,15.97989888,21.02110535936
1.326e-05,15.97989888,21.02110535936
1.3261e-05,15.97989888,21.02110535936
1.3262000000000001e-05,15.97989888,21.02110535936
1.3263000000000002e-05,15.97989888,21.02110535936
1.3264e-05,15.97989888,21.02110535936
1.3265000000000001e-05,15.97989888,21.02110535936
1.3266000000000001e-05,15.97989888,21.02110535936
1.3267e-05,15.97989888,21.02110535936
1.3268e-05,15.97989888,21.02110535936
1.3269000000000001e-05,15.97989888,21.02110535936
1.327e-05,15.97989888,21.02110535936
1.3271e-05,15.97989888,21.02110535936
1.3272000000000001e-05,15.97989888,21.02110535936
1.3273000000000001e-05,15.97989888,21.02110535936
1.3274e-05,15.577888768000001,21.02110535936
1.3275e-05,15.577888768000001,21.02110535936
1.3276000000000001e-05,15.577888768000001,21.02110535936
1.3277e-05,15.577888768000001,21.02110535936
1.3278e-05,15.97989888,21.02110535936
1.3279000000000001e-05,15.97989888,21.02110535936
1.3280000000000002e-05,15.97989888,21.02110535936
1.3281e-05,15.97989888,21.02110535936
1.3282000000000001e-05,15.97989888,21.02110535936
1.3283000000000001e-05,15.97989888,21.02110535936
1.3284e-05,15.97989888,21.02110535936
1.3285e-05,15.97989888,21.02110535936
1.3286000000000001e-05,15.97989888,21.02110535936
1.3287e-05,15.97989888,21.02110535936
1.3288e-05,15.97989888,21.02110535936
1.3289000000000001e-05,15.97989888,21.02110535936
1.3290000000000002e-05,15.97989888,21.02110535936
1.3291e-05,15.97989888,21.02110535936
1.3292e-05,15.97989888,21.02110535936
1.3293000000000001e-05,16.381908992,21.02110535936
1.3294e-05,16.381908992,21.02110535936
1.3295e-05,16.381908992,21.02110535936
1.3296000000000001e-05,16.381908992,21.02110535936
1.3297000000000002e-05,16.381908992,21.02110535936
1.3298e-05,16.783919104,21.02110535936
1.3299000000000001e-05,16.783919104,21.02110535936
1.3300000000000001e-05,16.783919104,21.02110535936
1.3301e-05,16.783919104,21.02110535936
1.3302e-05,16.783919104,21.02110535936
1.3303000000000001e-05,16.783919104,21.02110535936
1.3304e-05,16.783919104,21.02110535936
1.3305e-05,16.783919104,21.02110535936
1.3306000000000001e-05,16.783919104,21.02110535936
1.3307000000000002e-05,16.783919104,21.02110535936
1.3308e-05,16.783919104,21.02110535936
1.3309e-05,16.783919104,21.02110535936
1.3310000000000001e-05,16.783919104,21.02110535936
1.3311e-05,16.783919104,21.02110535936
1.3312e-05,16.783919104,21.02110535936
1.3313000000000001e-05,16.783919104,21.02110535936
1.3314000000000002e-05,16.783919104,21.02110535936
1.3315e-05,16.783919104,21.02110535936
1.3316000000000001e-05,17.185929216,21.02110535936
1.3317000000000001e-05,17.185929216,21.02110535936
1.3318e-05,17.185929216,21.02110535936
1.3319e-05,17.185929216,21.02110535936
1.3320000000000001e-05,17.185929216,21.02110535936
1.3321e-05,17.185929216,21.02110535936
1.3322e-05,17.185929216,21.02110535936
1.3323000000000001e-05,17.185929216,21.02110535936
1.3324000000000002e-05,17.185929216,21.02110535936
1.3325e-05,16.783919104,21.02110535936
1.3326e-05,16.783919104,21.02110535936
1.3327000000000001e-05,17.185929216,21.02110535936
1.3328e-05,17.185929216,21.02110535936
1.3329e-05,17.185929216,21.02110535936
1.3330000000000001e-05,17.185929216,21.02110535936
1.3331000000000002e-05,17.587939328,21.02110535936
1.3332e-05,17.587939328,21.02110535936
1.3333000000000001e-05,17.587939328,21.02110535936
1.3334000000000001e-05,17.587939328,21.02110535936
1.3335e-05,17.587939328,21.02110535936
1.3336e-05,17.587939328,21.02110535936
1.3337000000000001e-05,17.587939328,21.02110535936
1.3338e-05,17.587939328,21.02110535936
1.3339e-05,17.587939328,21.02110535936
1.3340000000000001e-05,17.587939328,21.02110535936
1.3341000000000002e-05,17.587939328,21.02110535936
1.3342e-05,17.587939328,21.02110535936
1.3343e-05,17.98994944,21.02110535936
1.3344000000000001e-05,17.98994944,21.02110535936
1.3345e-05,17.98994944,21.02110535936
1.3346e-05,18.391959552,21.02110535936
1.3347000000000001e-05,18.391959552,21.02110535936
1.3348000000000002e-05,18.391959552,21.02110535936
1.3349e-05,18.391959552,21.02110535936
1.3350000000000001e-05,18.391959552,21.02110535936
1.3351000000000001e-05,18.391959552,21.02110535936
1.3352e-05,17.98994944,21.02110535936
1.3353e-05,17.98994944,21.02110535936
1.3354000000000001e-05,17.98994944,21.02110535936
1.3355e-05,17.98994944,21.02110535936
1.3356e-05,18.391959552,21.02110535936
1.3357000000000001e-05,18.391959552,21.02110535936
1.3358000000000002e-05,18.391959552,21.02110535936
1.3359e-05,18.793969664,21.02110535936
1.336e-05,18.793969664,21.02110535936
1.3361000000000001e-05,18.793969664,21.02110535936
1.3362e-05,18.793969664,21.02110535936
1.3363e-05,18.793969664,21.02110535936
1.3364000000000001e-05,18.793969664,21.02110535936
1.3365000000000002e-05,18.793969664,21.02110535936
1.3366e-05,18.793969664,21.02110535936
1.3367000000000001e-05,18.793969664,21.02110535936
1.3368000000000001e-05,18.793969664,21.02110535936
1.3369e-05,18.793969664,21.02110535936
1.337e-05,18.793969664,21.02110535936
1.3371000000000001e-05,18.793969664,21.02110535936
1.3372e-05,18.793969664,21.02110535936
1.3373e-05,18.793969664,21.02110535936
1.3374000000000001e-05,18.793969664,21.02110535936
1.3375000000000002e-05,18.793969664,21.02110535936
1.3376e-05,18.793969664,21.02110535936
1.3377e-05,18.793969664,21.02110535936
1.3378000000000001e-05,18.793969664,21.02110535936
1.3379e-05,18.793969664,21.02110535936
1.338e-05,18.793969664,21.02110535936
1.3381000000000001e-05,18.793969664,21.02110535936
1.3382000000000002e-05,18.793969664,21.02110535936
1.3383e-05,18.391959552,21.02110535936
1.3384000000000001e-05,18.391959552,21.02110535936
1.3385000000000001e-05,18.793969664,21.02110535936
1.3386e-05,18.793969664,21.02110535936
1.3387e-05,18.793969664,21.02110535936
1.3388000000000001e-05,18.793969664,21.02110535936
1.3389e-05,18.793969664,21.02110535936
1.339e-05,18.793969664,21.02110535936
1.3391000000000001e-05,18.793969664,21.02110535936
1.3392000000000002e-05,18.793969664,21.02110535936
1.3393e-05,18.793969664,21.02110535936
1.3394000000000001e-05,18.793969664,21.02110535936
1.3395000000000001e-05,19.195979776,21.02110535936
1.3396e-05,19.195979776,21.02110535936
1.3397e-05,19.195979776,21.02110535936
1.3398000000000001e-05,19.195979776,21.02110535936
1.3399000000000002e-05,19.195979776,21.02110535936
1.34e-05,19.195979776,21.02110535936
1.3401000000000001e-05,19.195979776,21.02110535936
1.3402000000000001e-05,19.195979776,21.02110535936
1.3403e-05,19.195979776,21.02110535936
1.3404e-05,19.195979776,21.02110535936
1.3405000000000001e-05,19.195979776,21.02110535936
1.3406e-05,19.195979776,21.02110535936
1.3407e-05,19.195979776,21.02110535936
1.3408000000000001e-05,19.195979776,21.02110535936
1.3409000000000002e-05,19.195979776,21.02110535936
1.341e-05,19.195979776,21.02110535936
1.3411000000000001e-05,19.195979776,21.02110535936
1.3412000000000001e-05,19.195979776,21.02110535936
1.3413e-05,19.195979776,21.02110535936
1.3414e-05,19.195979776,21.02110535936
1.3415000000000001e-05,19.195979776,21.02110535936
1.3416000000000002e-05,18.793969664,21.02110535936
1.3417e-05,18.793969664,21.02110535936
1.3418000000000001e-05,18.793969664,21.02110535936
1.3419000000000001e-05,18.793969664,21.02110535936
1.342e-05,18.793969664,21.02110535936
1.3421e-05,18.793969664,21.02110535936
1.3422000000000001e-05,18.793969664,21.02110535936
1.3423e-05,18.793969664,21.02110535936
1.3424e-05,18.793969664,21.02110535936
1.3425000000000001e-05,18.793969664,21.02110535936
1.3426000000000002e-05,18.793969664,21.02110535936
1.3427e-05,18.793969664,21.02110535936
1.3428000000000001e-05,18.793969664,21.02110535936
1.3429000000000001e-05,18.793969664,21.02110535936
1.343e-05,18.793969664,21.02110535936
1.3431e-05,19.195979776,21.02110535936
1.3432000000000001e-05,18.793969664,21.02110535936
1.3433000000000002e-05,18.793969664,21.02110535936
1.3434e-05,18.793969664,21.02110535936
1.3435000000000001e-05,18.793969664,21.02110535936
1.3436000000000001e-05,18.793969664,21.02110535936
1.3437e-05,18.793969664,21.02110535936
1.3438e-05,18.793969664,21.02110535936
1.3439000000000001e-05,18.793969664,21.02110535936
1.344e-05,18.793969664,21.02110535936
1.3441e-05,18.793969664,21.02110535936
1.3442000000000001e-05,18.793969664,21.02110535936
1.3443000000000002e-05,18.391959552,21.02110535936
1.3444e-05,18.391959552,21.02110535936
1.3445000000000001e-05,18.391959552,21.02110535936
1.3446000000000001e-05,18.391959552,21.02110535936
1.3447e-05,18.391959552,21.02110535936
1.3448e-05,18.391959552,21.02110535936
1.3449000000000001e-05,18.391959552,21.02110535936
1.3450000000000002e-05,18.391959552,21.02110535936
1.3451e-05,18.391959552,21.02110535936
1.3452000000000001e-05,18.391959552,21.02110535936
1.3453000000000001e-05,18.391959552,21.02110535936
1.3454e-05,18.391959552,21.02110535936
1.3455e-05,18.391959552,21.02110535936
1.3456000000000001e-05,18.391959552,21.02110535936
1.3457e-05,17.98994944,21.02110535936
1.3458e-05,17.98994944,21.02110535936
1.3459000000000001e-05,17.98994944,21.02110535936
1.3460000000000002e-05,17.98994944,21.02110535936
1.3461e-05,17.98994944,21.02110535936
1.3462000000000001e-05,17.98994944,21.02110535936
1.3463000000000001e-05,17.98994944,21.02110535936
1.3464e-05,17.98994944,21.02110535936
1.3465e-05,17.98994944,21.02110535936
1.3466000000000001e-05,17.98994944,21.02110535936
1.3467000000000002e-05,17.98994944,21.02110535936
1.3468e-05,17.587939328,21.02110535936
1.3469000000000001e-05,17.587939328,21.02110535936
1.3470000000000001e-05,17.587939328,21.02110535936
1.3471e-05,17.185929216,21.02110535936
1.3472e-05,17.185929216,21.02110535936
1.3473000000000001e-05,17.185929216,21.02110535936
1.3474e-05,17.185929216,21.02110535936
1.3475e-05,17.185929216,21.02110535936
1.3476000000000001e-05,17.185929216,21.02110535936
1.3477000000000002e-05,17.185929216,21.02110535936
1.3478e-05,17.185929216,21.02110535936
1.3479000000000001e-05,17.185929216,21.02110535936
1.3480000000000001e-05,17.185929216,21.02110535936
1.3481e-05,17.185929216,21.02110535936
1.3482e-05,17.185929216,21.02110535936
1.3483000000000001e-05,16.783919104,21.02110535936
1.3484000000000002e-05,16.783919104,21.02110535936
1.3485e-05,16.783919104,21.02110535936
1.3486000000000001e-05,16.783919104,21.02110535936
1.3487000000000001e-05,16.783919104,21.02110535936
1.3488e-05,16.783919104,21.02110535936
1.3489e-05,16.783919104,21.02110535936
1.3490000000000001e-05,16.783919104,21.02110535936
1.3491e-05,16.783919104,21.02110535936
1.3492e-05,16.783919104,21.02110535936
1.3493000000000001e-05,16.783919104,21.02110535936
1.3494000000000002e-05,16.783919104,21.02110535936
1.3495e-05,16.381908992,21.02110535936
1.3496000000000001e-05,16.381908992,21.02110535936
1.3497000000000001e-05,16.381908992,21.02110535936
1.3498e-05,16.381908992,21.02110535936
1.3499e-05,15.97989888,21.02110535936
1.3500000000000001e-05,15.97989888,21.02110535936
1.3501000000000002e-05,15.97989888,21.02110535936
1.3502e-05,16.381908992,21.02110535936
1.3503000000000001e-05,16.381908992,21.02110535936
1.3504000000000001e-05,16.381908992,21.02110535936
1.3505e-05,15.97989888,21.02110535936
1.3506e-05,15.97989888,21.02110535936
1.3507000000000001e-05,15.97989888,21.02110535936
1.3508e-05,15.97989888,21.02110535936
1.3509e-05,15.97989888,21.02110535936
1.3510000000000001e-05,15.97989888,21.02110535936
1.3511000000000002e-05,15.97989888,21.02110535936
1.3512e-05,15.577888768000001,21.02110535936
1.3513000000000001e-05,15.577888768000001,21.02110535936
1.3514000000000001e-05,15.577888768000001,21.02110535936
1.3515e-05,15.577888768000001,21.02110535936
1.3516e-05,15.577888768000001,21.02110535936
1.3517000000000001e-05,15.577888768000001,21.02110535936
1.3518e-05,15.577888768000001,21.02110535936
1.3519e-05,15.577888768000001,21.02110535936
1.3520000000000001e-05,15.577888768000001,21.02110535936
1.3521000000000001e-05,15.577888768000001,21.02110535936
1.3522e-05,15.97989888,21.02110535936
1.3523e-05,15.577888768000001,21.02110535936
1.3524000000000001e-05,15.577888768000001,21.02110535936
1.3525e-05,15.577888768000001,21.02110535936
1.3526e-05,15.577888768000001,21.02110535936
1.3527000000000001e-05,15.577888768000001,21.02110535936
1.3528000000000002e-05,15.577888768000001,21.02110535936
1.3529e-05,15.577888768000001,21.02110535936
1.3530000000000001e-05,15.577888768000001,21.02110535936
1.3531000000000001e-05,15.577888768000001,21.02110535936
1.3532e-05,15.175878656,21.02110535936
1.3533e-05,15.175878656,21.02110535936
1.3534000000000001e-05,15.175878656,21.02110535936
1.3535e-05,15.175878656,21.02110535936
1.3536e-05,14.773868543999999,21.02110535936
1.3537000000000001e-05,14.773868543999999,21.02110535936
1.3538000000000002e-05,14.773868543999999,21.02110535936
1.3539e-05,14.773868543999999,21.02110535936
1.354e-05,14.773868543999999,21.02110535936
1.3541000000000001e-05,14.773868543999999,21.02110535936
1.3542e-05,14.773868543999999,21.02110535936
1.3543e-05,14.773868543999999,21.02110535936
1.3544000000000001e-05,14.773868543999999,21.02110535936
1.3545000000000002e-05,14.773868543999999,21.02110535936
1.3546e-05,14.773868543999999,21.02110535936
1.3547000000000001e-05,14.773868543999999,21.02110535936
1.3548000000000001e-05,14.773868543999999,21.02110535936
1.3549e-05,14.773868543999999,21.02110535936
1.355e-05,14.773868543999999,21.02110535936
1.3551000000000001e-05,14.773868543999999,21.02110535936
1.3552e-05,14.773868543999999,21.02110535936
1.3553e-05,14.773868543999999,21.02110535936
1.3554000000000001e-05,14.773868543999999,21.02110535936
1.3555000000000002e-05,14.773868543999999,21.02110535936
1.3556e-05,14.773868543999999,21.02110535936
1.3557e-05,14.773868543999999,21.02110535936
1.3558000000000001e-05,14.773868543999999,21.02110535936
1.3559e-05,14.371858432,21.02110535936
1.356e-05,14.371858432,21.02110535936
1.3561000000000001e-05,14.371858432,21.02110535936
1.3562000000000002e-05,14.371858432,21.02110535936
1.3563e-05,14.371858432,21.02110535936
1.3564000000000001e-05,14.371858432,21.02110535936
1.3565000000000001e-05,14.371858432,21.02110535936
1.3566e-05,14.371858432,21.02110535936
1.3567e-05,14.371858432,21.02110535936
1.3568000000000001e-05,14.371858432,21.02110535936
1.3569e-05,14.371858432,21.02110535936
1.357e-05,14.371858432,21.02110535936
1.3571000000000001e-05,14.371858432,21.02110535936
1.3572000000000002e-05,14.371858432,21.02110535936
1.3573e-05,14.371858432,21.02110535936
1.3574e-05,14.371858432,21.02110535936
1.3575000000000001e-05,14.371858432,21.02110535936
1.3576e-05,14.371858432,21.02110535936
1.3577e-05,14.371858432,21.02110535936
1.3578000000000001e-05,14.773868543999999,21.02110535936
1.3579000000000002e-05,14.773868543999999,21.02110535936
1.358e-05,14.773868543999999,21.02110535936
1.3581000000000001e-05,14.773868543999999,21.02110535936
1.3582000000000001e-05,14.773868543999999,21.02110535936
1.3583e-05,14.773868543999999,21.02110535936
1.3584e-05,14.371858432,21.02110535936
1.3585000000000001e-05,14.371858432,21.02110535936
1.3586e-05,14.371858432,21.02110535936
1.3587e-05,14.371858432,21.02110535936
1.3588000000000001e-05,14.371858432,21.02110535936
1.3589000000000002e-05,14.371858432,21.02110535936
1.359e-05,14.371858432,21.02110535936
1.3591e-05,14.371858432,21.02110535936
1.3592000000000001e-05,14.371858432,21.02110535936
1.3593e-05,14.371858432,21.02110535936
1.3594e-05,14.371858432,21.02110535936
1.3595000000000001e-05,14.371858432,21.02110535936
1.3596000000000002e-05,14.371858432,21.02110535936
1.3597e-05,14.371858432,21.02110535936
1.3598000000000001e-05,14.371858432,21.02110535936
1.3599000000000001e-05,14.773868543999999,21.02110535936
1.36e-05,14.371858432,21.02110535936
1.3601e-05,14.371858432,21.02110535936
1.3602000000000001e-05,14.371858432,21.02110535936
1.3603e-05,14.371858432,21.02110535936
1.3604e-05,14.371858432,21.02110535936
1.3605000000000001e-05,14.371858432,21.02110535936
1.3606000000000002e-05,14.371858432,21.02110535936
1.3607e-05,14.371858432,21.02110535936
1.3608e-05,14.371858432,21.02110535936
1.3609000000000001e-05,14.371858432,21.02110535936
1.361e-05,14.371858432,21.02110535936
1.3611e-05,14.371858432,21.02110535936
1.3612000000000001e-05,14.371858432,21.02110535936
1.3613000000000002e-05,14.773868543999999,21.02110535936
1.3614e-05,14.773868543999999,21.02110535936
1.3615000000000001e-05,14.773868543999999,21.02110535936
1.3616000000000001e-05,14.773868543999999,21.02110535936
1.3617e-05,15.175878656,21.02110535936
1.3618e-05,15.175878656,21.02110535936
1.3619000000000001e-05,15.175878656,21.02110535936
1.362e-05,15.175878656,21.02110535936
1.3621e-05,15.175878656,21.02110535936
1.3622000000000001e-05,15.175878656,21.02110535936
1.3623000000000002e-05,15.175878656,21.02110535936
1.3624e-05,15.175878656,21.02110535936
1.3625e-05,15.175878656,21.02110535936
1.3626000000000001e-05,15.175878656,21.02110535936
1.3627e-05,15.577888768000001,21.02110535936
1.3628e-05,15.577888768000001,21.02110535936
1.3629000000000001e-05,15.577888768000001,21.02110535936
1.3630000000000002e-05,15.577888768000001,21.02110535936
1.3631e-05,15.577888768000001,21.02110535936
1.3632000000000001e-05,15.577888768000001,21.02110535936
1.3633000000000001e-05,15.577888768000001,21.02110535936
1.3634e-05,15.577888768000001,21.02110535936
1.3635e-05,15.577888768000001,21.02110535936
1.3636000000000001e-05,15.577888768000001,21.02110535936
1.3637e-05,15.577888768000001,21.02110535936
1.3638e-05,15.577888768000001,21.02110535936
1.3639000000000001e-05,15.577888768000001,21.02110535936
1.3640000000000002e-05,15.577888768000001,21.02110535936
1.3641e-05,15.577888768000001,21.02110535936
1.3642e-05,15.577888768000001,21.02110535936
1.3643000000000001e-05,15.577888768000001,21.02110535936
1.3644e-05,15.577888768000001,21.02110535936
1.3645e-05,15.577888768000001,21.02110535936
1.3646000000000001e-05,15.577888768000001,21.02110535936
1.3647000000000002e-05,15.577888768000001,21.02110535936
1.3648e-05,15.577888768000001,21.02110535936
1.3649000000000001e-05,15.577888768000001,21.02110535936
1.3650000000000001e-05,15.577888768000001,21.02110535936
1.3651e-05,15.577888768000001,21.02110535936
1.3652e-05,15.577888768000001,21.02110535936
1.3653000000000001e-05,15.97989888,21.02110535936
1.3654e-05,15.577888768000001,21.02110535936
1.3655e-05,15.97989888,21.02110535936
1.3656000000000001e-05,15.577888768000001,21.02110535936
1.3657000000000002e-05,15.577888768000001,21.02110535936
1.3658e-05,15.577888768000001,21.02110535936
1.3659000000000001e-05,15.97989888,21.02110535936
1.3660000000000001e-05,15.97989888,21.02110535936
1.3661e-05,15.97989888,21.02110535936
1.3662e-05,15.97989888,21.02110535936
1.3663000000000001e-05,16.381908992,21.02110535936
1.3664000000000002e-05,16.381908992,21.02110535936
1.3665e-05,16.381908992,21.02110535936
1.3666000000000001e-05,16.381908992,21.02110535936
1.3667000000000001e-05,16.381908992,21.02110535936
1.3668e-05,16.381908992,21.02110535936
1.3669e-05,16.381908992,21.02110535936
1.3670000000000001e-05,16.381908992,21.02110535936
1.3671e-05,15.97989888,21.02110535936
1.3672e-05,15.97989888,21.02110535936
1.3673000000000001e-05,15.97989888,21.02110535936
1.3674000000000002e-05,15.97989888,21.02110535936
1.3675e-05,15.97989888,21.02110535936
1.3676000000000001e-05,15.97989888,21.02110535936
1.3677000000000001e-05,16.381908992,21.02110535936
1.3678e-05,16.381908992,21.02110535936
1.3679e-05,16.381908992,21.02110535936
1.3680000000000001e-05,16.381908992,21.02110535936
1.3681000000000002e-05,16.381908992,21.02110535936
1.3682e-05,16.381908992,21.02110535936
1.3683000000000001e-05,16.381908992,21.02110535936
1.3684000000000001e-05,16.381908992,21.02110535936
1.3685e-05,16.381908992,21.02110535936
1.3686e-05,16.381908992,21.02110535936
1.3687000000000001e-05,16.381908992,21.02110535936
1.3688e-05,16.381908992,21.02110535936
1.3689e-05,16.381908992,21.02110535936
1.3690000000000001e-05,16.381908992,21.02110535936
1.3691000000000002e-05,16.783919104,21.02110535936
1.3692e-05,16.783919104,21.02110535936
1.3693000000000001e-05,16.783919104,21.02110535936
1.3694000000000001e-05,16.783919104,21.02110535936
1.3695e-05,16.783919104,21.02110535936
1.3696e-05,16.783919104,21.02110535936
1.3697000000000001e-05,16.381908992,21.02110535936
1.3698000000000002e-05,16.381908992,21.02110535936
1.3699e-05,16.381908992,21.02110535936
1.3700000000000001e-05,16.381908992,21.02110535936
1.3701000000000001e-05,16.381908992,21.02110535936
1.3702e-05,16.381908992,21.02110535936
1.3703e-05,16.381908992,21.02110535936
1.3704000000000001e-05,16.381908992,21.02110535936
1.3705e-05,16.381908992,21.02110535936
1.3706e-05,16.381908992,21.02110535936
1.3707000000000001e-05,16.381908992,21.02110535936
1.3708000000000002e-05,16.381908992,21.02110535936
1.3709e-05,16.381908992,21.02110535936
1.3710000000000001e-05,16.381908992,21.02110535936
1.3711000000000001e-05,16.783919104,21.02110535936
1.3712e-05,16.783919104,21.02110535936
1.3713e-05,16.783919104,21.02110535936
1.3714000000000001e-05,16.783919104,21.02110535936
1.3715000000000002e-05,16.783919104,21.02110535936
1.3716e-05,16.381908992,21.02110535936
1.3717000000000001e-05,16.381908992,21.02110535936
1.3718000000000001e-05,16.381908992,21.02110535936
1.3719e-05,16.381908992,21.02110535936
1.372e-05,16.381908992,21.02110535936
1.3721000000000001e-05,16.381908992,21.02110535936
1.3722e-05,16.381908992,21.02110535936
1.3723e-05,16.381908992,21.02110535936
1.3724000000000001e-05,16.381908992,21.02110535936
1.3725000000000002e-05,16.783919104,21.02110535936
1.3726e-05,16.783919104,21.02110535936
1.3727000000000001e-05,16.783919104,21.02110535936
1.3728000000000001e-05,16.783919104,21.02110535936
1.3729e-05,16.783919104,21.02110535936
1.373e-05,16.783919104,21.02110535936
1.3731000000000001e-05,16.783919104,21.02110535936
1.3732000000000002e-05,16.783919104,21.02110535936
1.3733e-05,16.381908992,21.02110535936
1.3734000000000001e-05,16.381908992,21.02110535936
1.3735000000000001e-05,16.381908992,21.02110535936
1.3736e-05,16.381908992,21.02110535936
1.3737e-05,15.97989888,21.02110535936
1.3738000000000001e-05,15.97989888,21.02110535936
1.3739e-05,15.97989888,21.02110535936
1.374e-05,15.97989888,21.02110535936
1.3741000000000001e-05,15.97989888,21.02110535936
1.3742000000000002e-05,15.97989888,21.02110535936
1.3743e-05,15.97989888,21.02110535936
1.3744000000000001e-05,15.97989888,21.02110535936
1.3745000000000001e-05,15.97989888,21.02110535936
1.3746e-05,15.97989888,21.02110535936
1.3747e-05,15.97989888,21.02110535936
1.3748000000000001e-05,15.97989888,21.02110535936
1.3749000000000002e-05,15.577888768000001,21.02110535936
1.375e-05,15.577888768000001,21.02110535936
1.3751000000000001e-05,15.577888768000001,21.02110535936
1.3752000000000001e-05,15.577888768000001,21.02110535936
1.3753e-05,15.577888768000001,21.02110535936
1.3754e-05,15.577888768000001,21.02110535936
1.3755000000000001e-05,15.97989888,21.02110535936
1.3756e-05,15.577888768000001,21.02110535936
1.3757e-05,15.577888768000001,21.02110535936
1.3758000000000001e-05,15.577888768000001,21.02110535936
1.3759000000000002e-05,15.577888768000001,21.02110535936
1.376e-05,15.577888768000001,21.02110535936
1.3761000000000001e-05,15.577888768000001,21.02110535936
1.3762000000000001e-05,15.175878656,21.02110535936
1.3763e-05,15.175878656,21.02110535936
1.3764e-05,15.175878656,21.02110535936
1.3765000000000001e-05,15.175878656,21.02110535936
1.3766000000000002e-05,15.175878656,21.02110535936
1.3767e-05,15.175878656,21.02110535936
1.3768000000000001e-05,15.175878656,21.02110535936
1.3769000000000001e-05,15.175878656,21.02110535936
1.377e-05,15.175878656,21.02110535936
1.3771e-05,15.175878656,21.02110535936
1.3772000000000001e-05,15.175878656,21.02110535936
1.3773e-05,14.773868543999999,21.02110535936
1.3774e-05,14.773868543999999,21.02110535936
1.3775000000000001e-05,14.773868543999999,21.02110535936
1.3776000000000002e-05,14.773868543999999,21.02110535936
1.3777e-05,14.773868543999999,21.02110535936
1.3778000000000001e-05,14.773868543999999,21.02110535936
1.3779000000000001e-05,14.773868543999999,21.02110535936
1.378e-05,14.371858432,21.02110535936
1.3781e-05,14.371858432,21.02110535936
1.3782000000000001e-05,14.371858432,21.02110535936
1.3783000000000002e-05,14.371858432,21.02110535936
1.3784e-05,14.371858432,21.02110535936
1.3785000000000001e-05,14.371858432,21.02110535936
1.3786000000000002e-05,14.371858432,21.02110535936
1.3787e-05,14.371858432,21.02110535936
1.3788e-05,14.371858432,21.02110535936
1.3789000000000001e-05,14.371858432,21.02110535936
1.379e-05,14.371858432,21.02110535936
1.3791e-05,14.371858432,21.02110535936
1.3792000000000001e-05,13.96984832,21.02110535936
1.3793000000000002e-05,13.96984832,21.02110535936
1.3794e-05,13.96984832,21.02110535936
1.3795000000000001e-05,13.96984832,21.02110535936
1.3796000000000001e-05,13.96984832,21.02110535936
1.3797e-05,13.96984832,21.02110535936
1.3798e-05,13.567838208000001,21.02110535936
1.3799000000000001e-05,13.567838208000001,21.02110535936
1.3800000000000002e-05,13.567838208000001,21.02110535936
1.3801e-05,13.567838208000001,21.02110535936
1.3802000000000001e-05,13.567838208000001,21.02110535936
1.3803000000000002e-05,13.567838208000001,21.02110535936
1.3804e-05,13.567838208000001,21.02110535936
1.3805e-05,13.567838208000001,21.02110535936
1.3806000000000001e-05,13.567838208000001,21.02110535936
1.3807e-05,13.567838208000001,21.02110535936
1.3808e-05,13.567838208000001,21.02110535936
1.3809000000000001e-05,13.567838208000001,21.02110535936
1.3810000000000002e-05,13.567838208000001,21.02110535936
1.3811e-05,13.567838208000001,21.02110535936
1.3812000000000001e-05,13.567838208000001,21.02110535936
1.3813000000000001e-05,13.567838208000001,21.02110535936
1.3814e-05,13.567838208000001,21.02110535936
1.3815e-05,13.567838208000001,21.02110535936
1.3816000000000001e-05,13.165828096,21.02110535936
1.3817e-05,13.165828096,21.02110535936
1.3818e-05,13.165828096,21.02110535936
1.3819000000000001e-05,13.165828096,21.02110535936
1.3820000000000002e-05,13.165828096,21.02110535936
1.3821e-05,13.165828096,21.02110535936
1.3822e-05,13.165828096,21.02110535936
1.3823000000000001e-05,13.165828096,21.02110535936
1.3824e-05,13.165828096,21.02110535936
1.3825e-05,13.165828096,21.02110535936
1.3826000000000001e-05,13.165828096,21.02110535936
1.3827000000000002e-05,12.763817984,21.02110535936
1.3828e-05,12.763817984,21.02110535936
1.3829000000000001e-05,12.763817984,21.02110535936
1.3830000000000001e-05,12.763817984,21.02110535936
1.3831e-05,12.763817984,21.02110535936
1.3832e-05,12.763817984,21.02110535936
1.3833000000000001e-05,12.763817984,21.02110535936
1.3834e-05,12.763817984,21.02110535936
1.3835e-05,12.763817984,21.02110535936
1.3836000000000001e-05,12.763817984,21.02110535936
1.3837000000000002e-05,12.763817984,21.02110535936
1.3838e-05,12.763817984,21.02110535936
1.3839e-05,12.361807872,21.02110535936
1.3840000000000001e-05,12.361807872,21.02110535936
1.3841e-05,12.361807872,21.02110535936
1.3842e-05,12.361807872,21.02110535936
1.3843000000000001e-05,12.361807872,21.02110535936
1.3844000000000002e-05,12.361807872,21.02110535936
1.3845e-05,12.361807872,21.02110535936
1.3846000000000001e-05,12.361807872,21.02110535936
1.3847000000000001e-05,12.361807872,21.02110535936
1.3848e-05,12.361807872,21.02110535936
1.3849e-05,12.361807872,21.02110535936
1.3850000000000001e-05,12.361807872,21.02110535936
1.3851e-05,12.361807872,21.02110535936
1.3852e-05,12.361807872,21.02110535936
1.3853000000000001e-05,12.361807872,21.02110535936
1.3854000000000002e-05,12.361807872,21.02110535936
1.3855e-05,12.361807872,21.02110535936
1.3856e-05,12.361807872,21.02110535936
1.3857000000000001e-05,12.361807872,21.02110535936
1.3858e-05,12.361807872,21.02110535936
1.3859e-05,12.361807872,21.02110535936
1.3860000000000001e-05,12.361807872,21.02110535936
1.3861000000000002e-05,12.361807872,21.02110535936
1.3862e-05,12.361807872,21.02110535936
1.3863000000000001e-05,12.361807872,21.02110535936
1.3864000000000001e-05,12.361807872,21.02110535936
1.3865e-05,11.95979776,21.02110535936
1.3866e-05,11.95979776,21.02110535936
1.3867000000000001e-05,11.95979776,21.02110535936
1.3868e-05,11.95979776,21.02110535936
1.3869e-05,11.95979776,21.02110535936
1.3870000000000001e-05,11.95979776,21.02110535936
1.3871000000000002e-05,12.361807872,21.02110535936
1.3872e-05,12.361807872,21.02110535936
1.3873e-05,12.361807872,21.02110535936
1.3874000000000001e-05,12.361807872,21.02110535936
1.3875e-05,12.361807872,21.02110535936
1.3876e-05,11.95979776,21.02110535936
1.3877000000000001e-05,11.95979776,21.02110535936
1.3878000000000002e-05,11.95979776,21.02110535936
1.3879e-05,11.95979776,21.02110535936
1.3880000000000001e-05,11.95979776,21.02110535936
1.3881000000000001e-05,11.95979776,21.02110535936
1.3882e-05,11.95979776,21.02110535936
1.3883e-05,11.95979776,21.02110535936
1.3884000000000001e-05,12.361807872,21.02110535936
1.3885e-05,12.361807872,21.02110535936
1.3886e-05,12.361807872,21.02110535936
1.3887000000000001e-05,12.361807872,21.02110535936
1.3888000000000002e-05,12.361807872,21.02110535936
1.3889e-05,12.361807872,21.02110535936
1.389e-05,11.95979776,21.02110535936
1.3891000000000001e-05,11.95979776,21.02110535936
1.3892e-05,11.95979776,21.02110535936
1.3893e-05,12.361807872,21.02110535936
1.3894000000000001e-05,12.361807872,21.02110535936
1.3895000000000002e-05,12.763817984,21.02110535936
1.3896e-05,12.763817984,21.02110535936
1.3897000000000001e-05,12.763817984,21.02110535936
1.3898000000000001e-05,12.763817984,21.02110535936
1.3899e-05,12.763817984,21.02110535936
1.39e-05,12.361807872,21.02110535936
1.3901000000000001e-05,12.361807872,21.02110535936
1.3902e-05,12.361807872,21.02110535936
1.3903e-05,12.361807872,21.02110535936
1.3904000000000001e-05,11.95979776,21.02110535936
1.3905000000000002e-05,12.361807872,21.02110535936
1.3906e-05,12.361807872,21.02110535936
1.3907000000000001e-05,12.361807872,21.02110535936
1.3908000000000001e-05,12.361807872,21.02110535936
1.3909e-05,12.361807872,21.02110535936
1.391e-05,12.763817984,21.02110535936
1.3911000000000001e-05,12.763817984,21.02110535936
1.3912000000000002e-05,12.763817984,21.02110535936
1.3913e-05,12.763817984,21.02110535936
1.3914000000000001e-05,12.763817984,21.02110535936
1.3915000000000001e-05,12.763817984,21.02110535936
1.3916e-05,12.763817984,21.02110535936
1.3917e-05,12.763817984,21.02110535936
1.3918000000000001e-05,12.763817984,21.02110535936
1.3919e-05,12.763817984,21.02110535936
1.392e-05,12.763817984,21.02110535936
1.3921000000000001e-05,13.165828096,21.02110535936
1.3922000000000002e-05,13.165828096,21.02110535936
1.3923e-05,13.165828096,21.02110535936
1.3924000000000001e-05,13.165828096,21.02110535936
1.3925000000000001e-05,13.165828096,21.02110535936
1.3926e-05,13.165828096,21.02110535936
1.3927e-05,13.165828096,21.02110535936
1.3928000000000001e-05,13.165828096,21.02110535936
1.3929000000000002e-05,13.165828096,21.02110535936
1.393e-05,13.165828096,21.02110535936
1.3931000000000001e-05,13.165828096,21.02110535936
1.3932000000000001e-05,13.567838208000001,21.02110535936
1.3933e-05,13.567838208000001,21.02110535936
1.3934e-05,13.567838208000001,21.02110535936
1.3935000000000001e-05,13.567838208000001,21.02110535936
1.3936e-05,13.567838208000001,21.02110535936
1.3937e-05,13.567838208000001,21.02110535936
1.3938000000000001e-05,13.567838208000001,21.02110535936
1.3939000000000002e-05,13.567838208000001,21.02110535936
1.394e-05,13.567838208000001,21.02110535936
1.3941000000000001e-05,13.567838208000001,21.02110535936
1.3942000000000001e-05,13.165828096,21.02110535936
1.3943e-05,13.165828096,21.02110535936
1.3944e-05,13.165828096,21.02110535936
1.3945000000000001e-05,13.567838208000001,21.02110535936
1.3946000000000002e-05,13.567838208000001,21.02110535936
1.3947e-05,13.567838208000001,21.02110535936
1.3948000000000001e-05,13.567838208000001,21.02110535936
1.3949000000000001e-05,13.567838208000001,21.02110535936
1.395e-05,13.567838208000001,21.02110535936
1.3951e-05,13.567838208000001,21.02110535936
1.3952000000000001e-05,13.567838208000001,21.02110535936
1.3953e-05,13.567838208000001,21.02110535936
1.3954e-05,13.567838208000001,21.02110535936
1.3955000000000001e-05,13.567838208000001,21.02110535936
1.3956000000000002e-05,13.567838208000001,21.02110535936
1.3957e-05,13.567838208000001,21.02110535936
1.3958000000000001e-05,13.567838208000001,21.02110535936
1.3959000000000001e-05,13.567838208000001,21.02110535936
1.396e-05,13.567838208000001,21.02110535936
1.3961e-05,13.567838208000001,21.02110535936
1.3962000000000001e-05,13.567838208000001,21.02110535936
1.3963000000000002e-05,13.96984832,21.02110535936
1.3964e-05,13.96984832,21.02110535936
1.3965000000000001e-05,13.96984832,21.02110535936
1.3966000000000001e-05,13.96984832,21.02110535936
1.3967e-05,13.96984832,21.02110535936
1.3968e-05,13.96984832,21.02110535936
1.3969000000000001e-05,13.96984832,21.02110535936
1.397e-05,13.96984832,21.02110535936
1.3971e-05,13.96984832,21.02110535936
1.3972000000000001e-05,13.96984832,21.02110535936
1.3973000000000002e-05,13.96984832,21.02110535936
1.3974e-05,13.567838208000001,21.02110535936
1.3975000000000001e-05,13.96984832,21.02110535936
1.3976000000000001e-05,13.96984832,21.02110535936
1.3977e-05,13.96984832,21.02110535936
1.3978e-05,13.96984832,21.02110535936
1.3979000000000001e-05,13.96984832,21.02110535936
1.3980000000000002e-05,13.96984832,21.02110535936
1.3981e-05,13.96984832,21.02110535936
1.3982000000000001e-05,13.96984832,21.02110535936
1.3983000000000001e-05,13.96984832,21.02110535936
1.3984e-05,13.96984832,21.02110535936
1.3985e-05,13.96984832,21.02110535936
1.3986000000000001e-05,13.96984832,21.02110535936
1.3987e-05,13.96984832,21.02110535936
1.3988e-05,13.96984832,21.02110535936
1.3989000000000001e-05,13.96984832,21.02110535936
1.3990000000000002e-05,13.96984832,21.02110535936
1.3991e-05,13.96984832,21.02110535936
1.3992000000000001e-05,13.96984832,21.02110535936
1.3993000000000001e-05,13.96984832,21.02110535936
1.3994e-05,13.96984832,21.02110535936
1.3995e-05,13.96984832,21.02110535936
1.3996000000000001e-05,13.96984832,21.02110535936
1.3997000000000002e-05,13.96984832,21.02110535936
1.3998e-05,13.96984832,21.02110535936
1.3999000000000001e-05,13.96984832,21.02110535936
1.4000000000000001e-05,13.567838208000001,21.02110535936
1.4001e-05,13.96984832,21.02110535936
1.4002e-05,13.96984832,21.02110535936
1.4003000000000001e-05,13.96984832,21.02110535936
1.4004e-05,13.96984832,21.02110535936
1.4005e-05,13.96984832,21.02110535936
1.4006000000000001e-05,13.96984832,21.02110535936
1.4007000000000002e-05,13.96984832,21.02110535936
1.4008e-05,13.96984832,21.02110535936
1.4009000000000001e-05,13.96984832,21.02110535936
1.4010000000000001e-05,13.96984832,21.02110535936
1.4011e-05,13.96984832,21.02110535936
1.4012e-05,13.96984832,21.02110535936
1.4013000000000001e-05,13.96984832,21.02110535936
1.4014000000000002e-05,13.96984832,21.02110535936
1.4015e-05,13.96984832,21.02110535936
1.4016000000000001e-05,13.96984832,21.02110535936
1.4017000000000001e-05,13.96984832,21.02110535936
1.4018e-05,13.96984832,21.02110535936
1.4019e-05,13.96984832,21.02110535936
1.4020000000000001e-05,13.96984832,21.02110535936
1.4021e-05,13.567838208000001,21.02110535936
1.4022e-05,13.567838208000001,21.02110535936
1.4023000000000001e-05,13.567838208000001,21.02110535936
1.4024000000000002e-05,13.567838208000001,21.02110535936
1.4025e-05,13.567838208000001,21.02110535936
1.4026000000000001e-05,13.567838208000001,21.02110535936
1.4027000000000001e-05,13.567838208000001,21.02110535936
1.4028e-05,13.567838208000001,21.02110535936
1.4029e-05,13.567838208000001,21.02110535936
1.4030000000000001e-05,13.165828096,21.02110535936
1.4031000000000002e-05,13.165828096,21.02110535936
1.4032e-05,13.165828096,21.02110535936
1.4033000000000001e-05,13.165828096,21.02110535936
1.4034000000000001e-05,13.165828096,21.02110535936
1.4035e-05,13.165828096,21.02110535936
1.4036e-05,13.165828096,21.02110535936
1.4037000000000001e-05,13.165828096,21.02110535936
1.4038e-05,13.165828096,21.02110535936
1.4039e-05,12.763817984,21.02110535936
1.4040000000000001e-05,12.763817984,21.02110535936
1.4041000000000002e-05,12.763817984,21.02110535936
1.4042e-05,12.763817984,21.02110535936
1.4043000000000001e-05,12.763817984,21.02110535936
1.4044000000000001e-05,12.763817984,21.02110535936
1.4045e-05,12.763817984,21.02110535936
1.4046e-05,12.763817984,21.02110535936
1.4047000000000001e-05,12.763817984,21.02110535936
1.4048000000000002e-05,12.763817984,21.02110535936
1.4049e-05,12.763817984,21.02110535936
1.4050000000000001e-05,12.763817984,21.02110535936
1.4051000000000002e-05,12.763817984,21.02110535936
1.4052e-05,12.763817984,21.02110535936
1.4053e-05,12.763817984,21.02110535936
1.4054000000000001e-05,12.763817984,21.02110535936
1.4055e-05,12.763817984,21.02110535936
1.4056e-05,12.361807872,21.02110535936
1.4057000000000001e-05,12.361807872,21.02110535936
1.4058000000000002e-05,12.361807872,21.02110535936
1.4059e-05,12.361807872,21.02110535936
1.4060000000000001e-05,12.361807872,21.02110535936
1.4061000000000001e-05,11.95979776,21.02110535936
1.4062e-05,11.95979776,21.02110535936
1.4063e-05,11.95979776,21.02110535936
1.4064000000000001e-05,11.95979776,21.02110535936
1.4065000000000002e-05,11.95979776,21.02110535936
1.4066e-05,11.95979776,21.02110535936
1.4067000000000001e-05,11.95979776,21.02110535936
1.4068000000000002e-05,11.95979776,21.02110535936
1.4069e-05,11.95979776,21.02110535936
1.407e-05,11.95979776,21.02110535936
1.4071000000000001e-05,11.95979776,21.02110535936
1.4072e-05,11.95979776,21.02110535936
1.4073e-05,11.95979776,21.02110535936
1.4074000000000001e-05,11.95979776,21.02110535936
1.4075000000000002e-05,11.95979776,21.02110535936
1.4076e-05,11.95979776,21.02110535936
1.4077000000000001e-05,11.95979776,21.02110535936
1.4078000000000001e-05,11.95979776,21.02110535936
1.4079e-05,11.95979776,21.02110535936
1.408e-05,11.95979776,21.02110535936
1.4081000000000001e-05,11.95979776,21.02110535936
1.4082000000000002e-05,11.557787648,21.02110535936
1.4083e-05,11.557787648,21.02110535936
1.4084000000000001e-05,11.557787648,21.02110535936
1.4085000000000002e-05,11.557787648,21.02110535936
1.4086e-05,11.557787648,21.02110535936
1.4087e-05,11.557787648,21.02110535936
1.4088000000000001e-05,11.557787648,21.02110535936
1.4089e-05,11.557787648,21.02110535936
1.409e-05,11.557787648,21.02110535936
1.4091000000000001e-05,11.557787648,21.02110535936
1.4092000000000002e-05,11.557787648,21.02110535936
1.4093e-05,11.557787648,21.02110535936
1.4094000000000001e-05,11.155777536,21.02110535936
1.4095000000000001e-05,11.155777536,21.02110535936
1.4096e-05,10.753767424000001,21.02110535936
1.4097e-05,10.753767424000001,21.02110535936
1.4098000000000001e-05,10.753767424000001,21.02110535936
1.4099000000000002e-05,10.753767424000001,21.02110535936
1.41e-05,10.753767424000001,21.02110535936
1.4101000000000001e-05,10.753767424000001,21.02110535936
1.4102000000000002e-05,10.753767424000001,21.02110535936
1.4103e-05,10.753767424000001,21.02110535936
1.4104e-05,10.753767424000001,21.02110535936
1.4105000000000001e-05,10.753767424000001,21.02110535936
1.4106e-05,10.753767424000001,21.02110535936
1.4107e-05,10.753767424000001,21.02110535936
1.4108000000000001e-05,10.753767424000001,21.02110535936
1.4109000000000002e-05,10.753767424000001,21.02110535936
1.411e-05,10.753767424000001,21.02110535936
1.4111000000000001e-05,10.351757312,21.02110535936
1.4112000000000001e-05,10.351757312,21.02110535936
1.4113e-05,10.351757312,21.02110535936
1.4114e-05,10.351757312,21.02110535936
1.4115000000000001e-05,10.351757312,21.02110535936
1.4116e-05,10.351757312,21.02110535936
1.4117e-05,10.753767424000001,21.02110535936
1.4118000000000001e-05,10.753767424000001,21.02110535936
1.4119000000000002e-05,10.753767424000001,21.02110535936
1.412e-05,10.753767424000001,21.02110535936
1.4121e-05,10.753767424000001,21.02110535936
1.4122000000000001e-05,10.753767424000001,21.02110535936
1.4123e-05,10.351757312,21.02110535936
1.4124e-05,10.351757312,21.02110535936
1.4125000000000001e-05,10.351757312,21.02110535936
1.4126000000000002e-05,10.351757312,21.02110535936
1.4127e-05,10.351757312,21.02110535936
1.4128000000000001e-05,10.351757312,21.02110535936
1.4129000000000001e-05,10.351757312,21.02110535936
1.413e-05,10.351757312,21.02110535936
1.4131e-05,10.351757312,21.02110535936
1.4132000000000001e-05,10.351757312,21.02110535936
1.4133e-05,10.351757312,21.02110535936
1.4134e-05,10.351757312,21.02110535936
1.4135000000000001e-05,10.351757312,21.02110535936
1.4136000000000002e-05,10.351757312,21.02110535936
1.4137e-05,10.351757312,21.02110535936
1.4138e-05,10.351757312,21.02110535936
1.4139000000000001e-05,10.351757312,21.02110535936
1.414e-05,9.949747200000001,21.02110535936
1.4141e-05,9.949747200000001,21.02110535936
1.4142000000000001e-05,9.949747200000001,21.02110535936
1.4143000000000002e-05,9.949747200000001,21.02110535936
1.4144e-05,9.949747200000001,21.02110535936
1.4145000000000001e-05,9.949747200000001,21.02110535936
1.4146000000000001e-05,9.949747200000001,21.02110535936
1.4147e-05,9.949747200000001,21.02110535936
1.4148e-05,9.949747200000001,21.02110535936
1.4149000000000001e-05,9.949747200000001,21.02110535936
1.415e-05,9.547737088,21.02110535936
1.4151e-05,9.547737088,21.02110535936
1.4152000000000001e-05,9.547737088,21.02110535936
1.4153000000000002e-05,9.547737088,21.02110535936
1.4154e-05,9.547737088,21.02110535936
1.4155000000000001e-05,9.547737088,21.02110535936
1.4156000000000001e-05,9.547737088,21.02110535936
1.4157e-05,9.547737088,21.02110535936
1.4158e-05,9.547737088,21.02110535936
1.4159000000000001e-05,9.949747200000001,21.02110535936
1.4160000000000002e-05,9.949747200000001,21.02110535936
1.4161e-05,9.949747200000001,21.02110535936
1.4162000000000001e-05,9.949747200000001,21.02110535936
1.4163000000000001e-05,9.949747200000001,21.02110535936
1.4164e-05,9.949747200000001,21.02110535936
1.4165e-05,9.949747200000001,21.02110535936
1.4166000000000001e-05,9.949747200000001,21.02110535936
1.4167e-05,9.949747200000001,21.02110535936
1.4168e-05,9.949747200000001,21.02110535936
1.4169000000000001e-05,9.949747200000001,21.02110535936
1.4170000000000002e-05,9.547737088,21.02110535936
1.4171e-05,9.547737088,21.02110535936
1.4172000000000001e-05,9.547737088,21.02110535936
1.4173000000000001e-05,9.547737088,21.02110535936
1.4174e-05,9.547737088,21.02110535936
1.4175e-05,9.949747200000001,21.02110535936
1.4176000000000001e-05,9.949747200000001,21.02110535936
1.4177000000000002e-05,9.949747200000001,21.02110535936
1.4178e-05,9.949747200000001,21.02110535936
1.4179000000000001e-05,9.949747200000001,21.02110535936
1.4180000000000001e-05,9.949747200000001,21.02110535936
1.4181e-05,9.949747200000001,21.02110535936
1.4182e-05,9.949747200000001,21.02110535936
1.4183000000000001e-05,9.949747200000001,21.02110535936
1.4184e-05,9.949747200000001,21.02110535936
1.4185e-05,9.949747200000001,21.02110535936
1.4186000000000001e-05,9.949747200000001,21.02110535936
1.4187000000000002e-05,9.949747200000001,21.02110535936
1.4188e-05,9.949747200000001,21.02110535936
1.4189000000000001e-05,9.949747200000001,21.02110535936
1.4190000000000001e-05,9.949747200000001,21.02110535936
1.4191e-05,9.949747200000001,21.02110535936
1.4192e-05,9.949747200000001,21.02110535936
1.4193000000000001e-05,10.351757312,21.02110535936
1.4194000000000002e-05,10.351757312,21.02110535936
1.4195e-05,10.351757312,21.02110535936
1.4196000000000001e-05,10.351757312,21.02110535936
1.4197000000000001e-05,10.351757312,21.02110535936
1.4198e-05,10.351757312,21.02110535936
1.4199e-05,10.351757312,21.02110535936
1.4200000000000001e-05,10.351757312,21.02110535936
1.4201e-05,10.351757312,21.02110535936
1.4202e-05,10.351757312,21.02110535936
1.4203000000000001e-05,10.351757312,21.02110535936
1.4204000000000002e-05,10.351757312,21.02110535936
1.4205e-05,10.351757312,21.02110535936
1.4206000000000001e-05,9.949747200000001,21.02110535936
1.4207000000000001e-05,10.351757312,21.02110535936
1.4208e-05,10.351757312,21.02110535936
1.4209e-05,10.351757312,21.02110535936
1.4210000000000001e-05,10.351757312,21.02110535936
1.4211000000000002e-05,10.351757312,21.02110535936
1.4212e-05,10.753767424000001,21.02110535936
1.4213000000000001e-05,10.753767424000001,21.02110535936
1.4214000000000001e-05,10.753767424000001,21.02110535936
1.4215e-05,10.753767424000001,21.02110535936
1.4216e-05,10.753767424000001,21.02110535936
1.4217000000000001e-05,10.351757312,21.02110535936
1.4218e-05,10.351757312,21.02110535936
1.4219e-05,10.351757312,21.02110535936
1.4220000000000001e-05,10.351757312,21.02110535936
1.4221000000000002e-05,10.351757312,21.02110535936
1.4222e-05,10.351757312,21.02110535936
1.4223000000000001e-05,10.351757312,21.02110535936
1.4224000000000001e-05,10.351757312,21.02110535936
1.4225e-05,10.351757312,21.02110535936
1.4226e-05,10.351757312,21.02110535936
1.4227000000000001e-05,10.351757312,21.02110535936
1.4228000000000002e-05,10.351757312,21.02110535936
1.4229e-05,10.351757312,21.02110535936
1.4230000000000001e-05,10.351757312,21.02110535936
1.4231000000000001e-05,10.351757312,21.02110535936
1.4232e-05,10.351757312,21.02110535936
1.4233e-05,10.351757312,21.02110535936
1.4234000000000001e-05,10.351757312,21.02110535936
1.4235e-05,10.753767424000001,21.02110535936
1.4236e-05,10.753767424000001,21.02110535936
1.4237000000000001e-05,10.753767424000001,21.02110535936
1.4238000000000002e-05,10.753767424000001,21.02110535936
1.4239e-05,11.155777536,21.02110535936
1.4240000000000001e-05,11.155777536,21.02110535936
1.4241000000000001e-05,11.155777536,21.02110535936
1.4242e-05,10.753767424000001,21.02110535936
1.4243e-05,10.753767424000001,21.02110535936
1.4244000000000001e-05,10.753767424000001,21.02110535936
1.4245000000000002e-05,10.753767424000001,21.02110535936
1.4246e-05,10.753767424000001,21.02110535936
1.4247000000000001e-05,10.753767424000001,21.02110535936
1.4248000000000001e-05,10.753767424000001,21.02110535936
1.4249e-05,10.753767424000001,21.02110535936
1.425e-05,10.753767424000001,21.02110535936
1.4251000000000001e-05,10.753767424000001,21.02110535936
1.4252e-05,10.753767424000001,21.02110535936
1.4253e-05,10.753767424000001,21.02110535936
1.4254000000000001e-05,10.753767424000001,21.02110535936
1.4255000000000002e-05,10.753767424000001,21.02110535936
1.4256e-05,10.753767424000001,21.02110535936
1.4257000000000001e-05,10.753767424000001,21.02110535936
1.4258000000000001e-05,11.155777536,21.02110535936
1.4259e-05,10.753767424000001,21.02110535936
1.426e-05,10.753767424000001,21.02110535936
1.4261000000000001e-05,11.155777536,21.02110535936
1.4262000000000002e-05,11.155777536,21.02110535936
1.4263e-05,11.155777536,21.02110535936
1.4264000000000001e-05,11.155777536,21.02110535936
1.4265000000000001e-05,11.155777536,21.02110535936
1.4266e-05,11.155777536,21.02110535936
1.4267e-05,11.155777536,21.02110535936
1.4268000000000001e-05,11.155777536,21.02110535936
1.4269e-05,11.155777536,21.02110535936
1.427e-05,10.753767424000001,21.02110535936
1.4271000000000001e-05,10.753767424000001,21.02110535936
1.4272000000000002e-05,10.753767424000001,21.02110535936
1.4273e-05,10.753767424000001,21.02110535936
1.4274000000000001e-05,10.753767424000001,21.02110535936
1.4275000000000001e-05,11.155777536,21.02110535936
1.4276e-05,11.155777536,21.02110535936
1.4277e-05,11.155777536,21.02110535936
1.4278000000000001e-05,11.155777536,21.02110535936
1.4279000000000002e-05,11.155777536,21.02110535936
1.428e-05,10.753767424000001,21.02110535936
1.4281000000000001e-05,10.753767424000001,21.02110535936
1.4282000000000001e-05,10.753767424000001,21.02110535936
1.4283e-05,10.753767424000001,21.02110535936
1.4284e-05,10.753767424000001,21.02110535936
1.4285000000000001e-05,10.351757312,21.02110535936
1.4286e-05,10.753767424000001,21.02110535936
1.4287e-05,10.753767424000001,21.02110535936
1.4288000000000001e-05,10.753767424000001,21.02110535936
1.4289000000000002e-05,10.753767424000001,21.02110535936
1.429e-05,10.753767424000001,21.02110535936
1.4291000000000001e-05,10.753767424000001,21.02110535936
1.4292000000000001e-05,10.753767424000001,21.02110535936
1.4293e-05,10.753767424000001,21.02110535936
1.4294e-05,10.753767424000001,21.02110535936
1.4295000000000001e-05,10.753767424000001,21.02110535936
1.4296000000000002e-05,10.753767424000001,21.02110535936
1.4297e-05,10.753767424000001,21.02110535936
1.4298000000000001e-05,10.753767424000001,21.02110535936
1.4299000000000002e-05,10.753767424000001,21.02110535936
1.43e-05,10.753767424000001,21.02110535936
1.4301e-05,10.753767424000001,21.02110535936
1.4302000000000001e-05,10.753767424000001,21.02110535936
1.4303e-05,10.753767424000001,21.02110535936
1.4304e-05,10.753767424000001,21.02110535936
1.4305000000000001e-05,10.753767424000001,21.02110535936
1.4306000000000002e-05,10.351757312,21.02110535936
1.4307e-05,10.351757312,21.02110535936
1.4308000000000001e-05,10.351757312,21.02110535936
1.4309000000000001e-05,10.351757312,21.02110535936
1.431e-05,10.351757312,21.02110535936
1.4311e-05,10.351757312,21.02110535936
1.4312000000000001e-05,10.351757312,21.02110535936
1.4313000000000002e-05,10.351757312,21.02110535936
1.4314e-05,10.351757312,21.02110535936
1.4315000000000001e-05,10.351757312,21.02110535936
1.4316000000000002e-05,10.351757312,21.02110535936
1.4317e-05,10.351757312,21.02110535936
1.4318e-05,10.351757312,21.02110535936
1.4319000000000001e-05,10.351757312,21.02110535936
1.432e-05,10.351757312,21.02110535936
1.4321e-05,10.351757312,21.02110535936
1.4322000000000001e-05,10.351757312,21.02110535936
1.4323000000000002e-05,10.351757312,21.02110535936
1.4324e-05,10.351757312,21.02110535936
1.4325000000000001e-05,10.351757312,21.02110535936
1.4326000000000001e-05,10.351757312,21.02110535936
1.4327e-05,10.351757312,21.02110535936
1.4328e-05,9.949747200000001,21.02110535936
1.4329000000000001e-05,9.949747200000001,21.02110535936
1.4330000000000002e-05,9.949747200000001,21.02110535936
1.4331e-05,9.949747200000001,21.02110535936
1.4332000000000001e-05,9.949747200000001,21.02110535936
1.4333000000000002e-05,9.949747200000001,21.02110535936
1.4334e-05,9.949747200000001,21.02110535936
1.4335e-05,9.949747200000001,21.02110535936
1.4336000000000001e-05,9.949747200000001,21.02110535936
1.4337e-05,9.949747200000001,21.02110535936
1.4338e-05,9.949747200000001,21.02110535936
1.4339000000000001e-05,9.949747200000001,21.02110535936
1.4340000000000002e-05,9.547737088,21.02110535936
1.4341e-05,9.547737088,21.02110535936
1.4342000000000001e-05,9.547737088,21.02110535936
1.4343000000000001e-05,9.547737088,21.02110535936
1.4344e-05,9.145726976,21.02110535936
1.4345e-05,9.145726976,21.02110535936
1.4346000000000001e-05,8.743716864000001,21.02110535936
1.4347000000000002e-05,8.743716864000001,21.02110535936
1.4348e-05,8.743716864000001,21.02110535936
1.4349000000000001e-05,8.743716864000001,21.02110535936
1.4350000000000002e-05,8.743716864000001,21.02110535936
1.4351e-05,8.743716864000001,21.02110535936
1.4352e-05,8.341706752,21.02110535936
1.4353000000000001e-05,8.341706752,21.02110535936
1.4354e-05,8.341706752,21.02110535936
1.4355e-05,8.341706752,21.02110535936
1.4356000000000001e-05,8.341706752,21.02110535936
1.4357000000000002e-05,7.939696640000001,21.02110535936
1.4358e-05,7.939696640000001,21.02110535936
1.4359000000000001e-05,7.939696640000001,21.02110535936
1.4360000000000001e-05,7.537686528,21.02110535936
1.4361e-05,7.537686528,21.02110535936
1.4362e-05,7.537686528,21.02110535936
1.4363000000000001e-05,7.537686528,21.02110535936
1.4364000000000002e-05,7.135676416000001,21.02110535936
1.4365e-05,7.135676416000001,21.02110535936
1.4366000000000001e-05,7.135676416000001,21.02110535936
1.4367000000000002e-05,6.7336663040000015,21.02110535936
1.4368e-05,6.7336663040000015,21.02110535936
1.4369e-05,6.3316561920000005,21.02110535936
1.4370000000000001e-05,5.929646080000001,21.02110535936
1.4371e-05,5.929646080000001,21.02110535936
1.4372e-05,5.527635968,21.02110535936
1.4373000000000001e-05,5.125625856000001,21.02110535936
1.4374000000000002e-05,5.125625856000001,21.02110535936
1.4375e-05,4.723615744000002,21.02110535936
1.4376000000000001e-05,4.321605632000001,21.02110535936
1.4377000000000001e-05,3.9195955200000014,21.02110535936
1.4378e-05,3.9195955200000014,21.02110535936
1.4379e-05,3.517585408000002,21.02110535936
1.4380000000000001e-05,3.1155752959999994,21.02110535936
1.4381000000000002e-05,2.713565184,21.02110535936
1.4382e-05,2.713565184,21.02110535936
1.4383000000000001e-05,2.311555072000001,21.02110535936
1.4384000000000002e-05,1.9095449600000016,21.02110535936
1.4385e-05,1.5075348480000024,21.02110535936
1.4386e-05,1.1055247359999996,21.02110535936
1.4387000000000001e-05,0.30150451200000106,21.02110535936
1.4388e-05,-0.1005055999999982,21.02110535936
1.4389e-05,-0.5025157119999974,21.02110535936
1.4390000000000001e-05,-0.9045258240000003,21.02110535936
1.4391000000000002e-05,-1.7085460479999988,21.02110535936
1.4392e-05,-2.110556159999998,21.02110535936
1.4393000000000001e-05,-2.5125662719999973,21.02110535936
1.4394000000000001e-05,-3.3165864959999993,21.02110535936
1.4395e-05,-3.7185966079999986,21.02110535936
1.4396e-05,-4.120606719999998,21.02110535936
1.4397000000000001e-05,-4.924626944,21.02110535936
1.4398000000000002e-05,-5.326637055999999,21.02110535936
1.4399e-05,-5.728647167999998,21.02110535936
1.4400000000000001e-05,-6.130657279999998,21.02110535936
1.4401000000000002e-05,-6.532667391999997,21.02110535936
1.4402e-05,-6.934677504,21.02110535936
1.4403e-05,-7.738697727999998,21.02110535936
1.4404000000000001e-05,-8.140707839999997,21.02110535936
1.4405e-05,-8.542717951999997,21.02110535936
1.4406e-05,-8.944728064,21.02110535936
1.4407000000000001e-05,-9.346738175999999,21.02110535936
1.4408000000000002e-05,-9.748748287999998,21.02110535936
1.4409e-05,-10.150758399999997,21.02110535936
1.4410000000000001e-05,-10.552768511999997,21.02110535936
1.4411000000000001e-05,-10.954778624,21.02110535936
1.4412e-05,-10.954778624,21.02110535936
1.4413e-05,-11.356788735999999,21.02110535936
1.4414000000000001e-05,-11.758798847999998,21.02110535936
1.4415e-05,-12.160808959999997,21.02110535936
1.4416e-05,-12.562819071999996,21.02110535936
1.4417000000000001e-05,-12.964829183999996,21.02110535936
1.4418000000000002e-05,-13.366839295999995,21.02110535936
1.4419e-05,-13.768849408000001,21.02110535936
1.4420000000000001e-05,-13.768849408000001,21.02110535936
1.4421000000000001e-05,-14.17085952,21.02110535936
1.4422e-05,-14.572869632,21.02110535936
1.4423e-05,-14.974879743999999,21.02110535936
1.4424000000000001e-05,-15.376889855999998,21.02110535936
1.4425000000000002e-05,-15.376889855999998,21.02110535936
1.4426e-05,-15.778899967999998,21.02110535936
1.4427000000000001e-05,-16.180910079999997,21.02110535936
1.4428000000000001e-05,-16.582920191999996,21.02110535936
1.4429e-05,-16.984930303999995,21.02110535936
1.443e-05,-16.984930303999995,21.02110535936
1.4431000000000001e-05,-17.386940415999995,21.02110535936
1.4432e-05,-17.788950528,21.02110535936
1.4433e-05,-18.19096064,21.02110535936
1.4434000000000001e-05,-18.592970752,21.02110535936
1.4435000000000002e-05,-18.994980864,21.02110535936
1.4436e-05,-18.994980864,21.02110535936
1.4437000000000001e-05,-19.396990975999998,21.02110535936
1.4438000000000001e-05,-19.799001087999997,21.02110535936
1.4439e-05,-19.799001087999997,21.02110535936
1.444e-05,-20.201011199999996,21.02110535936
1.4441000000000001e-05,-20.201011199999996,21.02110535936
1.4442000000000002e-05,-20.603021311999996,21.02110535936
1.4443e-05,-21.005031423999995,21.02110535936
1.4444000000000001e-05,-21.005031423999995,21.02110535936
1.4445000000000001e-05,-21.407041535999994,21.02110535936
1.4446e-05,-21.407041535999994,21.02110535936
1.4447e-05,-21.809051648,21.02110535936
1.4448000000000001e-05,-22.21106176,21.02110535936
1.4449e-05,-22.21106176,21.02110535936
1.445e-05,-22.613071872,21.02110535936
1.4451000000000001e-05,-22.613071872,21.02110535936
1.4452000000000002e-05,-23.015081984,21.02110535936
1.4453e-05,-23.417092095999998,21.02110535936
1.4454000000000001e-05,-23.417092095999998,21.02110535936
1.4455000000000001e-05,-23.417092095999998,21.02110535936
1.4456e-05,-23.819102207999997,21.02110535936
1.4457e-05,-23.819102207999997,21.02110535936
1.4458000000000001e-05,-24.221112319999996,21.02110535936
1.4459000000000002e-05,-24.221112319999996,21.02110535936
1.446e-05,-24.221112319999996,21.02110535936
1.4461000000000001e-05,-24.221112319999996,21.02110535936
1.4462000000000001e-05,-24.221112319999996,21.02110535936
1.4463e-05,-24.221112319999996,21.02110535936
1.4464e-05,-24.623122431999995,21.02110535936
1.4465000000000001e-05,-24.623122431999995,21.02110535936
1.4466e-05,-24.623122431999995,21.02110535936
1.4467e-05,-24.623122431999995,21.02110535936
1.4468000000000001e-05,-24.623122431999995,21.02110535936
1.4469000000000002e-05,-24.623122431999995,21.02110535936
1.447e-05,-24.623122431999995,21.02110535936
1.4471000000000001e-05,-24.623122431999995,21.02110535936
1.4472000000000001e-05,-24.623122431999995,21.02110535936
1.4473e-05,-24.623122431999995,21.02110535936
1.4474e-05,-25.025132543999995,21.02110535936
1.4475000000000001e-05,-25.025132543999995,21.02110535936
1.4476000000000002e-05,-25.025132543999995,21.02110535936
1.4477e-05,-25.025132543999995,21.02110535936
1.4478000000000001e-05,-25.025132543999995,21.02110535936
1.4479000000000001e-05,-25.025132543999995,21.02110535936
1.448e-05,-25.025132543999995,21.02110535936
1.4481e-05,-25.025132543999995,21.02110535936
1.4482000000000001e-05,-25.025132543999995,21.02110535936
1.4483e-05,-25.025132543999995,21.02110535936
1.4484e-05,-25.025132543999995,21.02110535936
1.4485000000000001e-05,-25.025132543999995,21.02110535936
1.4486000000000002e-05,-25.025132543999995,21.02110535936
1.4487e-05,-25.025132543999995,21.02110535936
1.4488000000000001e-05,-25.025132543999995,21.02110535936
1.4489000000000001e-05,-25.025132543999995,21.02110535936
1.449e-05,-25.025132543999995,21.02110535936
1.4491e-05,-25.025132543999995,21.02110535936
1.4492000000000001e-05,-25.025132543999995,21.02110535936
1.4493000000000002e-05,-25.025132543999995,21.02110535936
1.4494e-05,-25.025132543999995,21.02110535936
1.4495000000000001e-05,-25.025132543999995,21.02110535936
1.4496000000000001e-05,-25.025132543999995,21.02110535936
1.4497e-05,-25.025132543999995,21.02110535936
1.4498e-05,-25.025132543999995,21.02110535936
1.4499000000000001e-05,-25.025132543999995,21.02110535936
1.45e-05,-25.025132543999995,21.02110535936
1.4501e-05,-25.025132543999995,21.02110535936
1.4502000000000001e-05,-24.623122431999995,21.02110535936
1.4503000000000002e-05,-24.623122431999995,21.02110535936
1.4504e-05,-24.623122431999995,21.02110535936
1.4505000000000001e-05,-24.623122431999995,21.02110535936
1.4506000000000001e-05,-24.623122431999995,21.02110535936
1.4507e-05,-24.623122431999995,21.02110535936
1.4508e-05,-24.623122431999995,21.02110535936
1.4509000000000001e-05,-24.623122431999995,21.02110535936
1.4510000000000002e-05,-24.623122431999995,21.02110535936
1.4511e-05,-24.623122431999995,21.02110535936
1.4512000000000001e-05,-24.623122431999995,21.02110535936
1.4513000000000001e-05,-24.623122431999995,21.02110535936
1.4514e-05,-24.221112319999996,21.02110535936
1.4515e-05,-24.221112319999996,21.02110535936
1.4516000000000001e-05,-24.221112319999996,21.02110535936
1.4517e-05,-24.221112319999996,21.02110535936
1.4518e-05,-23.819102207999997,21.02110535936
1.4519000000000001e-05,-23.819102207999997,21.02110535936
1.4520000000000002e-05,-23.417092095999998,21.02110535936
1.4521e-05,-23.417092095999998,21.02110535936
1.4522000000000001e-05,-23.417092095999998,21.02110535936
1.4523000000000001e-05,-23.015081984,21.02110535936
1.4524e-05,-23.015081984,21.02110535936
1.4525e-05,-23.015081984,21.02110535936
1.4526000000000001e-05,-23.015081984,21.02110535936
1.4527000000000002e-05,-23.015081984,21.02110535936
1.4528e-05,-22.613071872,21.02110535936
1.4529000000000001e-05,-22.613071872,21.02110535936
1.4530000000000001e-05,-22.613071872,21.02110535936
1.4531e-05,-22.613071872,21.02110535936
1.4532e-05,-22.21106176,21.02110535936
1.4533000000000001e-05,-22.21106176,21.02110535936
1.4534e-05,-21.809051648,21.02110535936
1.4535e-05,-21.809051648,21.02110535936
1.4536000000000001e-05,-21.407041535999994,21.02110535936
1.4537000000000002e-05,-21.005031423999995,21.02110535936
1.4538e-05,-20.603021311999996,21.02110535936
1.4539000000000001e-05,-20.603021311999996,21.02110535936
1.4540000000000001e-05,-20.201011199999996,21.02110535936
1.4541e-05,-20.201011199999996,21.02110535936
1.4542e-05,-19.799001087999997,21.02110535936
1.4543000000000001e-05,-19.799001087999997,21.02110535936
1.4544000000000002e-05,-19.799001087999997,21.02110535936
1.4545e-05,-19.396990975999998,21.02110535936
1.4546000000000001e-05,-19.396990975999998,21.02110535936
1.4547000000000001e-05,-18.994980864,21.02110535936
1.4548e-05,-18.592970752,21.02110535936
1.4549e-05,-18.19096064,21.02110535936
1.4550000000000001e-05,-18.19096064,21.02110535936
1.4551e-05,-17.788950528,21.02110535936
1.4552e-05,-17.386940415999995,21.02110535936
1.4553000000000001e-05,-17.386940415999995,21.02110535936
1.4554000000000002e-05,-16.984930303999995,21.02110535936
1.4555e-05,-16.582920191999996,21.02110535936
1.4556000000000001e-05,-16.582920191999996,21.02110535936
1.4557000000000001e-05,-16.180910079999997,21.02110535936
1.4558e-05,-15.778899967999998,21.02110535936
1.4559e-05,-15.778899967999998,21.02110535936
1.4560000000000001e-05,-15.376889855999998,21.02110535936
1.4561000000000002e-05,-14.974879743999999,21.02110535936
1.4562e-05,-14.974879743999999,21.02110535936
1.4563000000000001e-05,-14.572869632,21.02110535936
1.4564000000000002e-05,-14.17085952,21.02110535936
1.4565e-05,-13.768849408000001,21.02110535936
1.4566e-05,-13.366839295999995,21.02110535936
1.4567000000000001e-05,-12.964829183999996,21.02110535936
1.4568e-05,-12.562819071999996,21.02110535936
1.4569e-05,-12.160808959999997,21.02110535936
1.4570000000000001e-05,-11.758798847999998,21.02110535936
1.4571000000000002e-05,-11.356788735999999,21.02110535936
1.4572e-05,-10.954778624,21.02110535936
1.4573000000000001e-05,-10.552768511999997,21.02110535936
1.4574000000000001e-05,-10.552768511999997,21.02110535936
1.4575e-05,-10.150758399999997,21.02110535936
1.4576e-05,-9.748748287999998,21.02110535936
1.4577000000000001e-05,-9.748748287999998,21.02110535936
1.4578000000000002e-05,-9.346738175999999,21.02110535936
1.4579e-05,-8.944728064,21.02110535936
1.4580000000000001e-05,-8.542717951999997,21.02110535936
1.4581000000000002e-05,-8.542717951999997,21.02110535936
1.4582e-05,-8.140707839999997,21.02110535936
1.4583e-05,-7.738697727999998,21.02110535936
1.4584000000000001e-05,-7.738697727999998,21.02110535936
1.4585e-05,-7.336687615999999,21.02110535936
1.4586e-05,-6.934677504,21.02110535936
1.4587000000000001e-05,-6.532667391999997,21.02110535936
1.4588000000000002e-05,-6.532667391999997,21.02110535936
1.4589e-05,-6.130657279999998,21.02110535936
1.4590000000000001e-05,-5.728647167999998,21.02110535936
1.4591000000000001e-05,-5.326637055999999,21.02110535936
1.4592e-05,-4.924626944,21.02110535936
1.4593e-05,-4.522616831999997,21.02110535936
1.4594000000000001e-05,-4.120606719999998,21.02110535936
1.4595000000000002e-05,-3.7185966079999986,21.02110535936
1.4596e-05,-3.3165864959999993,21.02110535936
1.4597000000000001e-05,-2.914576384,21.02110535936
1.4598000000000002e-05,-2.914576384,21.02110535936
1.4599e-05,-2.914576384,21.02110535936
1.46e-05,-2.5125662719999973,21.02110535936
1.4601000000000001e-05,-2.5125662719999973,21.02110535936
1.4602e-05,-2.110556159999998,21.02110535936
1.4603e-05,-1.7085460479999988,21.02110535936
1.4604000000000001e-05,-1.7085460479999988,21.02110535936
1.4605000000000002e-05,-1.3065359359999995,21.02110535936
1.4606e-05,-0.9045258240000003,21.02110535936
1.4607000000000001e-05,-0.9045258240000003,21.02110535936
1.4608000000000001e-05,-0.5025157119999974,21.02110535936
1.4609e-05,-0.1005055999999982,21.02110535936
1.461e-05,-0.1005055999999982,21.02110535936
1.4611000000000001e-05,0.30150451200000106,21.02110535936
1.4612000000000002e-05,0.7035146240000003,21.02110535936
1.4613e-05,0.7035146240000003,21.02110535936
1.4614000000000001e-05,1.1055247359999996,21.02110535936
1.4615000000000002e-05,1.1055247359999996,21.02110535936
1.4616e-05,1.1055247359999996,21.02110535936
1.4617e-05,1.1055247359999996,21.02110535936
1.4618000000000001e-05,1.1055247359999996,21.02110535936
1.4619e-05,1.1055247359999996,21.02110535936
1.462e-05,1.1055247359999996,21.02110535936
1.4621000000000001e-05,1.5075348480000024,21.02110535936
1.4622000000000002e-05,1.5075348480000024,21.02110535936
1.4623e-05,1.5075348480000024,21.02110535936
1.4624000000000001e-05,1.9095449600000016,21.02110535936
1.4625000000000001e-05,1.9095449600000016,21.02110535936
1.4626e-05,1.9095449600000016,21.02110535936
1.4627e-05,2.311555072000001,21.02110535936
1.4628000000000001e-05,2.311555072000001,21.02110535936
1.4629000000000002e-05,2.311555072000001,21.02110535936
1.463e-05,2.311555072000001,21.02110535936
1.4631000000000001e-05,2.311555072000001,21.02110535936
1.4632000000000002e-05,2.311555072000001,21.02110535936
1.4633e-05,2.311555072000001,21.02110535936
1.4634e-05,2.311555072000001,21.02110535936
1.4635000000000001e-05,2.311555072000001,21.02110535936
1.4636e-05,2.713565184,21.02110535936
1.4637e-05,2.311555072000001,21.02110535936
1.4638000000000001e-05,2.713565184,21.02110535936
1.4639000000000002e-05,2.713565184,21.02110535936
1.464e-05,2.713565184,21.02110535936
1.4641000000000001e-05,2.713565184,21.02110535936
1.4642000000000001e-05,2.713565184,21.02110535936
1.4643e-05,2.713565184,21.02110535936
1.4644e-05,2.713565184,21.02110535936
1.4645000000000001e-05,2.311555072000001,21.02110535936
1.4646000000000002e-05,2.311555072000001,21.02110535936
1.4647e-05,2.311555072000001,21.02110535936
1.4648000000000001e-05,2.311555072000001,21.02110535936
1.4649000000000002e-05,1.9095449600000016,21.02110535936
1.465e-05,1.9095449600000016,21.02110535936
1.4651e-05,1.9095449600000016,21.02110535936
1.4652000000000001e-05,1.9095449600000016,21.02110535936
1.4653e-05,1.9095449600000016,21.02110535936
1.4654e-05,1.5075348480000024,21.02110535936
1.4655000000000001e-05,1.5075348480000024,21.02110535936
1.4656000000000002e-05,1.5075348480000024,21.02110535936
1.4657e-05,1.5075348480000024,21.02110535936
1.4658000000000001e-05,1.1055247359999996,21.02110535936
1.4659000000000001e-05,1.1055247359999996,21.02110535936
1.466e-05,1.1055247359999996,21.02110535936
1.4661e-05,0.7035146240000003,21.02110535936
1.4662000000000001e-05,0.7035146240000003,21.02110535936
1.4663000000000002e-05,0.7035146240000003,21.02110535936
1.4664e-05,0.30150451200000106,21.02110535936
1.4665000000000001e-05,0.30150451200000106,21.02110535936
1.4666000000000002e-05,-0.1005055999999982,21.02110535936
1.4667e-05,-0.1005055999999982,21.02110535936
1.4668000000000001e-05,-0.5025157119999974,21.02110535936
1.4669000000000001e-05,-0.9045258240000003,21.02110535936
1.467e-05,-0.9045258240000003,21.02110535936
1.4671e-05,-1.3065359359999995,21.02110535936
1.4672000000000001e-05,-1.3065359359999995,21.02110535936
1.4673000000000002e-05,-1.7085460479999988,21.02110535936
1.4674e-05,-2.110556159999998,21.02110535936
1.4675000000000001e-05,-2.110556159999998,21.02110535936
1.4676000000000001e-05,-2.5125662719999973,21.02110535936
1.4677e-05,-2.5125662719999973,21.02110535936
1.4678e-05,-2.914576384,21.02110535936
1.4679000000000001e-05,-3.3165864959999993,21.02110535936
1.4680000000000002e-05,-3.7185966079999986,21.02110535936
1.4681e-05,-3.7185966079999986,21.02110535936
1.4682000000000001e-05,-4.120606719999998,21.02110535936
1.4683000000000002e-05,-4.120606719999998,21.02110535936
1.4684e-05,-4.522616831999997,21.02110535936
1.4685000000000001e-05,-4.924626944,21.02110535936
1.4686000000000001e-05,-5.326637055999999,21.02110535936
1.4687e-05,-5.728647167999998,21.02110535936
1.4688e-05,-5.728647167999998,21.02110535936
1.4689000000000001e-05,-6.130657279999998,21.02110535936
1.4690000000000002e-05,-6.532667391999997,21.02110535936
1.4691e-05,-6.934677504,21.02110535936
1.4692000000000001e-05,-7.336687615999999,21.02110535936
1.4693000000000001e-05,-7.738697727999998,21.02110535936
1.4694e-05,-7.738697727999998,21.02110535936
1.4695e-05,-8.140707839999997,21.02110535936
1.4696000000000001e-05,-8.542717951999997,21.02110535936
1.4697000000000002e-05,-8.944728064,21.02110535936
1.4698e-05,-8.944728064,21.02110535936
1.4699000000000001e-05,-9.346738175999999,21.02110535936
1.4700000000000002e-05,-9.748748287999998,21.02110535936
1.4701e-05,-10.150758399999997,21.02110535936
1.4702000000000001e-05,-10.552768511999997,21.02110535936
1.4703000000000001e-05,-10.954778624,21.02110535936
1.4704e-05,-10.954778624,21.02110535936
1.4705e-05,-11.356788735999999,21.02110535936
1.4706000000000001e-05,-11.356788735999999,21.02110535936
1.4707000000000002e-05,-11.758798847999998,21.02110535936
1.4708e-05,-12.160808959999997,21.02110535936
1.4709000000000001e-05,-12.160808959999997,21.02110535936
1.4710000000000001e-05,-12.562819071999996,21.02110535936
1.4711e-05,-12.964829183999996,21.02110535936
1.4712e-05,-12.964829183999996,21.02110535936
1.4713000000000001e-05,-13.366839295999995,21.02110535936
1.4714000000000002e-05,-13.768849408000001,21.02110535936
1.4715e-05,-14.17085952,21.02110535936
1.4716000000000001e-05,-14.17085952,21.02110535936
1.4717000000000002e-05,-14.572869632,21.02110535936
1.4718e-05,-14.974879743999999,21.02110535936
1.4719000000000001e-05,-15.376889855999998,21.02110535936
1.4720000000000001e-05,-15.778899967999998,21.02110535936
1.4721e-05,-16.180910079999997,21.02110535936
1.4722e-05,-16.180910079999997,21.02110535936
1.4723000000000001e-05,-16.582920191999996,21.02110535936
1.4724000000000002e-05,-16.582920191999996,21.02110535936
1.4725e-05,-16.984930303999995,21.02110535936
1.4726000000000001e-05,-16.984930303999995,21.02110535936
1.4727000000000001e-05,-17.386940415999995,21.02110535936
1.4728e-05,-17.788950528,21.02110535936
1.4729e-05,-18.19096064,21.02110535936
1.4730000000000001e-05,-18.19096064,21.02110535936
1.4731e-05,-18.592970752,21.02110535936
1.4732e-05,-18.994980864,21.02110535936
1.4733000000000001e-05,-19.396990975999998,21.02110535936
1.4734000000000002e-05,-19.396990975999998,21.02110535936
1.4735e-05,-19.799001087999997,21.02110535936
1.4736000000000001e-05,-19.799001087999997,21.02110535936
1.4737000000000001e-05,-20.201011199999996,21.02110535936
1.4738e-05,-20.201011199999996,21.02110535936
1.4739e-05,-20.201011199999996,21.02110535936
1.4740000000000001e-05,-20.603021311999996,21.02110535936
1.4741000000000002e-05,-20.603021311999996,21.02110535936
1.4742e-05,-20.603021311999996,21.02110535936
1.4743000000000001e-05,-21.005031423999995,21.02110535936
1.4744000000000001e-05,-21.005031423999995,21.02110535936
1.4745e-05,-21.407041535999994,21.02110535936
1.4746e-05,-21.809051648,21.02110535936
1.4747000000000001e-05,-21.809051648,21.02110535936
1.4748e-05,-21.809051648,21.02110535936
1.4749e-05,-22.21106176,21.02110535936
1.4750000000000001e-05,-22.21106176,21.02110535936
1.4751000000000002e-05,-22.21106176,21.02110535936
1.4752e-05,-22.613071872,21.02110535936
1.4753000000000001e-05,-22.613071872,21.02110535936
1.4754000000000001e-05,-22.613071872,21.02110535936
1.4755e-05,-22.613071872,21.02110535936
1.4756e-05,-22.613071872,21.02110535936
1.4757000000000001e-05,-22.613071872,21.02110535936
1.4758000000000002e-05,-23.015081984,21.02110535936
1.4759e-05,-23.015081984,21.02110535936
1.4760000000000001e-05,-23.015081984,21.02110535936
1.4761000000000001e-05,-23.417092095999998,21.02110535936
1.4762e-05,-23.417092095999998,21.02110535936
1.4763e-05,-23.417092095999998,21.02110535936
1.4764000000000001e-05,-23.819102207999997,21.02110535936
1.4765e-05,-23.819102207999997,21.02110535936
1.4766e-05,-23.819102207999997,21.02110535936
1.4767000000000001e-05,-23.819102207999997,21.02110535936
1.4768000000000002e-05,-23.819102207999997,21.02110535936
1.4769e-05,-23.819102207999997,21.02110535936
1.4770000000000001e-05,-23.819102207999997,21.02110535936
1.4771000000000001e-05,-23.819102207999997,21.02110535936
1.4772e-05,-24.221112319999996,21.02110535936
1.4773e-05,-24.221112319999996,21.02110535936
1.4774000000000001e-05,-24.221112319999996,21.02110535936
1.4775000000000002e-05,-24.221112319999996,21.02110535936
1.4776e-05,-24.221112319999996,21.02110535936
1.4777000000000001e-05,-24.221112319999996,21.02110535936
1.4778000000000001e-05,-24.221112319999996,21.02110535936
1.4779e-05,-24.221112319999996,21.02110535936
1.478e-05,-24.221112319999996,21.02110535936
1.4781000000000001e-05,-24.221112319999996,21.02110535936
1.4782e-05,-24.221112319999996,21.02110535936
1.4783e-05,-24.221112319999996,21.02110535936
1.4784000000000001e-05,-24.221112319999996,21.02110535936
1.4785000000000002e-05,-24.221112319999996,21.02110535936
1.4786e-05,-24.221112319999996,21.02110535936
1.4787000000000001e-05,-24.221112319999996,21.02110535936
1.4788000000000001e-05,-24.221112319999996,21.02110535936
1.4789e-05,-24.221112319999996,21.02110535936
1.479e-05,-24.221112319999996,21.02110535936
1.4791000000000001e-05,-24.221112319999996,21.02110535936
1.4792000000000002e-05,-24.221112319999996,21.02110535936
1.4793e-05,-24.221112319999996,21.02110535936
1.4794000000000001e-05,-24.221112319999996,21.02110535936
1.4795000000000001e-05,-24.221112319999996,21.02110535936
1.4796e-05,-24.623122431999995,21.02110535936
1.4797e-05,-24.623122431999995,21.02110535936
1.4798000000000001e-05,-24.623122431999995,21.02110535936
1.4799e-05,-24.221112319999996,21.02110535936
1.48e-05,-24.623122431999995,21.02110535936
1.4801000000000001e-05,-24.623122431999995,21.02110535936
1.4802000000000002e-05,-24.623122431999995,21.02110535936
1.4803e-05,-24.623122431999995,21.02110535936
1.4804000000000001e-05,-24.623122431999995,21.02110535936
1.4805000000000001e-05,-24.623122431999995,21.02110535936
1.4806e-05,-24.221112319999996,21.02110535936
1.4807e-05,-24.221112319999996,21.02110535936
1.4808000000000001e-05,-24.221112319999996,21.02110535936
1.4809000000000002e-05,-24.221112319999996,21.02110535936
1.481e-05,-23.819102207999997,21.02110535936
1.4811000000000001e-05,-23.819102207999997,21.02110535936
1.4812000000000002e-05,-23.819102207999997,21.02110535936
1.4813e-05,-23.819102207999997,21.02110535936
1.4814e-05,-23.819102207999997,21.02110535936
1.4815000000000001e-05,-23.417092095999998,21.02110535936
1.4816e-05,-23.417092095999998,21.02110535936
1.4817e-05,-23.417092095999998,21.02110535936
1.4818000000000001e-05,-23.417092095999998,21.02110535936
1.4819000000000002e-05,-23.417092095999998,21.02110535936
1.482e-05,-23.417092095999998,21.02110535936
1.4821000000000001e-05,-23.417092095999998,21.02110535936
1.4822000000000001e-05,-23.417092095999998,21.02110535936
1.4823e-05,-23.417092095999998,21.02110535936
1.4824e-05,-23.015081984,21.02110535936
1.4825000000000001e-05,-23.015081984,21.02110535936
1.4826000000000002e-05,-22.613071872,21.02110535936
1.4827e-05,-22.613071872,21.02110535936
1.4828000000000001e-05,-22.613071872,21.02110535936
1.4829000000000002e-05,-22.21106176,21.02110535936
1.483e-05,-22.21106176,21.02110535936
1.4831e-05,-22.21106176,21.02110535936
1.4832000000000001e-05,-22.21106176,21.02110535936
1.4833e-05,-22.21106176,21.02110535936
1.4834e-05,-21.809051648,21.02110535936
1.4835000000000001e-05,-21.809051648,21.02110535936
1.4836000000000002e-05,-21.809051648,21.02110535936
1.4837e-05,-21.407041535999994,21.02110535936
1.4838000000000001e-05,-21.407041535999994,21.02110535936
1.4839000000000001e-05,-21.005031423999995,21.02110535936
1.484e-05,-21.005031423999995,21.02110535936
1.4841e-05,-21.005031423999995,21.02110535936
1.4842000000000001e-05,-20.603021311999996,21.02110535936
1.4843000000000002e-05,-20.603021311999996,21.02110535936
1.4844e-05,-20.201011199999996,21.02110535936
1.4845000000000001e-05,-20.201011199999996,21.02110535936
1.4846000000000002e-05,-19.799001087999997,21.02110535936
1.4847e-05,-19.396990975999998,21.02110535936
1.4848e-05,-19.396990975999998,21.02110535936
1.4849000000000001e-05,-19.396990975999998,21.02110535936
1.485e-05,-18.994980864,21.02110535936
1.4851e-05,-18.994980864,21.02110535936
1.4852000000000001e-05,-18.592970752,21.02110535936
1.4853000000000002e-05,-18.592970752,21.02110535936
1.4854e-05,-18.19096064,21.02110535936
1.4855000000000001e-05,-18.19096064,21.02110535936
1.4856000000000001e-05,-17.788950528,21.02110535936
1.4857e-05,-17.386940415999995,21.02110535936
1.4858e-05,-16.984930303999995,21.02110535936
1.4859000000000001e-05,-16.984930303999995,21.02110535936
1.4860000000000002e-05,-16.582920191999996,21.02110535936
1.4861e-05,-16.180910079999997,21.02110535936
1.4862000000000001e-05,-16.180910079999997,21.02110535936
1.4863000000000002e-05,-15.778899967999998,21.02110535936
1.4864e-05,-15.778899967999998,21.02110535936
1.4865e-05,-15.376889855999998,21.02110535936
1.4866000000000001e-05,-15.376889855999998,21.02110535936
1.4867e-05,-15.376889855999998,21.02110535936
1.4868e-05,-14.974879743999999,21.02110535936
1.4869000000000001e-05,-14.572869632,21.02110535936
1.4870000000000002e-05,-14.572869632,21.02110535936
1.4871e-05,-14.17085952,21.02110535936
1.4872000000000001e-05,-14.17085952,21.02110535936
1.4873000000000001e-05,-13.768849408000001,21.02110535936
1.4874e-05,-13.366839295999995,21.02110535936
1.4875e-05,-13.366839295999995,21.02110535936
1.4876000000000001e-05,-12.964829183999996,21.02110535936
1.4877000000000002e-05,-12.562819071999996,21.02110535936
1.4878e-05,-12.562819071999996,21.02110535936
1.4879000000000001e-05,-12.160808959999997,21.02110535936
1.4880000000000002e-05,-12.160808959999997,21.02110535936
1.4881e-05,-11.758798847999998,21.02110535936
1.4882e-05,-11.758798847999998,21.02110535936
1.4883000000000001e-05,-11.356788735999999,21.02110535936
1.4884e-05,-11.356788735999999,21.02110535936
1.4885e-05,-10.954778624,21.02110535936
1.4886000000000001e-05,-10.552768511999997,21.02110535936
1.4887000000000002e-05,-10.552768511999997,21.02110535936
1.4888e-05,-10.150758399999997,21.02110535936
1.4889000000000001e-05,-9.748748287999998,21.02110535936
1.4890000000000001e-05,-9.748748287999998,21.02110535936
1.4891e-05,-9.346738175999999,21.02110535936
1.4892e-05,-9.346738175999999,21.02110535936
1.4893000000000001e-05,-8.944728064,21.02110535936
1.4894000000000002e-05,-8.542717951999997,21.02110535936
1.4895e-05,-8.140707839999997,21.02110535936
1.4896000000000001e-05,-8.140707839999997,21.02110535936
1.4897000000000002e-05,-7.738697727999998,21.02110535936
1.4898e-05,-7.738697727999998,21.02110535936
1.4899e-05,-7.336687615999999,21.02110535936
1.4900000000000001e-05,-7.336687615999999,21.02110535936
1.4901e-05,-6.934677504,21.02110535936
1.4902e-05,-6.934677504,21.02110535936
1.4903000000000001e-05,-6.532667391999997,21.02110535936
1.4904000000000002e-05,-6.130657279999998,21.02110535936
1.4905e-05,-6.130657279999998,21.02110535936
1.4906000000000001e-05,-5.728647167999998,21.02110535936
1.4907000000000001e-05,-5.728647167999998,21.02110535936
1.4908e-05,-5.728647167999998,21.02110535936
1.4909e-05,-5.326637055999999,21.02110535936
1.4910000000000001e-05,-5.326637055999999,21.02110535936
1.4911000000000002e-05,-4.924626944,21.02110535936
1.4912e-05,-4.924626944,21.02110535936
1.4913000000000001e-05,-4.924626944,21.02110535936
1.4914000000000002e-05,-4.522616831999997,21.02110535936
1.4915e-05,-4.522616831999997,21.02110535936
1.4916e-05,-4.522616831999997,21.02110535936
1.4917000000000001e-05,-4.120606719999998,21.02110535936
1.4918e-05,-4.120606719999998,21.02110535936
1.4919e-05,-3.7185966079999986,21.02110535936
1.4920000000000001e-05,-3.7185966079999986,21.02110535936
1.4921000000000002e-05,-3.7185966079999986,21.02110535936
1.4922e-05,-3.7185966079999986,21.02110535936
1.4923000000000001e-05,-3.7185966079999986,21.02110535936
1.4924000000000001e-05,-3.3165864959999993,21.02110535936
1.4925e-05,-3.3165864959999993,21.02110535936
1.4926e-05,-3.3165864959999993,21.02110535936
1.4927000000000001e-05,-3.3165864959999993,21.02110535936
1.4928000000000002e-05,-3.3165864959999993,21.02110535936
1.4929e-05,-3.3165864959999993,21.02110535936
1.4930000000000001e-05,-2.914576384,21.02110535936
1.4931000000000002e-05,-2.914576384,21.02110535936
1.4932e-05,-2.914576384,21.02110535936
1.4933000000000001e-05,-2.914576384,21.02110535936
1.4934000000000001e-05,-2.914576384,21.02110535936
1.4935e-05,-2.914576384,21.02110535936
1.4936e-05,-2.914576384,21.02110535936
1.4937000000000001e-05,-2.914576384,21.02110535936
1.4938000000000002e-05,-2.5125662719999973,21.02110535936
1.4939e-05,-2.5125662719999973,21.02110535936
1.4940000000000001e-05,-2.5125662719999973,21.02110535936
1.4941000000000001e-05,-2.5125662719999973,21.02110535936
1.4942e-05,-2.5125662719999973,21.02110535936
1.4943e-05,-2.5125662719999973,21.02110535936
1.4944000000000001e-05,-2.5125662719999973,21.02110535936
1.4945000000000002e-05,-2.914576384,21.02110535936
1.4946e-05,-2.914576384,21.02110535936
1.4947000000000001e-05,-2.914576384,21.02110535936
1.4948000000000002e-05,-2.914576384,21.02110535936
1.4949e-05,-2.914576384,21.02110535936
1.4950000000000001e-05,-3.3165864959999993,21.02110535936
1.4951000000000001e-05,-3.3165864959999993,21.02110535936
1.4952e-05,-3.3165864959999993,21.02110535936
1.4953e-05,-3.3165864959999993,21.02110535936
1.4954000000000001e-05,-3.3165864959999993,21.02110535936
1.4955000000000002e-05,-3.3165864959999993,21.02110535936
1.4956e-05,-3.7185966079999986,21.02110535936
1.4957000000000001e-05,-3.7185966079999986,21.02110535936
1.4958000000000001e-05,-3.7185966079999986,21.02110535936
1.4959e-05,-3.7185966079999986,21.02110535936
1.496e-05,-3.7185966079999986,21.02110535936
1.4961000000000001e-05,-4.120606719999998,21.02110535936
1.4962000000000002e-05,-4.120606719999998,21.02110535936
1.4963e-05,-4.522616831999997,21.02110535936
1.4964000000000001e-05,-4.522616831999997,21.02110535936
1.4965000000000002e-05,-4.924626944,21.02110535936
1.4966e-05,-4.924626944,21.02110535936
1.4967000000000001e-05,-5.326637055999999,21.02110535936
1.4968000000000001e-05,-5.326637055999999,21.02110535936
1.4969e-05,-5.728647167999998,21.02110535936
1.497e-05,-5.728647167999998,21.02110535936
1.4971000000000001e-05,-5.728647167999998,21.02110535936
1.4972000000000002e-05,-6.130657279999998,21.02110535936
1.4973e-05,-6.130657279999998,21.02110535936
1.4974000000000001e-05,-6.130657279999998,21.02110535936
1.4975000000000001e-05,-6.130657279999998,21.02110535936
1.4976e-05,-6.532667391999997,21.02110535936
1.4977e-05,-6.532667391999997,21.02110535936
1.4978000000000001e-05,-6.934677504,21.02110535936
1.4979000000000002e-05,-6.934677504,21.02110535936
1.498e-05,-7.336687615999999,21.02110535936
1.4981000000000001e-05,-7.738697727999998,21.02110535936
1.4982000000000002e-05,-7.738697727999998,21.02110535936
1.4983e-05,-8.140707839999997,21.02110535936
1.4984000000000001e-05,-8.542717951999997,21.02110535936
1.4985000000000001e-05,-8.542717951999997,21.02110535936
1.4986e-05,-8.542717951999997,21.02110535936
1.4987e-05,-8.944728064,21.02110535936
1.4988000000000001e-05,-8.944728064,21.02110535936
1.4989000000000002e-05,-9.346738175999999,21.02110535936
1.499e-05,-9.346738175999999,21.02110535936
1.4991000000000001e-05,-9.748748287999998,21.02110535936
1.4992000000000001e-05,-9.748748287999998,21.02110535936
1.4993e-05,-10.150758399999997,21.02110535936
1.4994e-05,-10.150758399999997,21.02110535936
1.4995000000000001e-05,-10.552768511999997,21.02110535936
1.4996000000000002e-05,-10.954778624,21.02110535936
1.4997e-05,-11.356788735999999,21.02110535936
1.4998000000000001e-05,-11.758798847999998,21.02110535936
1.4999000000000002e-05,-11.758798847999998,21.02110535936
1.5e-05,-12.160808959999997,21.02110535936
1.5001000000000001e-05,-12.562819071999996,21.02110535936
1.5002000000000001e-05,-12.964829183999996,21.02110535936
1.5003e-05,-12.964829183999996,21.02110535936
1.5004e-05,-13.366839295999995,21.02110535936
1.5005000000000001e-05,-13.366839295999995,21.02110535936
1.5006000000000002e-05,-13.768849408000001,21.02110535936
1.5007e-05,-13.768849408000001,21.02110535936
1.5008000000000001e-05,-14.17085952,21.02110535936
1.5009000000000001e-05,-14.17085952,21.02110535936
1.501e-05,-14.572869632,21.02110535936
1.5011e-05,-14.572869632,21.02110535936
1.5012000000000001e-05,-14.974879743999999,21.02110535936
1.5013000000000002e-05,-14.974879743999999,21.02110535936
1.5014e-05,-15.376889855999998,21.02110535936
1.5015000000000001e-05,-15.778899967999998,21.02110535936
1.5016000000000002e-05,-16.180910079999997,21.02110535936
1.5017e-05,-16.180910079999997,21.02110535936
1.5018000000000001e-05,-16.582920191999996,21.02110535936
1.5019000000000001e-05,-16.984930303999995,21.02110535936
1.502e-05,-16.984930303999995,21.02110535936
1.5021e-05,-17.386940415999995,21.02110535936
1.5022000000000001e-05,-17.386940415999995,21.02110535936
1.5023000000000002e-05,-17.386940415999995,21.02110535936
1.5024e-05,-17.788950528,21.02110535936
1.5025000000000001e-05,-17.788950528,21.02110535936
1.5026000000000001e-05,-18.19096064,21.02110535936
1.5027e-05,-18.19096064,21.02110535936
1.5028e-05,-18.19096064,21.02110535936
1.5029000000000001e-05,-18.592970752,21.02110535936
1.503e-05,-18.592970752,21.02110535936
1.5031e-05,-18.994980864,21.02110535936
1.5032000000000001e-05,-19.396990975999998,21.02110535936
1.5033000000000002e-05,-19.396990975999998,21.02110535936
1.5034e-05,-19.799001087999997,21.02110535936
1.5035000000000001e-05,-19.799001087999997,21.02110535936
1.5036000000000001e-05,-19.799001087999997,21.02110535936
1.5037e-05,-20.201011199999996,21.02110535936
1.5038e-05,-20.201011199999996,21.02110535936
1.5039000000000001e-05,-20.201011199999996,21.02110535936
1.5040000000000002e-05,-20.201011199999996,21.02110535936
1.5041e-05,-20.603021311999996,21.02110535936
1.5042000000000001e-05,-20.603021311999996,21.02110535936
1.5043000000000001e-05,-21.005031423999995,21.02110535936
1.5044e-05,-21.005031423999995,21.02110535936
1.5045e-05,-21.407041535999994,21.02110535936
1.5046000000000001e-05,-21.407041535999994,21.02110535936
1.5047e-05,-21.407041535999994,21.02110535936
1.5048e-05,-21.809051648,21.02110535936
1.5049000000000001e-05,-21.809051648,21.02110535936
1.5050000000000002e-05,-21.809051648,21.02110535936
1.5051e-05,-22.21106176,21.02110535936
1.5052000000000001e-05,-22.21106176,21.02110535936
1.5053000000000001e-05,-22.21106176,21.02110535936
1.5054e-05,-22.613071872,21.02110535936
1.5055e-05,-22.613071872,21.02110535936
1.5056000000000001e-05,-22.613071872,21.02110535936
1.5057000000000002e-05,-23.015081984,21.02110535936
1.5058e-05,-23.015081984,21.02110535936
1.5059000000000001e-05,-23.015081984,21.02110535936
1.5060000000000001e-05,-23.015081984,21.02110535936
1.5061e-05,-23.015081984,21.02110535936
1.5062e-05,-23.015081984,21.02110535936
1.5063000000000001e-05,-23.015081984,21.02110535936
1.5064e-05,-23.015081984,21.02110535936
1.5065e-05,-23.417092095999998,21.02110535936
1.5066000000000001e-05,-23.417092095999998,21.02110535936
1.5067000000000002e-05,-23.819102207999997,21.02110535936
1.5068e-05,-23.819102207999997,21.02110535936
1.5069000000000001e-05,-23.819102207999997,21.02110535936
1.5070000000000001e-05,-23.819102207999997,21.02110535936
1.5071e-05,-23.819102207999997,21.02110535936
1.5072e-05,-23.819102207999997,21.02110535936
1.5073000000000001e-05,-23.819102207999997,21.02110535936
1.5074000000000002e-05,-23.819102207999997,21.02110535936
1.5075e-05,-23.819102207999997,21.02110535936
1.5076000000000001e-05,-23.819102207999997,21.02110535936
1.5077000000000002e-05,-23.819102207999997,21.02110535936
1.5078e-05,-23.819102207999997,21.02110535936
1.5079e-05,-23.819102207999997,21.02110535936
1.5080000000000001e-05,-23.819102207999997,21.02110535936
1.5081e-05,-24.221112319999996,21.02110535936
1.5082e-05,-24.221112319999996,21.02110535936
1.5083000000000001e-05,-24.221112319999996,21.02110535936
1.5084000000000002e-05,-24.221112319999996,21.02110535936
1.5085e-05,-24.221112319999996,21.02110535936
1.5086000000000001e-05,-24.221112319999996,21.02110535936
1.5087000000000001e-05,-24.221112319999996,21.02110535936
1.5088e-05,-24.623122431999995,21.02110535936
1.5089e-05,-24.623122431999995,21.02110535936
1.5090000000000001e-05,-24.623122431999995,21.02110535936
1.5091000000000002e-05,-24.623122431999995,21.02110535936
1.5092e-05,-24.623122431999995,21.02110535936
1.5093000000000001e-05,-24.221112319999996,21.02110535936
1.5094000000000002e-05,-24.221112319999996,21.02110535936
1.5095e-05,-24.221112319999996,21.02110535936
1.5096e-05,-24.221112319999996,21.02110535936
1.5097000000000001e-05,-24.221112319999996,21.02110535936
1.5098e-05,-24.221112319999996,21.02110535936
1.5099e-05,-24.221112319999996,21.02110535936
1.5100000000000001e-05,-24.221112319999996,21.02110535936
1.5101000000000002e-05,-24.221112319999996,21.02110535936
1.5102e-05,-24.221112319999996,21.02110535936
1.5103000000000001e-05,-24.221112319999996,21.02110535936
1.5104000000000001e-05,-24.221112319999996,21.02110535936
1.5105e-05,-24.221112319999996,21.02110535936
1.5106e-05,-24.221112319999996,21.02110535936
1.5107000000000001e-05,-24.221112319999996,21.02110535936
1.5108000000000002e-05,-24.221112319999996,21.02110535936
1.5109e-05,-24.221112319999996,21.02110535936
1.5110000000000001e-05,-24.221112319999996,21.02110535936
1.5111000000000002e-05,-24.221112319999996,21.02110535936
1.5112e-05,-24.221112319999996,21.02110535936
1.5113e-05,-24.221112319999996,21.02110535936
1.5114000000000001e-05,-24.221112319999996,21.02110535936
1.5115e-05,-23.819102207999997,21.02110535936
1.5116e-05,-23.819102207999997,21.02110535936
1.5117000000000001e-05,-23.819102207999997,21.02110535936
1.5118000000000002e-05,-23.819102207999997,21.02110535936
1.5119e-05,-23.819102207999997,21.02110535936
1.5120000000000001e-05,-23.819102207999997,21.02110535936
1.5121000000000001e-05,-23.819102207999997,21.02110535936
1.5122e-05,-23.819102207999997,21.02110535936
1.5123e-05,-23.819102207999997,21.02110535936
1.5124000000000001e-05,-23.819102207999997,21.02110535936
1.5125000000000002e-05,-23.819102207999997,21.02110535936
1.5126e-05,-23.417092095999998,21.02110535936
1.5127000000000001e-05,-23.417092095999998,21.02110535936
1.5128000000000002e-05,-23.417092095999998,21.02110535936
1.5129e-05,-23.417092095999998,21.02110535936
1.513e-05,-23.417092095999998,21.02110535936
1.5131000000000001e-05,-23.417092095999998,21.02110535936
1.5132e-05,-23.015081984,21.02110535936
1.5133e-05,-23.015081984,21.02110535936
1.5134000000000001e-05,-23.015081984,21.02110535936
1.5135000000000002e-05,-22.613071872,21.02110535936
1.5136e-05,-22.613071872,21.02110535936
1.5137000000000001e-05,-22.613071872,21.02110535936
1.5138000000000001e-05,-22.21106176,21.02110535936
1.5139e-05,-22.21106176,21.02110535936
1.514e-05,-22.21106176,21.02110535936
1.5141000000000001e-05,-22.21106176,21.02110535936
1.5142000000000002e-05,-22.21106176,21.02110535936
1.5143e-05,-21.809051648,21.02110535936
1.5144000000000001e-05,-21.809051648,21.02110535936
1.5145000000000002e-05,-21.809051648,21.02110535936
1.5146e-05,-21.407041535999994,21.02110535936
1.5147e-05,-21.407041535999994,21.02110535936
1.5148000000000001e-05,-21.407041535999994,21.02110535936
1.5149e-05,-21.407041535999994,21.02110535936
1.515e-05,-21.407041535999994,21.02110535936
1.5151000000000001e-05,-21.407041535999994,21.02110535936
1.5152000000000002e-05,-21.005031423999995,21.02110535936
1.5153e-05,-21.005031423999995,21.02110535936
1.5154000000000001e-05,-20.603021311999996,21.02110535936
1.5155000000000001e-05,-20.201011199999996,21.02110535936
1.5156e-05,-20.201011199999996,21.02110535936
1.5157e-05,-19.799001087999997,21.02110535936
1.5158000000000001e-05,-19.799001087999997,21.02110535936
1.5159000000000002e-05,-19.799001087999997,21.02110535936
1.516e-05,-19.396990975999998,21.02110535936
1.5161000000000001e-05,-19.396990975999998,21.02110535936
1.5162000000000002e-05,-19.396990975999998,21.02110535936
1.5163e-05,-18.994980864,21.02110535936
1.5164e-05,-18.994980864,21.02110535936
1.5165000000000001e-05,-18.592970752,21.02110535936
1.5166e-05,-18.592970752,21.02110535936
1.5167e-05,-18.19096064,21.02110535936
1.5168000000000001e-05,-18.19096064,21.02110535936
1.5169000000000002e-05,-18.19096064,21.02110535936
1.517e-05,-17.788950528,21.02110535936
1.5171000000000001e-05,-17.788950528,21.02110535936
1.5172000000000001e-05,-17.788950528,21.02110535936
1.5173e-05,-17.386940415999995,21.02110535936
1.5174e-05,-17.386940415999995,21.02110535936
1.5175000000000001e-05,-16.984930303999995,21.02110535936
1.5176000000000002e-05,-16.582920191999996,21.02110535936
1.5177e-05,-16.582920191999996,21.02110535936
1.5178000000000001e-05,-16.180910079999997,21.02110535936
1.5179000000000002e-05,-16.180910079999997,21.02110535936
1.518e-05,-15.778899967999998,21.02110535936
1.5181000000000001e-05,-15.778899967999998,21.02110535936
1.5182000000000001e-05,-15.376889855999998,21.02110535936
1.5183e-05,-15.376889855999998,21.02110535936
1.5184e-05,-14.974879743999999,21.02110535936
1.5185000000000001e-05,-14.974879743999999,21.02110535936
1.5186000000000002e-05,-14.572869632,21.02110535936
1.5187e-05,-14.572869632,21.02110535936
1.5188000000000001e-05,-14.572869632,21.02110535936
1.5189000000000001e-05,-14.17085952,21.02110535936
1.519e-05,-14.17085952,21.02110535936
1.5191e-05,-13.768849408000001,21.02110535936
1.5192000000000001e-05,-13.768849408000001,21.02110535936
1.5193000000000002e-05,-13.366839295999995,21.02110535936
1.5194e-05,-13.366839295999995,21.02110535936
1.5195000000000001e-05,-12.964829183999996,21.02110535936
1.5196000000000002e-05,-12.964829183999996,21.02110535936
1.5197e-05,-12.562819071999996,21.02110535936
1.5198000000000001e-05,-12.562819071999996,21.02110535936
1.5199000000000001e-05,-12.562819071999996,21.02110535936
1.52e-05,-12.562819071999996,21.02110535936
1.5201e-05,-12.160808959999997,21.02110535936
1.5202000000000001e-05,-12.160808959999997,21.02110535936
1.5203000000000002e-05,-11.758798847999998,21.02110535936
1.5204e-05,-11.758798847999998,21.02110535936
1.5205000000000001e-05,-11.356788735999999,21.02110535936
1.5206000000000001e-05,-11.356788735999999,21.02110535936
1.5207e-05,-11.356788735999999,21.02110535936
1.5208e-05,-10.954778624,21.02110535936
1.5209000000000001e-05,-10.954778624,21.02110535936
1.5210000000000002e-05,-10.954778624,21.02110535936
1.5211e-05,-10.552768511999997,21.02110535936
1.5212000000000001e-05,-10.552768511999997,21.02110535936
1.5213000000000002e-05,-10.150758399999997,21.02110535936
1.5214e-05,-10.150758399999997,21.02110535936
1.5215000000000001e-05,-9.748748287999998,21.02110535936
1.5216000000000001e-05,-9.748748287999998,21.02110535936
1.5217e-05,-9.346738175999999,21.02110535936
1.5218e-05,-9.346738175999999,21.02110535936
1.5219000000000001e-05,-9.346738175999999,21.02110535936
1.5220000000000002e-05,-9.346738175999999,21.02110535936
1.5221e-05,-8.944728064,21.02110535936
1.5222000000000001e-05,-8.944728064,21.02110535936
1.5223000000000001e-05,-8.944728064,21.02110535936
1.5224e-05,-8.542717951999997,21.02110535936
1.5225e-05,-8.542717951999997,21.02110535936
1.5226000000000001e-05,-8.542717951999997,21.02110535936
1.5227000000000002e-05,-8.542717951999997,21.02110535936
1.5228e-05,-8.140707839999997,21.02110535936
1.5229000000000001e-05,-8.140707839999997,21.02110535936
1.5230000000000002e-05,-8.140707839999997,21.02110535936
1.5231e-05,-8.140707839999997,21.02110535936
1.5232000000000001e-05,-8.140707839999997,21.02110535936
1.5233000000000001e-05,-8.140707839999997,21.02110535936
1.5234e-05,-8.140707839999997,21.02110535936
1.5235e-05,-8.140707839999997,21.02110535936
1.5236000000000001e-05,-7.738697727999998,21.02110535936
1.5237000000000002e-05,-7.738697727999998,21.02110535936
1.5238e-05,-7.738697727999998,21.02110535936
1.5239000000000001e-05,-7.738697727999998,21.02110535936
1.5240000000000001e-05,-7.738697727999998,21.02110535936
1.5241e-05,-7.738697727999998,21.02110535936
1.5242e-05,-7.738697727999998,21.02110535936
1.5243000000000001e-05,-7.738697727999998,21.02110535936
1.5244000000000002e-05,-7.738697727999998,21.02110535936
1.5245e-05,-7.738697727999998,21.02110535936
1.5246000000000001e-05,-7.738697727999998,21.02110535936
1.5247000000000002e-05,-7.738697727999998,21.02110535936
1.5248e-05,-7.738697727999998,21.02110535936
1.5249000000000001e-05,-7.738697727999998,21.02110535936
1.5250000000000001e-05,-7.738697727999998,21.02110535936
1.5251e-05,-7.738697727999998,21.02110535936
1.5252e-05,-7.738697727999998,21.02110535936
1.5253000000000001e-05,-7.738697727999998,21.02110535936
1.5254000000000002e-05,-7.738697727999998,21.02110535936
1.5255e-05,-7.738697727999998,21.02110535936
1.5256000000000001e-05,-7.738697727999998,21.02110535936
1.5257000000000001e-05,-7.738697727999998,21.02110535936
1.5258e-05,-7.738697727999998,21.02110535936
1.5259e-05,-7.738697727999998,21.02110535936
1.526e-05,-7.738697727999998,21.02110535936
1.5261000000000002e-05,-8.140707839999997,21.02110535936
1.5262e-05,-8.140707839999997,21.02110535936
1.5263e-05,-8.140707839999997,21.02110535936
1.5264e-05,-8.140707839999997,21.02110535936
1.5265e-05,-8.140707839999997,21.02110535936
1.5266000000000003e-05,-8.140707839999997,21.02110535936
1.5267e-05,-8.140707839999997,21.02110535936
1.5268e-05,-8.140707839999997,21.02110535936
1.5269000000000002e-05,-8.140707839999997,21.02110535936
1.527e-05,-8.542717951999997,21.02110535936
1.5271e-05,-8.542717951999997,21.02110535936
1.5272000000000002e-05,-8.542717951999997,21.02110535936
1.5273e-05,-8.542717951999997,21.02110535936
1.5274e-05,-8.944728064,21.02110535936
1.5275000000000002e-05,-8.944728064,21.02110535936
1.5276e-05,-9.346738175999999,21.02110535936
1.5277e-05,-9.346738175999999,21.02110535936
1.5278000000000002e-05,-9.748748287999998,21.02110535936
1.5279e-05,-9.748748287999998,21.02110535936
1.528e-05,-9.748748287999998,21.02110535936
1.5281e-05,-9.748748287999998,21.02110535936
1.5282e-05,-9.748748287999998,21.02110535936
1.5283000000000003e-05,-10.150758399999997,21.02110535936
1.5284e-05,-10.150758399999997,21.02110535936
1.5285e-05,-10.150758399999997,21.02110535936
1.5286000000000002e-05,-10.552768511999997,21.02110535936
1.5287e-05,-10.552768511999997,21.02110535936
1.5288e-05,-10.954778624,21.02110535936
1.5289000000000002e-05,-10.954778624,21.02110535936
1.529e-05,-11.356788735999999,21.02110535936
1.5291e-05,-11.356788735999999,21.02110535936
1.5292000000000002e-05,-11.758798847999998,21.02110535936
1.5293e-05,-11.758798847999998,21.02110535936
1.5294e-05,-12.160808959999997,21.02110535936
1.5295000000000002e-05,-12.160808959999997,21.02110535936
1.5296e-05,-12.562819071999996,21.02110535936
1.5297e-05,-12.562819071999996,21.02110535936
1.5298e-05,-12.964829183999996,21.02110535936
1.5299e-05,-12.964829183999996,21.02110535936
1.5300000000000003e-05,-13.366839295999995,21.02110535936
1.5301e-05,-13.366839295999995,21.02110535936
1.5302e-05,-13.366839295999995,21.02110535936
1.5303000000000002e-05,-13.768849408000001,21.02110535936
1.5304e-05,-13.768849408000001,21.02110535936
1.5305e-05,-13.768849408000001,21.02110535936
1.5306000000000002e-05,-14.17085952,21.02110535936
1.5307e-05,-14.17085952,21.02110535936
1.5308e-05,-14.572869632,21.02110535936
1.5309000000000002e-05,-14.572869632,21.02110535936
1.531e-05,-14.974879743999999,21.02110535936
1.5311e-05,-14.974879743999999,21.02110535936
1.5312000000000002e-05,-14.974879743999999,21.02110535936
1.5313e-05,-15.376889855999998,21.02110535936
1.5314e-05,-15.376889855999998,21.02110535936
1.5315e-05,-15.376889855999998,21.02110535936
1.5316e-05,-15.778899967999998,21.02110535936
1.5317000000000003e-05,-15.778899967999998,21.02110535936
1.5318e-05,-15.778899967999998,21.02110535936
1.5319e-05,-16.180910079999997,21.02110535936
1.5320000000000002e-05,-16.180910079999997,21.02110535936
1.5321e-05,-16.582920191999996,21.02110535936
1.5322e-05,-16.582920191999996,21.02110535936
1.5323000000000002e-05,-16.984930303999995,21.02110535936
1.5324e-05,-16.984930303999995,21.02110535936
1.5325e-05,-17.386940415999995,21.02110535936
1.5326000000000002e-05,-17.386940415999995,21.02110535936
1.5327e-05,-17.788950528,21.02110535936
1.5328e-05,-18.19096064,21.02110535936
1.5329000000000002e-05,-18.19096064,21.02110535936
1.533e-05,-18.592970752,21.02110535936
1.5331e-05,-18.994980864,21.02110535936
1.5332e-05,-18.994980864,21.02110535936
1.5333e-05,-18.994980864,21.02110535936
1.5334000000000003e-05,-19.396990975999998,21.02110535936
1.5335e-05,-19.396990975999998,21.02110535936
1.5336e-05,-19.396990975999998,21.02110535936
1.5337000000000002e-05,-19.396990975999998,21.02110535936
1.5338e-05,-19.799001087999997,21.02110535936
1.5339e-05,-19.799001087999997,21.02110535936
1.5340000000000002e-05,-19.799001087999997,21.02110535936
1.5341e-05,-20.201011199999996,21.02110535936
1.5342e-05,-20.201011199999996,21.02110535936
1.5343000000000002e-05,-20.201011199999996,21.02110535936
1.5344e-05,-20.603021311999996,21.02110535936
1.5345e-05,-20.603021311999996,21.02110535936
1.5346000000000002e-05,-20.603021311999996,21.02110535936
1.5347e-05,-21.005031423999995,21.02110535936
1.5348e-05,-21.005031423999995,21.02110535936
1.5349e-05,-21.407041535999994,21.02110535936
1.535e-05,-21.407041535999994,21.02110535936
1.5351000000000003e-05,-21.407041535999994,21.02110535936
1.5352e-05,-21.809051648,21.02110535936
1.5353e-05,-21.809051648,21.02110535936
1.5354000000000002e-05,-21.809051648,21.02110535936
1.5355e-05,-21.809051648,21.02110535936
1.5356e-05,-21.809051648,21.02110535936
1.5357000000000002e-05,-21.809051648,21.02110535936
1.5358e-05,-21.809051648,21.02110535936
1.5359e-05,-22.21106176,21.02110535936
1.5360000000000002e-05,-22.21106176,21.02110535936
1.5361e-05,-22.21106176,21.02110535936
1.5362e-05,-22.21106176,21.02110535936
1.5363000000000002e-05,-22.613071872,21.02110535936
1.5364e-05,-22.613071872,21.02110535936
1.5365e-05,-22.613071872,21.02110535936
1.5366e-05,-22.613071872,21.02110535936
1.5367e-05,-23.015081984,21.02110535936
1.5368000000000003e-05,-23.015081984,21.02110535936
1.5369e-05,-23.417092095999998,21.02110535936
1.537e-05,-23.417092095999998,21.02110535936
1.5371000000000002e-05,-23.417092095999998,21.02110535936
1.5372e-05,-23.417092095999998,21.02110535936
1.5373e-05,-23.417092095999998,21.02110535936
1.5374000000000002e-05,-23.417092095999998,21.02110535936
1.5375e-05,-23.417092095999998,21.02110535936
1.5376e-05,-23.417092095999998,21.02110535936
1.5377000000000002e-05,-23.417092095999998,21.02110535936
1.5378e-05,-23.417092095999998,21.02110535936
1.5379e-05,-23.417092095999998,21.02110535936
1.5380000000000002e-05,-23.417092095999998,21.02110535936
1.5381e-05,-23.819102207999997,21.02110535936
1.5382e-05,-23.819102207999997,21.02110535936
1.5383e-05,-23.819102207999997,21.02110535936
1.5384e-05,-23.819102207999997,21.02110535936
1.5385000000000003e-05,-23.819102207999997,21.02110535936
1.5386e-05,-24.221112319999996,21.02110535936
1.5387e-05,-24.221112319999996,21.02110535936
1.5388000000000002e-05,-24.221112319999996,21.02110535936
1.5389e-05,-24.221112319999996,21.02110535936
1.539e-05,-24.221112319999996,21.02110535936
1.5391000000000002e-05,-24.221112319999996,21.02110535936
1.5392e-05,-24.221112319999996,21.02110535936
1.5393e-05,-24.221112319999996,21.02110535936
1.5394000000000002e-05,-24.221112319999996,21.02110535936
1.5395e-05,-24.221112319999996,21.02110535936
1.5396e-05,-24.221112319999996,21.02110535936
1.5397000000000002e-05,-24.221112319999996,21.02110535936
1.5398e-05,-24.221112319999996,21.02110535936
1.5399e-05,-24.221112319999996,21.02110535936
1.54e-05,-24.221112319999996,21.02110535936
1.5401e-05,-24.221112319999996,21.02110535936
1.5402000000000003e-05,-24.221112319999996,21.02110535936
1.5403e-05,-24.221112319999996,21.02110535936
1.5404e-05,-24.623122431999995,21.02110535936
1.5405000000000002e-05,-24.623122431999995,21.02110535936
1.5406e-05,-24.221112319999996,21.02110535936
1.5407e-05,-24.221112319999996,21.02110535936
1.5408000000000002e-05,-24.221112319999996,21.02110535936
1.5409e-05,-24.221112319999996,21.02110535936
1.541e-05,-24.221112319999996,21.02110535936
1.5411000000000002e-05,-24.221112319999996,21.02110535936
1.5412e-05,-24.221112319999996,21.02110535936
1.5413e-05,-24.221112319999996,21.02110535936
1.5414000000000002e-05,-24.221112319999996,21.02110535936
1.5415e-05,-24.221112319999996,21.02110535936
1.5416e-05,-24.221112319999996,21.02110535936
1.5417e-05,-24.221112319999996,21.02110535936
1.5418e-05,-24.221112319999996,21.02110535936
1.5419000000000003e-05,-24.221112319999996,21.02110535936
1.542e-05,-24.221112319999996,21.02110535936
1.5421e-05,-24.221112319999996,21.02110535936
1.5422000000000002e-05,-23.819102207999997,21.02110535936
1.5423e-05,-23.819102207999997,21.02110535936
1.5424e-05,-23.819102207999997,21.02110535936
1.5425000000000002e-05,-23.819102207999997,21.02110535936
1.5426e-05,-23.819102207999997,21.02110535936
1.5427e-05,-23.819102207999997,21.02110535936
1.5428000000000002e-05,-23.819102207999997,21.02110535936
1.5429e-05,-23.819102207999997,21.02110535936
1.543e-05,-23.819102207999997,21.02110535936
1.5431000000000002e-05,-23.819102207999997,21.02110535936
1.5432e-05,-23.819102207999997,21.02110535936
1.5433e-05,-23.819102207999997,21.02110535936
1.5434e-05,-23.819102207999997,21.02110535936
1.5435e-05,-23.819102207999997,21.02110535936
1.5436000000000003e-05,-23.819102207999997,21.02110535936
1.5437e-05,-24.221112319999996,21.02110535936
1.5438e-05,-24.221112319999996,21.02110535936
1.5439000000000002e-05,-24.221112319999996,21.02110535936
1.544e-05,-23.819102207999997,21.02110535936
1.5441e-05,-23.819102207999997,21.02110535936
1.5442000000000002e-05,-23.417092095999998,21.02110535936
1.5443e-05,-23.417092095999998,21.02110535936
1.5444e-05,-23.417092095999998,21.02110535936
1.5445000000000002e-05,-23.015081984,21.02110535936
1.5446e-05,-23.015081984,21.02110535936
1.5447e-05,-23.015081984,21.02110535936
1.5448000000000002e-05,-23.417092095999998,21.02110535936
1.5449e-05,-23.417092095999998,21.02110535936
1.545e-05,-23.015081984,21.02110535936
1.5451e-05,-23.015081984,21.02110535936
1.5452e-05,-23.015081984,21.02110535936
1.5453000000000003e-05,-23.015081984,21.02110535936
1.5454e-05,-23.015081984,21.02110535936
1.5455e-05,-22.613071872,21.02110535936
1.5456000000000002e-05,-22.613071872,21.02110535936
1.5457e-05,-22.613071872,21.02110535936
1.5458e-05,-22.21106176,21.02110535936
1.5459000000000002e-05,-22.21106176,21.02110535936
1.546e-05,-22.21106176,21.02110535936
1.5461e-05,-22.21106176,21.02110535936
1.5462000000000002e-05,-22.21106176,21.02110535936
1.5463e-05,-21.809051648,21.02110535936
1.5464e-05,-21.809051648,21.02110535936
1.5465000000000002e-05,-21.809051648,21.02110535936
1.5466e-05,-21.809051648,21.02110535936
1.5467e-05,-21.809051648,21.02110535936
1.5468e-05,-21.809051648,21.02110535936
1.5469e-05,-21.407041535999994,21.02110535936
1.5470000000000003e-05,-21.407041535999994,21.02110535936
1.5471e-05,-21.407041535999994,21.02110535936
1.5472e-05,-21.005031423999995,21.02110535936
1.5473000000000002e-05,-21.005031423999995,21.02110535936
1.5474e-05,-20.603021311999996,21.02110535936
1.5475e-05,-20.603021311999996,21.02110535936
1.5476000000000002e-05,-20.603021311999996,21.02110535936
1.5477e-05,-20.201011199999996,21.02110535936
1.5478e-05,-20.201011199999996,21.02110535936
1.5479000000000002e-05,-20.201011199999996,21.02110535936
1.548e-05,-20.201011199999996,21.02110535936
1.5481e-05,-19.799001087999997,21.02110535936
1.5482000000000002e-05,-19.799001087999997,21.02110535936
1.5483e-05,-19.799001087999997,21.02110535936
1.5484e-05,-19.396990975999998,21.02110535936
1.5485e-05,-19.396990975999998,21.02110535936
1.5486e-05,-18.994980864,21.02110535936
1.5487e-05,-18.994980864,21.02110535936
1.5488e-05,-18.592970752,21.02110535936
1.5489e-05,-18.19096064,21.02110535936
1.5490000000000002e-05,-18.19096064,21.02110535936
1.5491e-05,-18.19096064,21.02110535936
1.5492e-05,-17.788950528,21.02110535936
1.5493000000000002e-05,-17.788950528,21.02110535936
1.5494e-05,-17.788950528,21.02110535936
1.5495e-05,-17.788950528,21.02110535936
1.5496000000000002e-05,-17.788950528,21.02110535936
1.5497e-05,-17.386940415999995,21.02110535936
1.5498e-05,-17.386940415999995,21.02110535936
1.5499000000000002e-05,-17.386940415999995,21.02110535936
1.55e-05,-16.984930303999995,21.02110535936
1.5501e-05,-16.984930303999995,21.02110535936
1.5502e-05,-16.582920191999996,21.02110535936
1.5503e-05,-16.582920191999996,21.02110535936
1.5504e-05,-16.582920191999996,21.02110535936
1.5505e-05,-16.180910079999997,21.02110535936
1.5506e-05,-16.180910079999997,21.02110535936
1.5507000000000002e-05,-16.180910079999997,21.02110535936
1.5508e-05,-16.180910079999997,21.02110535936
1.5509e-05,-15.778899967999998,21.02110535936
1.5510000000000002e-05,-15.778899967999998,21.02110535936
1.5511e-05,-15.778899967999998,21.02110535936
1.5512e-05,-15.376889855999998,21.02110535936
1.5513000000000002e-05,-15.376889855999998,21.02110535936
1.5514e-05,-14.974879743999999,21.02110535936
1.5515e-05,-14.974879743999999,21.02110535936
1.5516000000000002e-05,-14.974879743999999,21.02110535936
1.5517e-05,-14.572869632,21.02110535936
1.5518e-05,-14.572869632,21.02110535936
1.5519e-05,-14.572869632,21.02110535936
1.552e-05,-14.572869632,21.02110535936
1.5521e-05,-14.17085952,21.02110535936
1.5522e-05,-14.17085952,21.02110535936
1.5523e-05,-14.17085952,21.02110535936
1.5524000000000002e-05,-14.17085952,21.02110535936
1.5525e-05,-13.768849408000001,21.02110535936
1.5526e-05,-13.768849408000001,21.02110535936
1.5527000000000002e-05,-13.768849408000001,21.02110535936
1.5528e-05,-13.366839295999995,21.02110535936
1.5529e-05,-13.366839295999995,21.02110535936
1.5530000000000002e-05,-13.366839295999995,21.02110535936
1.5531e-05,-13.366839295999995,21.02110535936
1.5532e-05,-12.964829183999996,21.02110535936
1.5533000000000002e-05,-12.964829183999996,21.02110535936
1.5534e-05,-12.964829183999996,21.02110535936
1.5535e-05,-12.964829183999996,21.02110535936
1.5536e-05,-12.562819071999996,21.02110535936
1.5537e-05,-12.562819071999996,21.02110535936
1.5538e-05,-12.562819071999996,21.02110535936
1.5539e-05,-12.562819071999996,21.02110535936
1.554e-05,-12.562819071999996,21.02110535936
1.5541000000000002e-05,-12.160808959999997,21.02110535936
1.5542e-05,-12.160808959999997,21.02110535936
1.5543e-05,-12.160808959999997,21.02110535936
1.5544000000000002e-05,-12.160808959999997,21.02110535936
1.5545e-05,-11.758798847999998,21.02110535936
1.5546e-05,-11.758798847999998,21.02110535936
1.5547000000000002e-05,-11.758798847999998,21.02110535936
1.5548e-05,-11.758798847999998,21.02110535936
1.5549e-05,-11.356788735999999,21.02110535936
1.5550000000000002e-05,-11.356788735999999,21.02110535936
1.5551e-05,-11.356788735999999,21.02110535936
1.5552e-05,-11.356788735999999,21.02110535936
1.5553e-05,-11.356788735999999,21.02110535936
1.5554e-05,-11.356788735999999,21.02110535936
1.5555e-05,-11.356788735999999,21.02110535936
1.5556e-05,-11.356788735999999,21.02110535936
1.5557e-05,-11.356788735999999,21.02110535936
1.5558000000000002e-05,-11.356788735999999,21.02110535936
1.5559e-05,-11.356788735999999,21.02110535936
1.556e-05,-11.356788735999999,21.02110535936
1.5561000000000002e-05,-11.356788735999999,21.02110535936
1.5562e-05,-11.356788735999999,21.02110535936
1.5563e-05,-11.356788735999999,21.02110535936
1.5564000000000002e-05,-11.356788735999999,21.02110535936
1.5565e-05,-11.356788735999999,21.02110535936
1.5566e-05,-11.356788735999999,21.02110535936
1.5567000000000002e-05,-11.356788735999999,21.02110535936
1.5568e-05,-11.356788735999999,21.02110535936
1.5569e-05,-11.356788735999999,21.02110535936
1.5570000000000002e-05,-11.356788735999999,21.02110535936
1.5571e-05,-11.356788735999999,21.02110535936
1.5572e-05,-11.356788735999999,21.02110535936
1.5573e-05,-11.356788735999999,21.02110535936
1.5574e-05,-11.758798847999998,21.02110535936
1.5575000000000002e-05,-11.758798847999998,21.02110535936
1.5576e-05,-11.758798847999998,21.02110535936
1.5577e-05,-11.758798847999998,21.02110535936
1.5578000000000002e-05,-11.758798847999998,21.02110535936
1.5579e-05,-11.758798847999998,21.02110535936
1.558e-05,-11.758798847999998,21.02110535936
1.5581000000000002e-05,-11.758798847999998,21.02110535936
1.5582e-05,-11.758798847999998,21.02110535936
1.5583e-05,-11.758798847999998,21.02110535936
1.5584000000000002e-05,-12.160808959999997,21.02110535936
1.5585e-05,-12.160808959999997,21.02110535936
1.5586e-05,-12.160808959999997,21.02110535936
1.5587000000000002e-05,-12.160808959999997,21.02110535936
1.5588e-05,-12.562819071999996,21.02110535936
1.5589e-05,-12.562819071999996,21.02110535936
1.559e-05,-12.562819071999996,21.02110535936
1.5591e-05,-12.562819071999996,21.02110535936
1.5592000000000003e-05,-12.562819071999996,21.02110535936
1.5593e-05,-12.562819071999996,21.02110535936
1.5594e-05,-12.562819071999996,21.02110535936
1.5595000000000002e-05,-12.562819071999996,21.02110535936
1.5596e-05,-12.964829183999996,21.02110535936
1.5597e-05,-12.964829183999996,21.02110535936
1.5598000000000002e-05,-12.964829183999996,21.02110535936
1.5599e-05,-13.366839295999995,21.02110535936
1.56e-05,-13.366839295999995,21.02110535936
1.5601000000000002e-05,-13.366839295999995,21.02110535936
1.5602e-05,-13.366839295999995,21.02110535936
1.5603e-05,-13.768849408000001,21.02110535936
1.5604000000000002e-05,-13.768849408000001,21.02110535936
1.5605e-05,-13.768849408000001,21.02110535936
1.5606e-05,-14.17085952,21.02110535936
1.5607e-05,-14.17085952,21.02110535936
1.5608e-05,-14.17085952,21.02110535936
1.5609000000000003e-05,-14.17085952,21.02110535936
1.561e-05,-14.572869632,21.02110535936
1.5611e-05,-14.572869632,21.02110535936
1.5612000000000002e-05,-14.572869632,21.02110535936
1.5613e-05,-14.572869632,21.02110535936
1.5614e-05,-14.974879743999999,21.02110535936
1.5615000000000002e-05,-14.974879743999999,21.02110535936
1.5616e-05,-15.376889855999998,21.02110535936
1.5617e-05,-15.376889855999998,21.02110535936
1.5618000000000002e-05,-15.778899967999998,21.02110535936
1.5619e-05,-15.778899967999998,21.02110535936
1.562e-05,-16.180910079999997,21.02110535936
1.5621000000000002e-05,-16.180910079999997,21.02110535936
1.5622e-05,-16.582920191999996,21.02110535936
1.5623e-05,-16.582920191999996,21.02110535936
1.5624e-05,-16.582920191999996,21.02110535936
1.5625e-05,-16.582920191999996,21.02110535936
1.5626000000000003e-05,-16.582920191999996,21.02110535936
1.5627e-05,-16.984930303999995,21.02110535936
1.5628e-05,-16.984930303999995,21.02110535936
1.5629000000000002e-05,-16.984930303999995,21.02110535936
1.563e-05,-16.984930303999995,21.02110535936
1.5631e-05,-17.386940415999995,21.02110535936
1.5632000000000002e-05,-17.386940415999995,21.02110535936
1.5633e-05,-17.386940415999995,21.02110535936
1.5634e-05,-17.788950528,21.02110535936
1.5635000000000002e-05,-17.788950528,21.02110535936
1.5636e-05,-18.19096064,21.02110535936
1.5637e-05,-18.19096064,21.02110535936
1.5638000000000002e-05,-18.592970752,21.02110535936
1.5639e-05,-18.592970752,21.02110535936
1.564e-05,-18.592970752,21.02110535936
1.5641e-05,-18.592970752,21.02110535936
1.5642e-05,-18.994980864,21.02110535936
1.5643000000000003e-05,-18.994980864,21.02110535936
1.5644e-05,-19.396990975999998,21.02110535936
1.5645e-05,-19.396990975999998,21.02110535936
1.5646000000000002e-05,-19.396990975999998,21.02110535936
1.5647e-05,-19.799001087999997,21.02110535936
1.5648e-05,-19.799001087999997,21.02110535936
1.5649000000000002e-05,-19.799001087999997,21.02110535936
1.565e-05,-19.799001087999997,21.02110535936
1.5651e-05,-19.799001087999997,21.02110535936
1.5652000000000002e-05,-19.799001087999997,21.02110535936
1.5653e-05,-20.201011199999996,21.02110535936
1.5654e-05,-20.201011199999996,21.02110535936
1.5655000000000002e-05,-20.201011199999996,21.02110535936
1.5656e-05,-20.603021311999996,21.02110535936
1.5657e-05,-20.603021311999996,21.02110535936
1.5658e-05,-21.005031423999995,21.02110535936
1.5659e-05,-21.005031423999995,21.02110535936
1.5660000000000003e-05,-21.005031423999995,21.02110535936
1.5661e-05,-21.005031423999995,21.02110535936
1.5662e-05,-21.005031423999995,21.02110535936
1.5663000000000002e-05,-21.005031423999995,21.02110535936
1.5664e-05,-21.407041535999994,21.02110535936
1.5665e-05,-21.407041535999994,21.02110535936
1.5666000000000002e-05,-21.407041535999994,21.02110535936
1.5667e-05,-21.407041535999994,21.02110535936
1.5668e-05,-21.809051648,21.02110535936
1.5669000000000002e-05,-21.809051648,21.02110535936
1.567e-05,-21.809051648,21.02110535936
1.5671e-05,-21.809051648,21.02110535936
1.5672000000000002e-05,-22.21106176,21.02110535936
1.5673e-05,-21.809051648,21.02110535936
1.5674e-05,-21.809051648,21.02110535936
1.5675e-05,-22.21106176,21.02110535936
1.5676e-05,-22.21106176,21.02110535936
1.5677000000000003e-05,-22.21106176,21.02110535936
1.5678e-05,-22.613071872,21.02110535936
1.5679e-05,-22.613071872,21.02110535936
1.5680000000000002e-05,-22.613071872,21.02110535936
1.5681e-05,-22.613071872,21.02110535936
1.5682e-05,-22.613071872,21.02110535936
1.5683000000000002e-05,-23.015081984,21.02110535936
1.5684e-05,-23.015081984,21.02110535936
1.5685e-05,-23.015081984,21.02110535936
1.5686000000000002e-05,-23.015081984,21.02110535936
1.5687e-05,-23.015081984,21.02110535936
1.5688e-05,-23.015081984,21.02110535936
1.5689000000000002e-05,-23.417092095999998,21.02110535936
1.569e-05,-23.417092095999998,21.02110535936
1.5691e-05,-23.417092095999998,21.02110535936
1.5692e-05,-23.417092095999998,21.02110535936
1.5693e-05,-23.417092095999998,21.02110535936
1.5694000000000003e-05,-23.417092095999998,21.02110535936
1.5695e-05,-23.417092095999998,21.02110535936
1.5696e-05,-23.819102207999997,21.02110535936
1.5697000000000002e-05,-23.819102207999997,21.02110535936
1.5698e-05,-23.819102207999997,21.02110535936
1.5699e-05,-23.819102207999997,21.02110535936
1.5700000000000002e-05,-23.819102207999997,21.02110535936
1.5701e-05,-23.819102207999997,21.02110535936
1.5702e-05,-23.819102207999997,21.02110535936
1.5703000000000002e-05,-23.819102207999997,21.02110535936
1.5704e-05,-23.819102207999997,21.02110535936
1.5705e-05,-23.819102207999997,21.02110535936
1.5706000000000002e-05,-23.819102207999997,21.02110535936
1.5707e-05,-23.819102207999997,21.02110535936
1.5708e-05,-23.819102207999997,21.02110535936
1.5709e-05,-23.819102207999997,21.02110535936
1.571e-05,-23.819102207999997,21.02110535936
1.5711000000000003e-05,-23.819102207999997,21.02110535936
1.5712e-05,-23.819102207999997,21.02110535936
1.5713e-05,-23.819102207999997,21.02110535936
1.5714000000000002e-05,-23.819102207999997,21.02110535936
1.5715e-05,-24.221112319999996,21.02110535936
1.5716e-05,-24.221112319999996,21.02110535936
1.5717000000000002e-05,-24.221112319999996,21.02110535936
1.5718e-05,-24.221112319999996,21.02110535936
1.5719e-05,-24.221112319999996,21.02110535936
1.5720000000000002e-05,-24.221112319999996,21.02110535936
1.5721e-05,-24.221112319999996,21.02110535936
1.5722e-05,-24.221112319999996,21.02110535936
1.5723000000000002e-05,-24.221112319999996,21.02110535936
1.5724e-05,-24.221112319999996,21.02110535936
1.5725e-05,-24.221112319999996,21.02110535936
1.5726e-05,-24.221112319999996,21.02110535936
1.5727e-05,-24.221112319999996,21.02110535936
1.5728000000000003e-05,-24.221112319999996,21.02110535936
1.5729e-05,-24.221112319999996,21.02110535936
1.573e-05,-24.221112319999996,21.02110535936
1.5731000000000002e-05,-24.221112319999996,21.02110535936
1.5732e-05,-24.221112319999996,21.02110535936
1.5733e-05,-24.221112319999996,21.02110535936
1.5734000000000002e-05,-24.221112319999996,21.02110535936
1.5735e-05,-24.221112319999996,21.02110535936
1.5736e-05,-24.221112319999996,21.02110535936
1.5737000000000002e-05,-23.819102207999997,21.02110535936
1.5738e-05,-23.819102207999997,21.02110535936
1.5739e-05,-23.819102207999997,21.02110535936
1.5740000000000002e-05,-23.819102207999997,21.02110535936
1.5741e-05,-24.221112319999996,21.02110535936
1.5742e-05,-24.221112319999996,21.02110535936
1.5743e-05,-24.221112319999996,21.02110535936
1.5744e-05,-24.221112319999996,21.02110535936
1.5745000000000003e-05,-24.221112319999996,21.02110535936
1.5746e-05,-23.819102207999997,21.02110535936
1.5747e-05,-23.819102207999997,21.02110535936
1.5748000000000002e-05,-23.819102207999997,21.02110535936
1.5749e-05,-23.819102207999997,21.02110535936
1.575e-05,-23.819102207999997,21.02110535936
1.5751000000000002e-05,-23.819102207999997,21.02110535936
1.5752e-05,-23.417092095999998,21.02110535936
1.5753e-05,-23.417092095999998,21.02110535936
1.5754000000000002e-05,-23.417092095999998,21.02110535936
1.5755e-05,-23.819102207999997,21.02110535936
1.5756e-05,-23.819102207999997,21.02110535936
1.5757000000000002e-05,-23.819102207999997,21.02110535936
1.5758e-05,-23.819102207999997,21.02110535936
1.5759e-05,-23.819102207999997,21.02110535936
1.576e-05,-23.819102207999997,21.02110535936
1.5761e-05,-23.819102207999997,21.02110535936
1.5762000000000003e-05,-23.819102207999997,21.02110535936
1.5763e-05,-23.819102207999997,21.02110535936
1.5764e-05,-23.819102207999997,21.02110535936
1.5765000000000002e-05,-23.417092095999998,21.02110535936
1.5766e-05,-23.417092095999998,21.02110535936
1.5767e-05,-23.417092095999998,21.02110535936
1.5768000000000002e-05,-23.417092095999998,21.02110535936
1.5769e-05,-23.015081984,21.02110535936
1.577e-05,-23.015081984,21.02110535936
1.5771000000000002e-05,-23.015081984,21.02110535936
1.5772e-05,-23.015081984,21.02110535936
1.5773e-05,-23.015081984,21.02110535936
1.5774000000000002e-05,-23.015081984,21.02110535936
1.5775e-05,-23.015081984,21.02110535936
1.5776e-05,-23.015081984,21.02110535936
1.5777e-05,-23.015081984,21.02110535936
1.5778e-05,-23.015081984,21.02110535936
1.5779000000000003e-05,-23.015081984,21.02110535936
1.578e-05,-23.015081984,21.02110535936
1.5781e-05,-23.015081984,21.02110535936
1.5782000000000002e-05,-22.613071872,21.02110535936
1.5783e-05,-22.613071872,21.02110535936
1.5784e-05,-22.613071872,21.02110535936
1.5785000000000002e-05,-22.613071872,21.02110535936
1.5786e-05,-22.613071872,21.02110535936
1.5787e-05,-22.613071872,21.02110535936
1.5788000000000002e-05,-22.613071872,21.02110535936
1.5789e-05,-22.613071872,21.02110535936
1.579e-05,-22.613071872,21.02110535936
1.5791000000000002e-05,-22.613071872,21.02110535936
1.5792e-05,-22.21106176,21.02110535936
1.5793e-05,-22.21106176,21.02110535936
1.5794e-05,-22.21106176,21.02110535936
1.5795e-05,-22.21106176,21.02110535936
1.5796000000000003e-05,-21.809051648,21.02110535936
1.5797e-05,-21.809051648,21.02110535936
1.5798e-05,-21.809051648,21.02110535936
1.5799000000000002e-05,-21.809051648,21.02110535936
1.58e-05,-21.407041535999994,21.02110535936
1.5801e-05,-21.407041535999994,21.02110535936
1.5802000000000002e-05,-21.005031423999995,21.02110535936
1.5803e-05,-21.005031423999995,21.02110535936
1.5804e-05,-21.005031423999995,21.02110535936
1.5805000000000002e-05,-21.005031423999995,21.02110535936
1.5806e-05,-20.603021311999996,21.02110535936
1.5807e-05,-20.603021311999996,21.02110535936
1.5808000000000002e-05,-20.603021311999996,21.02110535936
1.5809e-05,-20.201011199999996,21.02110535936
1.581e-05,-20.201011199999996,21.02110535936
1.5811e-05,-20.201011199999996,21.02110535936
1.5812e-05,-20.201011199999996,21.02110535936
1.5813000000000003e-05,-19.799001087999997,21.02110535936
1.5814e-05,-19.799001087999997,21.02110535936
1.5815e-05,-19.799001087999997,21.02110535936
1.5816000000000002e-05,-19.396990975999998,21.02110535936
1.5817e-05,-19.396990975999998,21.02110535936
1.5818e-05,-19.396990975999998,21.02110535936
1.5819000000000002e-05,-18.994980864,21.02110535936
1.582e-05,-18.994980864,21.02110535936
1.5821e-05,-18.994980864,21.02110535936
1.5822000000000002e-05,-18.592970752,21.02110535936
1.5823e-05,-18.592970752,21.02110535936
1.5824e-05,-18.592970752,21.02110535936
1.5825000000000002e-05,-18.592970752,21.02110535936
1.5826e-05,-18.592970752,21.02110535936
1.5827e-05,-18.592970752,21.02110535936
1.5828e-05,-18.19096064,21.02110535936
1.5829e-05,-18.19096064,21.02110535936
1.5830000000000003e-05,-18.19096064,21.02110535936
1.5831e-05,-18.19096064,21.02110535936
1.5832e-05,-17.788950528,21.02110535936
1.5833000000000002e-05,-17.788950528,21.02110535936
1.5834e-05,-17.788950528,21.02110535936
1.5835e-05,-17.788950528,21.02110535936
1.5836000000000002e-05,-17.788950528,21.02110535936
1.5837e-05,-17.788950528,21.02110535936
1.5838e-05,-17.386940415999995,21.02110535936
1.5839000000000002e-05,-17.386940415999995,21.02110535936
1.584e-05,-17.386940415999995,21.02110535936
1.5841e-05,-17.386940415999995,21.02110535936
1.5842000000000002e-05,-17.386940415999995,21.02110535936
1.5843e-05,-16.984930303999995,21.02110535936
1.5844e-05,-16.984930303999995,21.02110535936
1.5845e-05,-16.582920191999996,21.02110535936
1.5846e-05,-16.582920191999996,21.02110535936
1.5847000000000003e-05,-16.582920191999996,21.02110535936
1.5848e-05,-16.180910079999997,21.02110535936
1.5849e-05,-16.180910079999997,21.02110535936
1.5850000000000002e-05,-16.180910079999997,21.02110535936
1.5851e-05,-16.180910079999997,21.02110535936
1.5852e-05,-16.180910079999997,21.02110535936
1.5853000000000002e-05,-15.778899967999998,21.02110535936
1.5854e-05,-15.778899967999998,21.02110535936
1.5855e-05,-15.778899967999998,21.02110535936
1.5856000000000002e-05,-15.778899967999998,21.02110535936
1.5857e-05,-15.778899967999998,21.02110535936
1.5858e-05,-15.778899967999998,21.02110535936
1.5859000000000002e-05,-15.778899967999998,21.02110535936
1.586e-05,-15.778899967999998,21.02110535936
1.5861e-05,-15.376889855999998,21.02110535936
1.5862e-05,-15.376889855999998,21.02110535936
1.5863e-05,-15.376889855999998,21.02110535936
1.5864000000000003e-05,-15.376889855999998,21.02110535936
1.5865e-05,-15.376889855999998,21.02110535936
1.5866e-05,-15.376889855999998,21.02110535936
1.5867000000000002e-05,-15.376889855999998,21.02110535936
1.5868e-05,-15.376889855999998,21.02110535936
1.5869e-05,-14.974879743999999,21.02110535936
1.5870000000000002e-05,-14.974879743999999,21.02110535936
1.5871e-05,-14.974879743999999,21.02110535936
1.5872e-05,-14.974879743999999,21.02110535936
1.5873000000000002e-05,-14.974879743999999,21.02110535936
1.5874e-05,-14.572869632,21.02110535936
1.5875e-05,-14.572869632,21.02110535936
1.5876000000000002e-05,-14.572869632,21.02110535936
1.5877e-05,-14.572869632,21.02110535936
1.5878e-05,-14.572869632,21.02110535936
1.5879e-05,-14.572869632,21.02110535936
1.588e-05,-14.572869632,21.02110535936
1.5881000000000003e-05,-14.17085952,21.02110535936
1.5882e-05,-14.17085952,21.02110535936
1.5883e-05,-14.572869632,21.02110535936
1.5884000000000002e-05,-14.572869632,21.02110535936
1.5885e-05,-14.572869632,21.02110535936
1.5886e-05,-14.572869632,21.02110535936
1.5887000000000002e-05,-14.572869632,21.02110535936
1.5888e-05,-14.572869632,21.02110535936
1.5889e-05,-14.572869632,21.02110535936
1.5890000000000002e-05,-14.17085952,21.02110535936
1.5891e-05,-14.17085952,21.02110535936
1.5892e-05,-14.17085952,21.02110535936
1.5893000000000002e-05,-14.17085952,21.02110535936
1.5894e-05,-14.17085952,21.02110535936
1.5895e-05,-14.17085952,21.02110535936
1.5896e-05,-14.17085952,21.02110535936
1.5897e-05,-14.17085952,21.02110535936
1.5898000000000003e-05,-14.17085952,21.02110535936
1.5899e-05,-14.17085952,21.02110535936
1.59e-05,-14.17085952,21.02110535936
1.5901000000000002e-05,-14.17085952,21.02110535936
1.5902e-05,-14.17085952,21.02110535936
1.5903e-05,-14.17085952,21.02110535936
1.5904000000000002e-05,-14.17085952,21.02110535936
1.5905e-05,-14.572869632,21.02110535936
1.5906e-05,-14.572869632,21.02110535936
1.5907000000000002e-05,-14.572869632,21.02110535936
1.5908e-05,-14.572869632,21.02110535936
1.5909e-05,-14.572869632,21.02110535936
1.5910000000000002e-05,-14.572869632,21.02110535936
1.5911e-05,-14.572869632,21.02110535936
1.5912e-05,-14.572869632,21.02110535936
1.5913e-05,-14.572869632,21.02110535936
1.5914e-05,-14.974879743999999,21.02110535936
1.5915000000000003e-05,-14.974879743999999,21.02110535936
1.5916e-05,-14.974879743999999,21.02110535936
1.5917e-05,-14.974879743999999,21.02110535936
1.5918000000000002e-05,-14.974879743999999,21.02110535936
1.5919e-05,-14.974879743999999,21.02110535936
1.592e-05,-15.376889855999998,21.02110535936
1.5921000000000002e-05,-15.376889855999998,21.02110535936
1.5922e-05,-15.376889855999998,21.02110535936
1.5923e-05,-15.376889855999998,21.02110535936
1.5924000000000002e-05,-15.376889855999998,21.02110535936
1.5925e-05,-15.376889855999998,21.02110535936
1.5926e-05,-15.376889855999998,21.02110535936
1.5927000000000002e-05,-15.376889855999998,21.02110535936
1.5928e-05,-15.778899967999998,21.02110535936
1.5929e-05,-15.778899967999998,21.02110535936
1.593e-05,-15.778899967999998,21.02110535936
1.5931e-05,-15.778899967999998,21.02110535936
1.5932000000000003e-05,-16.180910079999997,21.02110535936
1.5933e-05,-16.180910079999997,21.02110535936
1.5934e-05,-16.180910079999997,21.02110535936
1.5935000000000002e-05,-16.180910079999997,21.02110535936
1.5936e-05,-16.582920191999996,21.02110535936
1.5937e-05,-16.582920191999996,21.02110535936
1.5938000000000002e-05,-16.582920191999996,21.02110535936
1.5939e-05,-16.984930303999995,21.02110535936
1.594e-05,-16.984930303999995,21.02110535936
1.5941000000000002e-05,-16.984930303999995,21.02110535936
1.5942e-05,-16.984930303999995,21.02110535936
1.5943e-05,-16.984930303999995,21.02110535936
1.5944000000000002e-05,-16.984930303999995,21.02110535936
1.5945e-05,-16.984930303999995,21.02110535936
1.5946e-05,-17.386940415999995,21.02110535936
1.5947e-05,-17.386940415999995,21.02110535936
1.5948e-05,-17.386940415999995,21.02110535936
1.5949000000000003e-05,-17.386940415999995,21.02110535936
1.595e-05,-17.386940415999995,21.02110535936
1.5951e-05,-17.788950528,21.02110535936
1.5952000000000002e-05,-17.788950528,21.02110535936
1.5953e-05,-17.788950528,21.02110535936
1.5954e-05,-18.19096064,21.02110535936
1.5955000000000002e-05,-18.19096064,21.02110535936
1.5956e-05,-18.19096064,21.02110535936
1.5957e-05,-18.19096064,21.02110535936
1.5958000000000002e-05,-18.592970752,21.02110535936
1.5959e-05,-18.592970752,21.02110535936
1.596e-05,-18.592970752,21.02110535936
1.5961000000000002e-05,-18.592970752,21.02110535936
1.5962e-05,-18.592970752,21.02110535936
1.5963e-05,-18.994980864,21.02110535936
1.5964e-05,-18.994980864,21.02110535936
1.5965e-05,-18.994980864,21.02110535936
1.5966000000000003e-05,-19.396990975999998,21.02110535936
1.5967e-05,-19.396990975999998,21.02110535936
1.5968e-05,-19.396990975999998,21.02110535936
1.5969000000000002e-05,-19.396990975999998,21.02110535936
1.597e-05,-19.799001087999997,21.02110535936
1.5971e-05,-19.799001087999997,21.02110535936
1.5972000000000002e-05,-19.799001087999997,21.02110535936
1.5973e-05,-20.201011199999996,21.02110535936
1.5974e-05,-20.201011199999996,21.02110535936
1.5975000000000002e-05,-20.201011199999996,21.02110535936
1.5976e-05,-20.201011199999996,21.02110535936
1.5977e-05,-20.603021311999996,21.02110535936
1.5978000000000002e-05,-20.603021311999996,21.02110535936
1.5979e-05,-20.603021311999996,21.02110535936
1.598e-05,-21.005031423999995,21.02110535936
1.5981e-05,-21.005031423999995,21.02110535936
1.5982e-05,-21.005031423999995,21.02110535936
1.5983000000000003e-05,-21.407041535999994,21.02110535936
1.5984e-05,-21.407041535999994,21.02110535936
1.5985e-05,-21.407041535999994,21.02110535936
1.5986000000000002e-05,-21.407041535999994,21.02110535936
1.5987e-05,-21.407041535999994,21.02110535936
1.5988e-05,-21.407041535999994,21.02110535936
1.5989000000000002e-05,-21.407041535999994,21.02110535936
1.599e-05,-21.407041535999994,21.02110535936
1.5991e-05,-21.407041535999994,21.02110535936
1.5992000000000002e-05,-21.407041535999994,21.02110535936
1.5993e-05,-21.809051648,21.02110535936
1.5994e-05,-21.809051648,21.02110535936
1.5995000000000002e-05,-22.21106176,21.02110535936
1.5996e-05,-22.21106176,21.02110535936
1.5997e-05,-22.21106176,21.02110535936
1.5998e-05,-22.613071872,21.02110535936
1.5999e-05,-22.21106176,21.02110535936
1.6000000000000003e-05,-22.21106176,21.02110535936
1.6001e-05,-22.21106176,21.02110535936
1.6002e-05,-22.21106176,21.02110535936
1.6003000000000002e-05,-22.21106176,21.02110535936
1.6004e-05,-22.21106176,21.02110535936
1.6005e-05,-22.21106176,21.02110535936
1.6006000000000002e-05,-22.21106176,21.02110535936
1.6007e-05,-22.21106176,21.02110535936
1.6008e-05,-22.21106176,21.02110535936
1.6009000000000002e-05,-22.21106176,21.02110535936
1.601e-05,-22.21106176,21.02110535936
1.6011e-05,-22.613071872,21.02110535936
1.6012000000000002e-05,-22.613071872,21.02110535936
1.6013e-05,-22.613071872,21.02110535936
1.6014e-05,-22.613071872,21.02110535936
1.6015e-05,-23.015081984,21.02110535936
1.6016e-05,-23.015081984,21.02110535936
1.6017000000000003e-05,-23.015081984,21.02110535936
1.6018e-05,-23.015081984,21.02110535936
1.6019e-05,-23.015081984,21.02110535936
1.6020000000000002e-05,-23.015081984,21.02110535936
1.6021e-05,-23.015081984,21.02110535936
1.6022e-05,-23.015081984,21.02110535936
1.6023000000000002e-05,-23.015081984,21.02110535936
1.6024e-05,-23.015081984,21.02110535936
1.6025e-05,-23.015081984,21.02110535936
1.6026000000000002e-05,-23.015081984,21.02110535936
1.6027e-05,-23.015081984,21.02110535936
1.6028e-05,-23.417092095999998,21.02110535936
1.6029000000000002e-05,-23.417092095999998,21.02110535936
1.603e-05,-23.417092095999998,21.02110535936
1.6031e-05,-23.417092095999998,21.02110535936
1.6032e-05,-23.417092095999998,21.02110535936
1.6033e-05,-23.417092095999998,21.02110535936
1.6034000000000003e-05,-23.819102207999997,21.02110535936
1.6035e-05,-23.819102207999997,21.02110535936
1.6036e-05,-23.819102207999997,21.02110535936
1.6037000000000002e-05,-23.819102207999997,21.02110535936
1.6038e-05,-23.819102207999997,21.02110535936
1.6039e-05,-23.819102207999997,21.02110535936
1.6040000000000002e-05,-23.819102207999997,21.02110535936
1.6041e-05,-23.819102207999997,21.02110535936
1.6042e-05,-23.819102207999997,21.02110535936
1.6043000000000002e-05,-23.819102207999997,21.02110535936
1.6044e-05,-23.819102207999997,21.02110535936
1.6045e-05,-23.819102207999997,21.02110535936
1.6046000000000002e-05,-23.819102207999997,21.02110535936
1.6047e-05,-23.819102207999997,21.02110535936
1.6048e-05,-23.819102207999997,21.02110535936
1.6049e-05,-23.819102207999997,21.02110535936
1.605e-05,-24.221112319999996,21.02110535936
1.6051000000000003e-05,-24.221112319999996,21.02110535936
1.6052e-05,-24.221112319999996,21.02110535936
1.6053e-05,-24.221112319999996,21.02110535936
1.6054000000000002e-05,-24.221112319999996,21.02110535936
1.6055e-05,-23.819102207999997,21.02110535936
1.6056e-05,-23.819102207999997,21.02110535936
1.6057000000000002e-05,-23.819102207999997,21.02110535936
1.6058e-05,-23.819102207999997,21.02110535936
1.6059e-05,-23.819102207999997,21.02110535936
1.6060000000000002e-05,-23.819102207999997,21.02110535936
1.6061e-05,-23.819102207999997,21.02110535936
1.6062e-05,-24.221112319999996,21.02110535936
1.6063000000000002e-05,-24.221112319999996,21.02110535936
1.6064e-05,-24.221112319999996,21.02110535936
1.6065e-05,-24.221112319999996,21.02110535936
1.6066e-05,-23.819102207999997,21.02110535936
1.6067e-05,-23.819102207999997,21.02110535936
1.6068000000000003e-05,-23.819102207999997,21.02110535936
1.6069e-05,-23.819102207999997,21.02110535936
1.607e-05,-23.819102207999997,21.02110535936
1.6071000000000002e-05,-24.221112319999996,21.02110535936
1.6072e-05,-24.221112319999996,21.02110535936
1.6073e-05,-24.221112319999996,21.02110535936
1.6074000000000002e-05,-24.221112319999996,21.02110535936
1.6075e-05,-24.221112319999996,21.02110535936
1.6076e-05,-24.221112319999996,21.02110535936
1.6077000000000002e-05,-24.221112319999996,21.02110535936
1.6078e-05,-24.221112319999996,21.02110535936
1.6079e-05,-23.819102207999997,21.02110535936
1.6080000000000002e-05,-24.221112319999996,21.02110535936
1.6081e-05,-23.819102207999997,21.02110535936
1.6082e-05,-23.819102207999997,21.02110535936
1.6083000000000002e-05,-23.819102207999997,21.02110535936
1.6084e-05,-23.819102207999997,21.02110535936
1.6085e-05,-23.819102207999997,21.02110535936
1.6086e-05,-23.819102207999997,21.02110535936
1.6087e-05,-23.819102207999997,21.02110535936
1.6088000000000002e-05,-23.819102207999997,21.02110535936
1.6089e-05,-23.819102207999997,21.02110535936
1.609e-05,-23.819102207999997,21.02110535936
1.6091000000000002e-05,-23.819102207999997,21.02110535936
1.6092e-05,-23.819102207999997,21.02110535936
1.6093e-05,-23.819102207999997,21.02110535936
1.6094000000000002e-05,-23.819102207999997,21.02110535936
1.6095e-05,-23.819102207999997,21.02110535936
1.6096e-05,-23.819102207999997,21.02110535936
1.6097000000000002e-05,-23.417092095999998,21.02110535936
1.6098e-05,-23.417092095999998,21.02110535936
1.6099e-05,-23.417092095999998,21.02110535936
1.6100000000000002e-05,-23.417092095999998,21.02110535936
1.6101e-05,-23.417092095999998,21.02110535936
1.6102e-05,-23.417092095999998,21.02110535936
1.6103e-05,-23.417092095999998,21.02110535936
1.6104e-05,-23.417092095999998,21.02110535936
1.6105000000000003e-05,-23.015081984,21.02110535936
1.6106e-05,-23.015081984,21.02110535936
1.6107e-05,-23.015081984,21.02110535936
1.6108000000000002e-05,-23.015081984,21.02110535936
1.6109e-05,-23.015081984,21.02110535936
1.611e-05,-23.015081984,21.02110535936
1.6111000000000002e-05,-23.015081984,21.02110535936
1.6112e-05,-23.015081984,21.02110535936
1.6113e-05,-23.015081984,21.02110535936
1.6114000000000002e-05,-23.015081984,21.02110535936
1.6115e-05,-23.015081984,21.02110535936
1.6116e-05,-23.015081984,21.02110535936
1.6117000000000002e-05,-23.015081984,21.02110535936
1.6118e-05,-22.613071872,21.02110535936
1.6119e-05,-22.613071872,21.02110535936
1.612e-05,-22.613071872,21.02110535936
1.6121e-05,-22.613071872,21.02110535936
1.6122000000000003e-05,-22.613071872,21.02110535936
1.6123e-05,-22.21106176,21.02110535936
1.6124e-05,-22.21106176,21.02110535936
1.6125000000000002e-05,-22.21106176,21.02110535936
1.6126e-05,-22.21106176,21.02110535936
1.6127e-05,-22.21106176,21.02110535936
1.6128000000000002e-05,-22.21106176,21.02110535936
1.6129e-05,-21.809051648,21.02110535936
1.613e-05,-21.809051648,21.02110535936
1.6131000000000002e-05,-21.809051648,21.02110535936
1.6132e-05,-21.809051648,21.02110535936
1.6133e-05,-21.809051648,21.02110535936
1.6134000000000002e-05,-21.407041535999994,21.02110535936
1.6135e-05,-21.407041535999994,21.02110535936
1.6136e-05,-21.407041535999994,21.02110535936
1.6137e-05,-21.407041535999994,21.02110535936
1.6138e-05,-21.005031423999995,21.02110535936
1.6139000000000003e-05,-21.005031423999995,21.02110535936
1.614e-05,-21.005031423999995,21.02110535936
1.6141e-05,-21.005031423999995,21.02110535936
1.6142000000000002e-05,-21.005031423999995,21.02110535936
1.6143e-05,-21.005031423999995,21.02110535936
1.6144e-05,-21.005031423999995,21.02110535936
1.6145000000000002e-05,-21.005031423999995,21.02110535936
1.6146e-05,-21.005031423999995,21.02110535936
1.6147e-05,-21.005031423999995,21.02110535936
1.6148000000000002e-05,-21.005031423999995,21.02110535936
1.6149e-05,-20.603021311999996,21.02110535936
1.615e-05,-20.603021311999996,21.02110535936
1.6151000000000002e-05,-20.603021311999996,21.02110535936
1.6152e-05,-20.201011199999996,21.02110535936
1.6153e-05,-20.201011199999996,21.02110535936
1.6154e-05,-20.201011199999996,21.02110535936
1.6155e-05,-20.201011199999996,21.02110535936
1.6156000000000003e-05,-19.799001087999997,21.02110535936
1.6157e-05,-19.799001087999997,21.02110535936
1.6158e-05,-19.799001087999997,21.02110535936
1.6159000000000002e-05,-19.396990975999998,21.02110535936
1.616e-05,-18.994980864,21.02110535936
1.6161e-05,-18.994980864,21.02110535936
1.6162000000000002e-05,-18.994980864,21.02110535936
1.6163e-05,-18.994980864,21.02110535936
1.6164e-05,-18.994980864,21.02110535936
1.6165000000000002e-05,-18.994980864,21.02110535936
1.6166e-05,-18.994980864,21.02110535936
1.6167e-05,-18.994980864,21.02110535936
1.6168000000000002e-05,-18.994980864,21.02110535936
1.6169e-05,-18.994980864,21.02110535936
1.617e-05,-18.994980864,21.02110535936
1.6171e-05,-18.994980864,21.02110535936
1.6172e-05,-18.994980864,21.02110535936
1.6173000000000003e-05,-18.994980864,21.02110535936
1.6174e-05,-18.994980864,21.02110535936
1.6175e-05,-18.592970752,21.02110535936
1.6176000000000002e-05,-18.592970752,21.02110535936
1.6177e-05,-18.592970752,21.02110535936
1.6178e-05,-18.592970752,21.02110535936
1.6179000000000002e-05,-18.592970752,21.02110535936
1.618e-05,-18.19096064,21.02110535936
1.6181e-05,-18.19096064,21.02110535936
1.6182000000000002e-05,-18.19096064,21.02110535936
1.6183e-05,-18.19096064,21.02110535936
1.6184e-05,-18.19096064,21.02110535936
1.6185000000000002e-05,-17.788950528,21.02110535936
1.6186e-05,-17.788950528,21.02110535936
1.6187e-05,-17.788950528,21.02110535936
1.6188e-05,-17.788950528,21.02110535936
1.6189e-05,-17.788950528,21.02110535936
1.6190000000000003e-05,-17.386940415999995,21.02110535936
1.6191e-05,-17.386940415999995,21.02110535936
1.6192e-05,-17.386940415999995,21.02110535936
1.6193000000000002e-05,-17.386940415999995,21.02110535936
1.6194e-05,-17.386940415999995,21.02110535936
1.6195e-05,-17.386940415999995,21.02110535936
1.6196000000000002e-05,-17.386940415999995,21.02110535936
1.6197e-05,-17.386940415999995,21.02110535936
1.6198e-05,-16.984930303999995,21.02110535936
1.6199000000000002e-05,-16.984930303999995,21.02110535936
1.62e-05,-16.984930303999995,21.02110535936
1.6201e-05,-16.984930303999995,21.02110535936
1.6202000000000002e-05,-16.582920191999996,21.02110535936
1.6203e-05,-16.582920191999996,21.02110535936
1.6204e-05,-16.582920191999996,21.02110535936
1.6205e-05,-16.180910079999997,21.02110535936
1.6206e-05,-16.180910079999997,21.02110535936
1.6207000000000003e-05,-16.180910079999997,21.02110535936
1.6208e-05,-16.180910079999997,21.02110535936
1.6209e-05,-16.180910079999997,21.02110535936
1.6210000000000002e-05,-16.180910079999997,21.02110535936
1.6211e-05,-16.180910079999997,21.02110535936
1.6212e-05,-16.180910079999997,21.02110535936
1.6213000000000002e-05,-16.180910079999997,21.02110535936
1.6214e-05,-15.778899967999998,21.02110535936
1.6215e-05,-15.778899967999998,21.02110535936
1.6216000000000002e-05,-15.778899967999998,21.02110535936
1.6217e-05,-15.778899967999998,21.02110535936
1.6218e-05,-15.778899967999998,21.02110535936
1.6219000000000002e-05,-15.778899967999998,21.02110535936
1.622e-05,-15.778899967999998,21.02110535936
1.6221e-05,-16.180910079999997,21.02110535936
1.6222e-05,-16.180910079999997,21.02110535936
1.6223e-05,-16.180910079999997,21.02110535936
1.6224000000000003e-05,-16.180910079999997,21.02110535936
1.6225e-05,-16.180910079999997,21.02110535936
1.6226e-05,-15.778899967999998,21.02110535936
1.6227000000000002e-05,-15.778899967999998,21.02110535936
1.6228e-05,-15.778899967999998,21.02110535936
1.6229e-05,-15.778899967999998,21.02110535936
1.6230000000000002e-05,-15.778899967999998,21.02110535936
1.6231e-05,-15.778899967999998,21.02110535936
1.6232e-05,-15.778899967999998,21.02110535936
1.6233000000000002e-05,-15.778899967999998,21.02110535936
1.6234e-05,-15.778899967999998,21.02110535936
1.6235e-05,-16.180910079999997,21.02110535936
1.6236000000000002e-05,-16.180910079999997,21.02110535936
1.6237e-05,-16.180910079999997,21.02110535936
1.6238e-05,-16.180910079999997,21.02110535936
1.6239e-05,-16.180910079999997,21.02110535936
1.624e-05,-16.180910079999997,21.02110535936
1.6241000000000003e-05,-16.180910079999997,21.02110535936
1.6242e-05,-16.180910079999997,21.02110535936
1.6243e-05,-16.180910079999997,21.02110535936
1.6244000000000002e-05,-16.180910079999997,21.02110535936
1.6245e-05,-16.180910079999997,21.02110535936
1.6246e-05,-16.180910079999997,21.02110535936
1.6247000000000002e-05,-16.582920191999996,21.02110535936
1.6248e-05,-16.582920191999996,21.02110535936
1.6249e-05,-16.180910079999997,21.02110535936
1.6250000000000002e-05,-16.582920191999996,21.02110535936
1.6251e-05,-16.582920191999996,21.02110535936
1.6252e-05,-16.582920191999996,21.02110535936
1.6253000000000002e-05,-16.582920191999996,21.02110535936
1.6254e-05,-16.582920191999996,21.02110535936
1.6255e-05,-16.582920191999996,21.02110535936
1.6256e-05,-16.582920191999996,21.02110535936
1.6257e-05,-16.582920191999996,21.02110535936
1.6258000000000003e-05,-16.582920191999996,21.02110535936
1.6259e-05,-16.984930303999995,21.02110535936
1.626e-05,-16.984930303999995,21.02110535936
1.6261000000000002e-05,-16.984930303999995,21.02110535936
1.6262e-05,-16.984930303999995,21.02110535936
1.6263e-05,-16.984930303999995,21.02110535936
1.6264000000000002e-05,-16.984930303999995,21.02110535936
1.6265e-05,-16.984930303999995,21.02110535936
1.6266e-05,-16.984930303999995,21.02110535936
1.6267000000000002e-05,-17.386940415999995,21.02110535936
1.6268e-05,-17.386940415999995,21.02110535936
1.6269e-05,-17.386940415999995,21.02110535936
1.6270000000000002e-05,-17.386940415999995,21.02110535936
1.6271e-05,-17.386940415999995,21.02110535936
1.6272e-05,-17.386940415999995,21.02110535936
1.6273e-05,-17.386940415999995,21.02110535936
1.6274e-05,-17.788950528,21.02110535936
1.6275000000000003e-05,-17.788950528,21.02110535936
1.6276e-05,-17.788950528,21.02110535936
1.6277e-05,-17.788950528,21.02110535936
1.6278000000000002e-05,-17.788950528,21.02110535936
1.6279e-05,-17.788950528,21.02110535936
1.628e-05,-18.19096064,21.02110535936
1.6281000000000002e-05,-18.19096064,21.02110535936
1.6282e-05,-18.19096064,21.02110535936
1.6283e-05,-18.19096064,21.02110535936
1.6284000000000002e-05,-18.19096064,21.02110535936
1.6285e-05,-18.592970752,21.02110535936
1.6286e-05,-18.592970752,21.02110535936
1.6287000000000002e-05,-18.592970752,21.02110535936
1.6288e-05,-18.592970752,21.02110535936
1.6289e-05,-18.592970752,21.02110535936
1.629e-05,-18.994980864,21.02110535936
1.6291e-05,-18.994980864,21.02110535936
1.6292000000000003e-05,-18.994980864,21.02110535936
1.6293e-05,-18.994980864,21.02110535936
1.6294e-05,-18.994980864,21.02110535936
1.6295000000000002e-05,-18.994980864,21.02110535936
1.6296e-05,-19.396990975999998,21.02110535936
1.6297e-05,-19.396990975999998,21.02110535936
1.6298000000000002e-05,-19.396990975999998,21.02110535936
1.6299e-05,-19.396990975999998,21.02110535936
1.63e-05,-19.396990975999998,21.02110535936
1.6301000000000002e-05,-19.799001087999997,21.02110535936
1.6302e-05,-19.799001087999997,21.02110535936
1.6303e-05,-19.799001087999997,21.02110535936
1.6304000000000002e-05,-19.799001087999997,21.02110535936
1.6305e-05,-19.799001087999997,21.02110535936
1.6306e-05,-20.201011199999996,21.02110535936
1.6307e-05,-20.201011199999996,21.02110535936
1.6308e-05,-20.201011199999996,21.02110535936
1.6309000000000003e-05,-20.201011199999996,21.02110535936
1.631e-05,-20.603021311999996,21.02110535936
1.6311e-05,-20.603021311999996,21.02110535936
1.6312000000000002e-05,-20.603021311999996,21.02110535936
1.6313e-05,-21.005031423999995,21.02110535936
1.6314e-05,-21.005031423999995,21.02110535936
1.6315000000000002e-05,-21.005031423999995,21.02110535936
1.6316e-05,-21.005031423999995,21.02110535936
1.6317e-05,-21.005031423999995,21.02110535936
1.6318000000000002e-05,-21.005031423999995,21.02110535936
1.6319e-05,-21.005031423999995,21.02110535936
1.632e-05,-21.005031423999995,21.02110535936
1.6321000000000002e-05,-21.005031423999995,21.02110535936
1.6322e-05,-21.005031423999995,21.02110535936
1.6323e-05,-21.407041535999994,21.02110535936
1.6324e-05,-21.407041535999994,21.02110535936
1.6325e-05,-21.407041535999994,21.02110535936
1.6326000000000003e-05,-21.407041535999994,21.02110535936
1.6327e-05,-21.407041535999994,21.02110535936
1.6328e-05,-21.809051648,21.02110535936
1.6329000000000002e-05,-21.809051648,21.02110535936
1.633e-05,-21.809051648,21.02110535936
1.6331e-05,-21.809051648,21.02110535936
1.6332000000000002e-05,-21.809051648,21.02110535936
1.6333e-05,-21.809051648,21.02110535936
1.6334e-05,-22.21106176,21.02110535936
1.6335000000000002e-05,-22.21106176,21.02110535936
1.6336e-05,-22.21106176,21.02110535936
1.6337e-05,-22.21106176,21.02110535936
1.6338000000000002e-05,-22.21106176,21.02110535936
1.6339e-05,-22.613071872,21.02110535936
1.634e-05,-22.613071872,21.02110535936
1.6341e-05,-22.613071872,21.02110535936
1.6342e-05,-22.613071872,21.02110535936
1.6343000000000003e-05,-22.613071872,21.02110535936
1.6344e-05,-22.613071872,21.02110535936
1.6345e-05,-22.613071872,21.02110535936
1.6346000000000002e-05,-22.613071872,21.02110535936
1.6347e-05,-22.613071872,21.02110535936
1.6348e-05,-22.613071872,21.02110535936
1.6349000000000002e-05,-22.613071872,21.02110535936
1.635e-05,-23.015081984,21.02110535936
1.6351e-05,-23.015081984,21.02110535936
1.6352000000000002e-05,-23.015081984,21.02110535936
1.6353e-05,-23.015081984,21.02110535936
1.6354e-05,-23.015081984,21.02110535936
1.6355000000000002e-05,-23.015081984,21.02110535936
1.6356e-05,-23.015081984,21.02110535936
1.6357e-05,-23.015081984,21.02110535936
1.6358e-05,-23.015081984,21.02110535936
1.6359e-05,-23.015081984,21.02110535936
1.6360000000000003e-05,-23.015081984,21.02110535936
1.6361e-05,-23.015081984,21.02110535936
1.6362e-05,-23.015081984,21.02110535936
1.6363000000000002e-05,-23.015081984,21.02110535936
1.6364e-05,-23.015081984,21.02110535936
1.6365e-05,-23.015081984,21.02110535936
1.6366000000000002e-05,-23.015081984,21.02110535936
1.6367e-05,-23.015081984,21.02110535936
1.6368e-05,-23.417092095999998,21.02110535936
1.6369000000000002e-05,-23.417092095999998,21.02110535936
1.637e-05,-23.417092095999998,21.02110535936
1.6371e-05,-23.417092095999998,21.02110535936
1.6372000000000002e-05,-23.417092095999998,21.02110535936
1.6373e-05,-23.417092095999998,21.02110535936
1.6374e-05,-23.417092095999998,21.02110535936
1.6375e-05,-23.417092095999998,21.02110535936
1.6376e-05,-23.417092095999998,21.02110535936
1.6377000000000003e-05,-23.417092095999998,21.02110535936
1.6378e-05,-23.417092095999998,21.02110535936
1.6379e-05,-23.417092095999998,21.02110535936
1.6380000000000002e-05,-23.417092095999998,21.02110535936
1.6381e-05,-23.417092095999998,21.02110535936
1.6382e-05,-23.417092095999998,21.02110535936
1.6383000000000002e-05,-23.417092095999998,21.02110535936
1.6384e-05,-23.417092095999998,21.02110535936
1.6385e-05,-23.417092095999998,21.02110535936
1.6386000000000002e-05,-23.417092095999998,21.02110535936
1.6387e-05,-23.417092095999998,21.02110535936
1.6388e-05,-23.417092095999998,21.02110535936
1.6389000000000002e-05,-23.417092095999998,21.02110535936
1.639e-05,-23.417092095999998,21.02110535936
1.6391e-05,-23.417092095999998,21.02110535936
1.6392e-05,-23.417092095999998,21.02110535936
1.6393e-05,-23.417092095999998,21.02110535936
1.6394000000000003e-05,-23.417092095999998,21.02110535936
1.6395e-05,-23.417092095999998,21.02110535936
1.6396e-05,-23.417092095999998,21.02110535936
1.6397000000000002e-05,-23.417092095999998,21.02110535936
1.6398e-05,-23.819102207999997,21.02110535936
1.6399e-05,-23.819102207999997,21.02110535936
1.6400000000000002e-05,-23.819102207999997,21.02110535936
1.6401e-05,-23.417092095999998,21.02110535936
1.6402e-05,-23.417092095999998,21.02110535936
1.6403000000000002e-05,-23.417092095999998,21.02110535936
1.6404e-05,-23.417092095999998,21.02110535936
1.6405e-05,-23.417092095999998,21.02110535936
1.6406000000000002e-05,-23.417092095999998,21.02110535936
1.6407e-05,-23.417092095999998,21.02110535936
1.6408e-05,-23.417092095999998,21.02110535936
1.6409e-05,-23.819102207999997,21.02110535936
1.641e-05,-23.819102207999997,21.02110535936
1.6411000000000003e-05,-23.819102207999997,21.02110535936
1.6412e-05,-23.819102207999997,21.02110535936
1.6413e-05,-23.819102207999997,21.02110535936
1.6414000000000002e-05,-23.819102207999997,21.02110535936
1.6415e-05,-23.417092095999998,21.02110535936
1.6416e-05,-23.417092095999998,21.02110535936
1.6417000000000002e-05,-23.417092095999998,21.02110535936
1.6418e-05,-23.417092095999998,21.02110535936
1.6419e-05,-23.417092095999998,21.02110535936
1.6420000000000002e-05,-23.417092095999998,21.02110535936
1.6421e-05,-23.417092095999998,21.02110535936
1.6422e-05,-23.417092095999998,21.02110535936
1.6423000000000002e-05,-23.417092095999998,21.02110535936
1.6424e-05,-23.819102207999997,21.02110535936
1.6425e-05,-23.417092095999998,21.02110535936
1.6426e-05,-23.417092095999998,21.02110535936
1.6427e-05,-23.417092095999998,21.02110535936
1.6428000000000003e-05,-23.417092095999998,21.02110535936
1.6429e-05,-23.417092095999998,21.02110535936
1.643e-05,-23.417092095999998,21.02110535936
1.6431000000000002e-05,-23.417092095999998,21.02110535936
1.6432e-05,-23.417092095999998,21.02110535936
1.6433e-05,-23.417092095999998,21.02110535936
1.6434000000000002e-05,-23.417092095999998,21.02110535936
1.6435e-05,-23.417092095999998,21.02110535936
1.6436e-05,-23.417092095999998,21.02110535936
1.6437000000000002e-05,-23.417092095999998,21.02110535936
1.6438e-05,-23.417092095999998,21.02110535936
1.6439e-05,-23.015081984,21.02110535936
1.6440000000000002e-05,-23.015081984,21.02110535936
1.6441e-05,-23.015081984,21.02110535936
1.6442e-05,-23.015081984,21.02110535936
1.6443e-05,-23.015081984,21.02110535936
1.6444e-05,-23.015081984,21.02110535936
1.6445000000000003e-05,-23.015081984,21.02110535936
1.6446e-05,-23.015081984,21.02110535936
1.6447e-05,-23.015081984,21.02110535936
1.6448000000000002e-05,-23.015081984,21.02110535936
1.6449e-05,-22.613071872,21.02110535936
1.645e-05,-22.613071872,21.02110535936
1.6451000000000002e-05,-22.613071872,21.02110535936
1.6452e-05,-22.613071872,21.02110535936
1.6453e-05,-22.613071872,21.02110535936
1.6454000000000002e-05,-22.613071872,21.02110535936
1.6455e-05,-22.613071872,21.02110535936
1.6456e-05,-22.613071872,21.02110535936
1.6457000000000002e-05,-22.21106176,21.02110535936
1.6458e-05,-22.21106176,21.02110535936
1.6459e-05,-22.21106176,21.02110535936
1.646e-05,-22.21106176,21.02110535936
1.6461e-05,-22.21106176,21.02110535936
1.6462000000000003e-05,-22.21106176,21.02110535936
1.6463e-05,-22.21106176,21.02110535936
1.6464e-05,-22.21106176,21.02110535936
1.6465000000000002e-05,-22.21106176,21.02110535936
1.6466e-05,-22.21106176,21.02110535936
1.6467e-05,-22.21106176,21.02110535936
1.6468000000000002e-05,-22.21106176,21.02110535936
1.6469e-05,-21.809051648,21.02110535936
1.647e-05,-21.809051648,21.02110535936
1.6471000000000002e-05,-21.809051648,21.02110535936
1.6472e-05,-21.809051648,21.02110535936
1.6473e-05,-21.809051648,21.02110535936
1.6474000000000002e-05,-21.407041535999994,21.02110535936
1.6475e-05,-21.407041535999994,21.02110535936
1.6476e-05,-21.407041535999994,21.02110535936
1.6477e-05,-21.407041535999994,21.02110535936
1.6478e-05,-21.005031423999995,21.02110535936
1.6479000000000003e-05,-21.005031423999995,21.02110535936
1.648e-05,-21.005031423999995,21.02110535936
1.6481e-05,-21.005031423999995,21.02110535936
1.6482000000000002e-05,-21.005031423999995,21.02110535936
1.6483e-05,-21.005031423999995,21.02110535936
1.6484e-05,-21.005031423999995,21.02110535936
1.6485000000000002e-05,-21.005031423999995,21.02110535936
1.6486e-05,-20.603021311999996,21.02110535936
1.6487e-05,-20.603021311999996,21.02110535936
1.6488000000000002e-05,-20.603021311999996,21.02110535936
1.6489e-05,-20.603021311999996,21.02110535936
1.649e-05,-20.603021311999996,21.02110535936
1.6491000000000002e-05,-20.201011199999996,21.02110535936
1.6492e-05,-20.201011199999996,21.02110535936
1.6493e-05,-20.201011199999996,21.02110535936
1.6494e-05,-20.201011199999996,21.02110535936
1.6495e-05,-20.201011199999996,21.02110535936
1.6496000000000003e-05,-20.201011199999996,21.02110535936
1.6497e-05,-20.201011199999996,21.02110535936
1.6498e-05,-20.201011199999996,21.02110535936
1.6499000000000002e-05,-20.201011199999996,21.02110535936
1.65e-05,-20.201011199999996,21.02110535936
1.6501e-05,-20.201011199999996,21.02110535936
1.6502000000000002e-05,-20.201011199999996,21.02110535936
1.6503e-05,-19.799001087999997,21.02110535936
1.6504e-05,-19.799001087999997,21.02110535936
1.6505000000000002e-05,-19.799001087999997,21.02110535936
1.6506e-05,-19.799001087999997,21.02110535936
1.6507e-05,-19.396990975999998,21.02110535936
1.6508000000000002e-05,-19.396990975999998,21.02110535936
1.6509e-05,-19.396990975999998,21.02110535936
1.651e-05,-19.396990975999998,21.02110535936
1.6511e-05,-18.994980864,21.02110535936
1.6512e-05,-18.994980864,21.02110535936
1.6513000000000003e-05,-18.994980864,21.02110535936
1.6514e-05,-18.994980864,21.02110535936
1.6515e-05,-18.592970752,21.02110535936
1.6516000000000002e-05,-18.592970752,21.02110535936
1.6517e-05,-18.592970752,21.02110535936
1.6518e-05,-18.592970752,21.02110535936
1.6519000000000002e-05,-18.592970752,21.02110535936
1.652e-05,-18.592970752,21.02110535936
1.6521e-05,-18.592970752,21.02110535936
1.6522000000000002e-05,-18.592970752,21.02110535936
1.6523e-05,-18.592970752,21.02110535936
1.6524e-05,-18.19096064,21.02110535936
1.6525000000000002e-05,-18.19096064,21.02110535936
1.6526e-05,-18.19096064,21.02110535936
1.6527e-05,-17.788950528,21.02110535936
1.6528e-05,-17.788950528,21.02110535936
1.6529e-05,-17.788950528,21.02110535936
1.6530000000000003e-05,-17.788950528,21.02110535936
1.6531e-05,-17.788950528,21.02110535936
1.6532e-05,-17.788950528,21.02110535936
1.6533000000000002e-05,-17.788950528,21.02110535936
1.6534e-05,-17.788950528,21.02110535936
1.6535e-05,-17.788950528,21.02110535936
1.6536000000000002e-05,-17.788950528,21.02110535936
1.6537e-05,-17.788950528,21.02110535936
1.6538e-05,-17.386940415999995,21.02110535936
1.6539000000000002e-05,-17.386940415999995,21.02110535936
1.654e-05,-17.386940415999995,21.02110535936
1.6541e-05,-17.386940415999995,21.02110535936
1.6542000000000002e-05,-17.386940415999995,21.02110535936
1.6543e-05,-17.386940415999995,21.02110535936
1.6544e-05,-17.386940415999995,21.02110535936
1.6545e-05,-17.386940415999995,21.02110535936
1.6546e-05,-17.386940415999995,21.02110535936
1.6547000000000003e-05,-17.386940415999995,21.02110535936
1.6548e-05,-17.386940415999995,21.02110535936
1.6549e-05,-16.984930303999995,21.02110535936
1.6550000000000002e-05,-16.984930303999995,21.02110535936
1.6551e-05,-16.984930303999995,21.02110535936
1.6552e-05,-17.386940415999995,21.02110535936
1.6553000000000002e-05,-17.386940415999995,21.02110535936
1.6554e-05,-17.386940415999995,21.02110535936
1.6555e-05,-17.386940415999995,21.02110535936
1.6556000000000002e-05,-17.386940415999995,21.02110535936
1.6557e-05,-17.386940415999995,21.02110535936
1.6558e-05,-17.386940415999995,21.02110535936
1.6559000000000002e-05,-17.386940415999995,21.02110535936
1.656e-05,-17.386940415999995,21.02110535936
1.6561e-05,-17.386940415999995,21.02110535936
1.6562e-05,-17.386940415999995,21.02110535936
1.6563e-05,-17.386940415999995,21.02110535936
1.6564000000000003e-05,-17.386940415999995,21.02110535936
1.6565e-05,-17.386940415999995,21.02110535936
1.6566e-05,-17.386940415999995,21.02110535936
1.6567000000000002e-05,-16.984930303999995,21.02110535936
1.6568e-05,-16.984930303999995,21.02110535936
1.6569e-05,-16.984930303999995,21.02110535936
1.6570000000000002e-05,-16.984930303999995,21.02110535936
1.6571e-05,-16.984930303999995,21.02110535936
1.6572e-05,-16.984930303999995,21.02110535936
1.6573000000000002e-05,-16.984930303999995,21.02110535936
1.6574e-05,-16.984930303999995,21.02110535936
1.6575e-05,-16.984930303999995,21.02110535936
1.6576000000000002e-05,-16.984930303999995,21.02110535936
1.6577e-05,-16.984930303999995,21.02110535936
1.6578e-05,-16.984930303999995,21.02110535936
1.6579000000000002e-05,-16.984930303999995,21.02110535936
1.658e-05,-16.984930303999995,21.02110535936
1.6581000000000003e-05,-16.582920191999996,21.02110535936
1.6582e-05,-16.582920191999996,21.02110535936
1.6583e-05,-16.582920191999996,21.02110535936
1.6584000000000002e-05,-16.582920191999996,21.02110535936
1.6585e-05,-16.582920191999996,21.02110535936
1.6586e-05,-16.984930303999995,21.02110535936
1.6587000000000002e-05,-16.984930303999995,21.02110535936
1.6588e-05,-16.984930303999995,21.02110535936
1.6589e-05,-16.984930303999995,21.02110535936
1.6590000000000002e-05,-17.386940415999995,21.02110535936
1.6591e-05,-17.386940415999995,21.02110535936
1.6592e-05,-17.386940415999995,21.02110535936
1.6593000000000002e-05,-17.386940415999995,21.02110535936
1.6594e-05,-17.386940415999995,21.02110535936
1.6595e-05,-17.386940415999995,21.02110535936
1.6596000000000002e-05,-17.386940415999995,21.02110535936
1.6597e-05,-17.788950528,21.02110535936
1.6598000000000003e-05,-17.788950528,21.02110535936
1.6599e-05,-17.788950528,21.02110535936
1.66e-05,-17.788950528,21.02110535936
1.6601000000000003e-05,-17.788950528,21.02110535936
1.6602e-05,-17.788950528,21.02110535936
1.6603e-05,-17.788950528,21.02110535936
1.6604000000000002e-05,-17.788950528,21.02110535936
1.6605e-05,-17.788950528,21.02110535936
1.6606e-05,-17.788950528,21.02110535936
1.6607000000000002e-05,-17.788950528,21.02110535936
1.6608e-05,-18.19096064,21.02110535936
1.6609e-05,-18.19096064,21.02110535936
1.6610000000000002e-05,-17.788950528,21.02110535936
1.6611e-05,-17.788950528,21.02110535936
1.6612e-05,-17.788950528,21.02110535936
1.6613000000000002e-05,-17.788950528,21.02110535936
1.6614e-05,-17.788950528,21.02110535936
1.6615000000000003e-05,-18.19096064,21.02110535936
1.6616e-05,-18.19096064,21.02110535936
1.6617e-05,-18.19096064,21.02110535936
1.6618000000000003e-05,-18.19096064,21.02110535936
1.6619e-05,-18.19096064,21.02110535936
1.662e-05,-18.592970752,21.02110535936
1.6621000000000002e-05,-18.592970752,21.02110535936
1.6622e-05,-18.592970752,21.02110535936
1.6623e-05,-18.592970752,21.02110535936
1.6624000000000002e-05,-18.994980864,21.02110535936
1.6625e-05,-18.994980864,21.02110535936
1.6626e-05,-18.994980864,21.02110535936
1.6627000000000002e-05,-18.994980864,21.02110535936
1.6628e-05,-18.994980864,21.02110535936
1.6629e-05,-18.994980864,21.02110535936
1.6630000000000002e-05,-18.994980864,21.02110535936
1.6631e-05,-19.396990975999998,21.02110535936
1.6632000000000003e-05,-19.396990975999998,21.02110535936
1.6633e-05,-19.396990975999998,21.02110535936
1.6634e-05,-19.396990975999998,21.02110535936
1.6635000000000003e-05,-19.799001087999997,21.02110535936
1.6636e-05,-19.799001087999997,21.02110535936
1.6637e-05,-19.799001087999997,21.02110535936
1.6638000000000002e-05,-19.396990975999998,21.02110535936
1.6639e-05,-19.396990975999998,21.02110535936
1.664e-05,-19.396990975999998,21.02110535936
1.6641000000000002e-05,-19.396990975999998,21.02110535936
1.6642e-05,-19.396990975999998,21.02110535936
1.6643e-05,-19.799001087999997,21.02110535936
1.6644000000000002e-05,-19.799001087999997,21.02110535936
1.6645e-05,-20.201011199999996,21.02110535936
1.6646e-05,-20.201011199999996,21.02110535936
1.6647000000000002e-05,-20.201011199999996,21.02110535936
1.6648e-05,-20.603021311999996,21.02110535936
1.6649000000000003e-05,-20.603021311999996,21.02110535936
1.665e-05,-20.603021311999996,21.02110535936
1.6651e-05,-20.603021311999996,21.02110535936
1.6652000000000003e-05,-20.603021311999996,21.02110535936
1.6653e-05,-20.603021311999996,21.02110535936
1.6654e-05,-20.603021311999996,21.02110535936
1.6655000000000002e-05,-20.603021311999996,21.02110535936
1.6656e-05,-20.603021311999996,21.02110535936
1.6657e-05,-20.603021311999996,21.02110535936
1.6658000000000002e-05,-21.005031423999995,21.02110535936
1.6659e-05,-21.005031423999995,21.02110535936
1.666e-05,-21.005031423999995,21.02110535936
1.6661000000000002e-05,-21.407041535999994,21.02110535936
1.6662e-05,-21.407041535999994,21.02110535936
1.6663e-05,-21.407041535999994,21.02110535936
1.6664000000000002e-05,-21.407041535999994,21.02110535936
1.6665e-05,-21.407041535999994,21.02110535936
1.6666000000000003e-05,-21.407041535999994,21.02110535936
1.6667e-05,-21.407041535999994,21.02110535936
1.6668e-05,-21.407041535999994,21.02110535936
1.6669000000000003e-05,-21.407041535999994,21.02110535936
1.667e-05,-21.407041535999994,21.02110535936
1.6671e-05,-21.407041535999994,21.02110535936
1.6672000000000002e-05,-21.809051648,21.02110535936
1.6673e-05,-21.809051648,21.02110535936
1.6674e-05,-21.809051648,21.02110535936
1.6675000000000002e-05,-21.809051648,21.02110535936
1.6676e-05,-21.809051648,21.02110535936
1.6677e-05,-21.809051648,21.02110535936
1.6678000000000002e-05,-21.809051648,21.02110535936
1.6679e-05,-21.809051648,21.02110535936
1.668e-05,-21.809051648,21.02110535936
1.6681000000000002e-05,-21.809051648,21.02110535936
1.6682e-05,-21.809051648,21.02110535936
1.6683000000000003e-05,-21.809051648,21.02110535936
1.6684e-05,-21.809051648,21.02110535936
1.6685e-05,-21.809051648,21.02110535936
1.6686000000000003e-05,-21.809051648,21.02110535936
1.6687e-05,-22.21106176,21.02110535936
1.6688e-05,-22.21106176,21.02110535936
1.6689000000000002e-05,-22.21106176,21.02110535936
1.669e-05,-22.21106176,21.02110535936
1.6691e-05,-22.21106176,21.02110535936
1.6692000000000002e-05,-22.21106176,21.02110535936
1.6693e-05,-22.21106176,21.02110535936
1.6694e-05,-22.21106176,21.02110535936
1.6695000000000002e-05,-22.21106176,21.02110535936
1.6696e-05,-22.21106176,21.02110535936
1.6697e-05,-22.21106176,21.02110535936
1.6698000000000002e-05,-22.613071872,21.02110535936
1.6699e-05,-22.613071872,21.02110535936
1.67e-05,-22.613071872,21.02110535936
1.6701e-05,-22.613071872,21.02110535936
1.6702e-05,-22.613071872,21.02110535936
1.6703000000000003e-05,-22.613071872,21.02110535936
1.6704e-05,-22.613071872,21.02110535936
1.6705e-05,-22.613071872,21.02110535936
1.6706000000000002e-05,-22.613071872,21.02110535936
1.6707e-05,-22.613071872,21.02110535936
1.6708e-05,-22.613071872,21.02110535936
1.6709000000000002e-05,-22.613071872,21.02110535936
1.671e-05,-22.613071872,21.02110535936
1.6711e-05,-22.613071872,21.02110535936
1.6712000000000002e-05,-22.613071872,21.02110535936
1.6713e-05,-22.613071872,21.02110535936
1.6714e-05,-22.613071872,21.02110535936
1.6715000000000002e-05,-22.613071872,21.02110535936
1.6716e-05,-22.613071872,21.02110535936
1.6717e-05,-22.613071872,21.02110535936
1.6718e-05,-22.613071872,21.02110535936
1.6719e-05,-22.613071872,21.02110535936
1.6720000000000003e-05,-22.613071872,21.02110535936
1.6721e-05,-22.613071872,21.02110535936
1.6722e-05,-22.613071872,21.02110535936
1.6723000000000002e-05,-23.015081984,21.02110535936
1.6724e-05,-23.015081984,21.02110535936
1.6725e-05,-23.015081984,21.02110535936
1.6726000000000002e-05,-23.015081984,21.02110535936
1.6727e-05,-23.015081984,21.02110535936
1.6728e-05,-23.015081984,21.02110535936
1.6729000000000002e-05,-23.015081984,21.02110535936
1.673e-05,-23.015081984,21.02110535936
1.6731e-05,-23.015081984,21.02110535936
1.6732000000000002e-05,-23.015081984,21.02110535936
1.6733e-05,-23.015081984,21.02110535936
1.6734e-05,-23.015081984,21.02110535936
1.6735e-05,-22.613071872,21.02110535936
1.6736e-05,-22.613071872,21.02110535936
1.6737000000000003e-05,-22.613071872,21.02110535936
1.6738e-05,-22.613071872,21.02110535936
1.6739e-05,-22.613071872,21.02110535936
1.6740000000000002e-05,-22.613071872,21.02110535936
1.6741e-05,-23.015081984,21.02110535936
1.6742e-05,-23.015081984,21.02110535936
1.6743000000000002e-05,-23.015081984,21.02110535936
1.6744e-05,-23.015081984,21.02110535936
1.6745e-05,-23.015081984,21.02110535936
1.6746000000000002e-05,-23.015081984,21.02110535936
1.6747e-05,-23.015081984,21.02110535936
1.6748e-05,-23.015081984,21.02110535936
1.6749000000000002e-05,-23.015081984,21.02110535936
1.675e-05,-23.015081984,21.02110535936
1.6751e-05,-23.015081984,21.02110535936
1.6752e-05,-22.613071872,21.02110535936
1.6753e-05,-22.613071872,21.02110535936
1.6754000000000003e-05,-22.613071872,21.02110535936
1.6755e-05,-22.613071872,21.02110535936
1.6756e-05,-22.613071872,21.02110535936
1.6757000000000002e-05,-23.015081984,21.02110535936
1.6758e-05,-23.015081984,21.02110535936
1.6759e-05,-23.015081984,21.02110535936
1.6760000000000002e-05,-23.015081984,21.02110535936
1.6761e-05,-23.015081984,21.02110535936
1.6762e-05,-23.015081984,21.02110535936
1.6763000000000002e-05,-23.015081984,21.02110535936
1.6764e-05,-22.613071872,21.02110535936
1.6765e-05,-22.613071872,21.02110535936
1.6766000000000002e-05,-22.613071872,21.02110535936
1.6767e-05,-22.613071872,21.02110535936
1.6768e-05,-22.21106176,21.02110535936
1.6769e-05,-22.21106176,21.02110535936
1.677e-05,-22.21106176,21.02110535936
1.6771000000000003e-05,-22.21106176,21.02110535936
1.6772e-05,-22.21106176,21.02110535936
1.6773e-05,-22.21106176,21.02110535936
1.6774000000000002e-05,-22.21106176,21.02110535936
1.6775e-05,-22.21106176,21.02110535936
1.6776e-05,-22.21106176,21.02110535936
1.6777000000000002e-05,-22.21106176,21.02110535936
1.6778e-05,-22.21106176,21.02110535936
1.6779e-05,-22.21106176,21.02110535936
1.6780000000000002e-05,-22.21106176,21.02110535936
1.6781e-05,-22.21106176,21.02110535936
1.6782e-05,-21.809051648,21.02110535936
1.6783000000000002e-05,-21.809051648,21.02110535936
1.6784e-05,-21.809051648,21.02110535936
1.6785e-05,-21.809051648,21.02110535936
1.6786e-05,-21.809051648,21.02110535936
1.6787e-05,-21.809051648,21.02110535936
1.6788000000000003e-05,-21.809051648,21.02110535936
1.6789e-05,-21.809051648,21.02110535936
1.679e-05,-21.407041535999994,21.02110535936
1.6791000000000002e-05,-21.407041535999994,21.02110535936
1.6792e-05,-21.407041535999994,21.02110535936
1.6793e-05,-21.407041535999994,21.02110535936
1.6794000000000002e-05,-21.407041535999994,21.02110535936
1.6795e-05,-21.407041535999994,21.02110535936
1.6796e-05,-21.407041535999994,21.02110535936
1.6797000000000002e-05,-21.407041535999994,21.02110535936
1.6798e-05,-21.407041535999994,21.02110535936
1.6799e-05,-21.407041535999994,21.02110535936
1.6800000000000002e-05,-21.407041535999994,21.02110535936
1.6801e-05,-21.005031423999995,21.02110535936
1.6802e-05,-21.005031423999995,21.02110535936
1.6803e-05,-21.005031423999995,21.02110535936
1.6804e-05,-21.005031423999995,21.02110535936
1.6805000000000003e-05,-21.005031423999995,21.02110535936
1.6806e-05,-21.005031423999995,21.02110535936
1.6807e-05,-21.005031423999995,21.02110535936
1.6808000000000002e-05,-21.005031423999995,21.02110535936
1.6809e-05,-21.005031423999995,21.02110535936
1.681e-05,-21.005031423999995,21.02110535936
1.6811000000000002e-05,-20.603021311999996,21.02110535936
1.6812e-05,-20.603021311999996,21.02110535936
1.6813e-05,-20.201011199999996,21.02110535936
1.6814000000000002e-05,-20.201011199999996,21.02110535936
1.6815e-05,-20.201011199999996,21.02110535936
1.6816e-05,-20.201011199999996,21.02110535936
1.6817000000000002e-05,-20.201011199999996,21.02110535936
1.6818e-05,-20.201011199999996,21.02110535936
1.6819e-05,-20.201011199999996,21.02110535936
1.682e-05,-20.201011199999996,21.02110535936
1.6821e-05,-20.201011199999996,21.02110535936
1.6822000000000003e-05,-20.201011199999996,21.02110535936
1.6823e-05,-20.201011199999996,21.02110535936
1.6824e-05,-20.201011199999996,21.02110535936
1.6825000000000002e-05,-20.201011199999996,21.02110535936
1.6826e-05,-20.201011199999996,21.02110535936
1.6827e-05,-20.201011199999996,21.02110535936
1.6828000000000002e-05,-20.201011199999996,21.02110535936
1.6829e-05,-20.201011199999996,21.02110535936
1.683e-05,-19.799001087999997,21.02110535936
1.6831000000000002e-05,-19.799001087999997,21.02110535936
1.6832e-05,-19.799001087999997,21.02110535936
1.6833e-05,-19.396990975999998,21.02110535936
1.6834000000000002e-05,-19.396990975999998,21.02110535936
1.6835e-05,-19.396990975999998,21.02110535936
1.6836e-05,-18.994980864,21.02110535936
1.6837e-05,-19.396990975999998,21.02110535936
1.6838e-05,-19.396990975999998,21.02110535936
1.6839000000000003e-05,-19.396990975999998,21.02110535936
1.684e-05,-19.396990975999998,21.02110535936
1.6841e-05,-19.396990975999998,21.02110535936
1.6842000000000002e-05,-19.396990975999998,21.02110535936
1.6843e-05,-19.396990975999998,21.02110535936
1.6844e-05,-18.994980864,21.02110535936
1.6845000000000002e-05,-18.994980864,21.02110535936
1.6846e-05,-18.592970752,21.02110535936
1.6847e-05,-18.592970752,21.02110535936
1.6848000000000002e-05,-18.592970752,21.02110535936
1.6849e-05,-18.592970752,21.02110535936
1.685e-05,-18.592970752,21.02110535936
1.6851000000000002e-05,-18.592970752,21.02110535936
1.6852e-05,-18.592970752,21.02110535936
1.6853e-05,-18.592970752,21.02110535936
1.6854e-05,-18.592970752,21.02110535936
1.6855e-05,-18.19096064,21.02110535936
1.6856000000000003e-05,-18.19096064,21.02110535936
1.6857e-05,-18.19096064,21.02110535936
1.6858e-05,-18.19096064,21.02110535936
1.6859000000000002e-05,-18.19096064,21.02110535936
1.686e-05,-18.19096064,21.02110535936
1.6861e-05,-18.19096064,21.02110535936
1.6862000000000002e-05,-18.19096064,21.02110535936
1.6863e-05,-18.19096064,21.02110535936
1.6864e-05,-18.19096064,21.02110535936
1.6865000000000002e-05,-18.19096064,21.02110535936
1.6866e-05,-17.788950528,21.02110535936
1.6867e-05,-17.788950528,21.02110535936
1.6868000000000002e-05,-17.788950528,21.02110535936
1.6869e-05,-17.386940415999995,21.02110535936
1.687e-05,-17.386940415999995,21.02110535936
1.6871e-05,-17.386940415999995,21.02110535936
1.6872e-05,-17.386940415999995,21.02110535936
1.6873000000000003e-05,-17.386940415999995,21.02110535936
1.6874e-05,-17.386940415999995,21.02110535936
1.6875e-05,-17.386940415999995,21.02110535936
1.6876000000000002e-05,-17.386940415999995,21.02110535936
1.6877e-05,-17.386940415999995,21.02110535936
1.6878e-05,-17.386940415999995,21.02110535936
1.6879000000000002e-05,-17.386940415999995,21.02110535936
1.688e-05,-17.386940415999995,21.02110535936
1.6881e-05,-17.386940415999995,21.02110535936
1.6882000000000002e-05,-17.386940415999995,21.02110535936
1.6883e-05,-17.386940415999995,21.02110535936
1.6884e-05,-17.386940415999995,21.02110535936
1.6885000000000002e-05,-17.386940415999995,21.02110535936
1.6886e-05,-17.386940415999995,21.02110535936
1.6887e-05,-16.984930303999995,21.02110535936
1.6888e-05,-16.984930303999995,21.02110535936
1.6889e-05,-16.984930303999995,21.02110535936
1.6890000000000003e-05,-16.984930303999995,21.02110535936
1.6891e-05,-16.984930303999995,21.02110535936
1.6892e-05,-16.984930303999995,21.02110535936
1.6893000000000002e-05,-16.984930303999995,21.02110535936
1.6894e-05,-16.984930303999995,21.02110535936
1.6895e-05,-16.984930303999995,21.02110535936
1.6896000000000002e-05,-16.984930303999995,21.02110535936
1.6897e-05,-16.984930303999995,21.02110535936
1.6898e-05,-16.582920191999996,21.02110535936
1.6899000000000002e-05,-16.582920191999996,21.02110535936
1.69e-05,-16.582920191999996,21.02110535936
1.6901e-05,-16.984930303999995,21.02110535936
1.6902000000000002e-05,-16.984930303999995,21.02110535936
1.6903e-05,-16.984930303999995,21.02110535936
1.6904e-05,-16.984930303999995,21.02110535936
1.6905e-05,-16.984930303999995,21.02110535936
1.6906e-05,-16.984930303999995,21.02110535936
1.6907000000000003e-05,-16.984930303999995,21.02110535936
1.6908e-05,-16.984930303999995,21.02110535936
1.6909e-05,-16.984930303999995,21.02110535936
1.6910000000000002e-05,-16.984930303999995,21.02110535936
1.6911e-05,-16.984930303999995,21.02110535936
1.6912e-05,-16.984930303999995,21.02110535936
1.6913000000000002e-05,-16.582920191999996,21.02110535936
1.6914e-05,-16.582920191999996,21.02110535936
1.6915e-05,-16.582920191999996,21.02110535936
1.6916000000000002e-05,-16.984930303999995,21.02110535936
1.6917e-05,-16.984930303999995,21.02110535936
1.6918e-05,-16.984930303999995,21.02110535936
1.6919000000000002e-05,-16.984930303999995,21.02110535936
1.692e-05,-16.984930303999995,21.02110535936
1.6921e-05,-16.984930303999995,21.02110535936
1.6922e-05,-16.984930303999995,21.02110535936
1.6923e-05,-16.984930303999995,21.02110535936
1.6924000000000003e-05,-16.984930303999995,21.02110535936
1.6925e-05,-16.984930303999995,21.02110535936
1.6926e-05,-16.984930303999995,21.02110535936
1.6927000000000002e-05,-16.984930303999995,21.02110535936
1.6928e-05,-16.984930303999995,21.02110535936
1.6929e-05,-17.386940415999995,21.02110535936
1.6930000000000002e-05,-17.386940415999995,21.02110535936
1.6931e-05,-17.386940415999995,21.02110535936
1.6932e-05,-17.386940415999995,21.02110535936
1.6933000000000002e-05,-17.788950528,21.02110535936
1.6934e-05,-17.386940415999995,21.02110535936
1.6935e-05,-17.386940415999995,21.02110535936
1.6936000000000002e-05,-17.386940415999995,21.02110535936
1.6937e-05,-17.386940415999995,21.02110535936
1.6938e-05,-17.386940415999995,21.02110535936
1.6939e-05,-17.386940415999995,21.02110535936
1.694e-05,-17.386940415999995,21.02110535936
1.6941000000000003e-05,-17.386940415999995,21.02110535936
1.6942e-05,-17.386940415999995,21.02110535936
1.6943e-05,-17.386940415999995,21.02110535936
1.6944000000000002e-05,-17.788950528,21.02110535936
1.6945e-05,-17.788950528,21.02110535936
1.6946e-05,-17.788950528,21.02110535936
1.6947000000000002e-05,-17.788950528,21.02110535936
1.6948e-05,-18.19096064,21.02110535936
1.6949e-05,-18.19096064,21.02110535936
1.6950000000000002e-05,-18.19096064,21.02110535936
1.6951e-05,-18.19096064,21.02110535936
1.6952e-05,-18.19096064,21.02110535936
1.6953000000000002e-05,-18.19096064,21.02110535936
1.6954e-05,-18.19096064,21.02110535936
1.6955e-05,-18.19096064,21.02110535936
1.6956e-05,-18.19096064,21.02110535936
1.6957e-05,-18.19096064,21.02110535936
1.6958000000000003e-05,-18.19096064,21.02110535936
1.6959e-05,-18.19096064,21.02110535936
1.696e-05,-18.19096064,21.02110535936
1.6961000000000002e-05,-18.19096064,21.02110535936
1.6962e-05,-18.592970752,21.02110535936
1.6963e-05,-18.592970752,21.02110535936
1.6964000000000002e-05,-18.994980864,21.02110535936
1.6965e-05,-18.994980864,21.02110535936
1.6966e-05,-18.994980864,21.02110535936
1.6967000000000002e-05,-18.994980864,21.02110535936
1.6968e-05,-19.396990975999998,21.02110535936
1.6969e-05,-19.396990975999998,21.02110535936
1.6970000000000002e-05,-19.396990975999998,21.02110535936
1.6971e-05,-19.396990975999998,21.02110535936
1.6972e-05,-19.396990975999998,21.02110535936
1.6973e-05,-19.396990975999998,21.02110535936
1.6974e-05,-19.396990975999998,21.02110535936
1.6975000000000003e-05,-19.396990975999998,21.02110535936
1.6976e-05,-19.396990975999998,21.02110535936
1.6977e-05,-19.396990975999998,21.02110535936
1.6978000000000002e-05,-19.396990975999998,21.02110535936
1.6979e-05,-19.396990975999998,21.02110535936
1.698e-05,-19.396990975999998,21.02110535936
1.6981000000000002e-05,-19.396990975999998,21.02110535936
1.6982e-05,-19.396990975999998,21.02110535936
1.6983e-05,-19.799001087999997,21.02110535936
1.6984000000000002e-05,-19.799001087999997,21.02110535936
1.6985e-05,-19.799001087999997,21.02110535936
1.6986e-05,-19.799001087999997,21.02110535936
1.6987000000000002e-05,-19.799001087999997,21.02110535936
1.6988e-05,-20.201011199999996,21.02110535936
1.6989e-05,-20.201011199999996,21.02110535936
1.699e-05,-20.201011199999996,21.02110535936
1.6991e-05,-20.201011199999996,21.02110535936
1.6992000000000003e-05,-20.201011199999996,21.02110535936
1.6993e-05,-20.201011199999996,21.02110535936
1.6994e-05,-20.201011199999996,21.02110535936
1.6995000000000002e-05,-20.201011199999996,21.02110535936
1.6996e-05,-20.201011199999996,21.02110535936
1.6997e-05,-20.201011199999996,21.02110535936
1.6998000000000002e-05,-20.201011199999996,21.02110535936
1.6999e-05,-20.201011199999996,21.02110535936
1.7e-05,-20.201011199999996,21.02110535936
1.7001000000000002e-05,-20.201011199999996,21.02110535936
1.7002e-05,-20.201011199999996,21.02110535936
1.7003e-05,-20.603021311999996,21.02110535936
1.7004000000000002e-05,-20.603021311999996,21.02110535936
1.7005e-05,-20.603021311999996,21.02110535936
1.7006e-05,-20.603021311999996,21.02110535936
1.7007e-05,-20.603021311999996,21.02110535936
1.7008e-05,-20.603021311999996,21.02110535936
1.7009000000000003e-05,-20.603021311999996,21.02110535936
1.701e-05,-21.005031423999995,21.02110535936
1.7011e-05,-21.005031423999995,21.02110535936
1.7012000000000002e-05,-21.005031423999995,21.02110535936
1.7013e-05,-21.005031423999995,21.02110535936
1.7014e-05,-21.407041535999994,21.02110535936
1.7015000000000002e-05,-21.407041535999994,21.02110535936
1.7016e-05,-21.407041535999994,21.02110535936
1.7017e-05,-21.407041535999994,21.02110535936
1.7018000000000002e-05,-21.407041535999994,21.02110535936
1.7019e-05,-21.407041535999994,21.02110535936
1.702e-05,-21.407041535999994,21.02110535936
1.7021000000000002e-05,-21.407041535999994,21.02110535936
1.7022e-05,-21.407041535999994,21.02110535936
1.7023e-05,-21.407041535999994,21.02110535936
1.7024e-05,-21.407041535999994,21.02110535936
1.7025e-05,-21.407041535999994,21.02110535936
1.7026000000000003e-05,-21.407041535999994,21.02110535936
1.7027e-05,-21.407041535999994,21.02110535936
1.7028e-05,-21.407041535999994,21.02110535936
1.7029000000000002e-05,-21.407041535999994,21.02110535936
1.703e-05,-21.407041535999994,21.02110535936
1.7031e-05,-21.407041535999994,21.02110535936
1.7032000000000002e-05,-21.407041535999994,21.02110535936
1.7033e-05,-21.407041535999994,21.02110535936
1.7034e-05,-21.407041535999994,21.02110535936
1.7035000000000002e-05,-21.809051648,21.02110535936
1.7036e-05,-21.809051648,21.02110535936
1.7037e-05,-21.809051648,21.02110535936
1.7038000000000002e-05,-21.809051648,21.02110535936
1.7039e-05,-21.809051648,21.02110535936
1.704e-05,-21.809051648,21.02110535936
1.7041e-05,-21.809051648,21.02110535936
1.7042e-05,-21.809051648,21.02110535936
1.7043000000000003e-05,-21.809051648,21.02110535936
1.7044e-05,-21.809051648,21.02110535936
1.7045e-05,-21.809051648,21.02110535936
1.7046000000000002e-05,-21.809051648,21.02110535936
1.7047e-05,-21.809051648,21.02110535936
1.7048e-05,-21.809051648,21.02110535936
1.7049000000000002e-05,-21.809051648,21.02110535936
1.705e-05,-21.809051648,21.02110535936
1.7051e-05,-21.809051648,21.02110535936
1.7052000000000002e-05,-21.809051648,21.02110535936
1.7053e-05,-21.809051648,21.02110535936
1.7054e-05,-21.809051648,21.02110535936
1.7055000000000002e-05,-21.809051648,21.02110535936
1.7056e-05,-21.809051648,21.02110535936
1.7057e-05,-21.809051648,21.02110535936
1.7058e-05,-21.809051648,21.02110535936
1.7059e-05,-21.809051648,21.02110535936
1.7060000000000003e-05,-21.809051648,21.02110535936
1.7061e-05,-21.809051648,21.02110535936
1.7062e-05,-21.809051648,21.02110535936
1.7063000000000002e-05,-21.809051648,21.02110535936
1.7064e-05,-21.809051648,21.02110535936
1.7065e-05,-21.809051648,21.02110535936
1.7066000000000002e-05,-21.809051648,21.02110535936
1.7067e-05,-21.809051648,21.02110535936
1.7068e-05,-21.809051648,21.02110535936
1.7069000000000002e-05,-22.21106176,21.02110535936
1.707e-05,-22.21106176,21.02110535936
1.7071e-05,-22.21106176,21.02110535936
1.7072000000000002e-05,-22.21106176,21.02110535936
1.7073e-05,-22.21106176,21.02110535936
1.7074e-05,-22.21106176,21.02110535936
1.7075e-05,-22.21106176,21.02110535936
1.7076e-05,-22.21106176,21.02110535936
1.7077000000000003e-05,-22.21106176,21.02110535936
1.7078e-05,-22.21106176,21.02110535936
1.7079e-05,-22.21106176,21.02110535936
1.7080000000000002e-05,-22.21106176,21.02110535936
1.7081e-05,-21.809051648,21.02110535936
1.7082e-05,-21.809051648,21.02110535936
1.7083000000000002e-05,-21.809051648,21.02110535936
1.7084e-05,-21.809051648,21.02110535936
1.7085e-05,-21.407041535999994,21.02110535936
1.7086000000000002e-05,-21.407041535999994,21.02110535936
1.7087e-05,-21.407041535999994,21.02110535936
1.7088e-05,-21.407041535999994,21.02110535936
1.7089000000000002e-05,-21.407041535999994,21.02110535936
1.709e-05,-21.407041535999994,21.02110535936
1.7091e-05,-21.407041535999994,21.02110535936
1.7092000000000002e-05,-21.407041535999994,21.02110535936
1.7093e-05,-21.407041535999994,21.02110535936
1.7094000000000003e-05,-21.407041535999994,21.02110535936
1.7095e-05,-21.407041535999994,21.02110535936
1.7096e-05,-21.407041535999994,21.02110535936
1.7097000000000002e-05,-21.407041535999994,21.02110535936
1.7098e-05,-21.005031423999995,21.02110535936
1.7099e-05,-21.005031423999995,21.02110535936
1.7100000000000002e-05,-21.005031423999995,21.02110535936
1.7101e-05,-21.005031423999995,21.02110535936
1.7102e-05,-21.005031423999995,21.02110535936
1.7103000000000002e-05,-21.005031423999995,21.02110535936
1.7104e-05,-21.005031423999995,21.02110535936
1.7105e-05,-21.005031423999995,21.02110535936
1.7106000000000002e-05,-21.005031423999995,21.02110535936
1.7107e-05,-21.005031423999995,21.02110535936
1.7108e-05,-21.005031423999995,21.02110535936
1.7109000000000002e-05,-21.005031423999995,21.02110535936
1.711e-05,-21.005031423999995,21.02110535936
1.7111000000000003e-05,-21.005031423999995,21.02110535936
1.7112e-05,-21.005031423999995,21.02110535936
1.7113e-05,-21.005031423999995,21.02110535936
1.7114000000000003e-05,-21.005031423999995,21.02110535936
1.7115e-05,-21.005031423999995,21.02110535936
1.7116e-05,-21.005031423999995,21.02110535936
1.7117000000000002e-05,-21.005031423999995,21.02110535936
1.7118e-05,-21.005031423999995,21.02110535936
1.7119e-05,-21.005031423999995,21.02110535936
1.7120000000000002e-05,-20.603021311999996,21.02110535936
1.7121e-05,-20.603021311999996,21.02110535936
1.7122e-05,-20.603021311999996,21.02110535936
1.7123000000000002e-05,-20.201011199999996,21.02110535936
1.7124e-05,-20.201011199999996,21.02110535936
1.7125e-05,-20.201011199999996,21.02110535936
1.7126000000000002e-05,-20.201011199999996,21.02110535936
1.7127e-05,-20.201011199999996,21.02110535936
1.7128000000000003e-05,-20.201011199999996,21.02110535936
1.7129e-05,-20.201011199999996,21.02110535936
1.713e-05,-20.201011199999996,21.02110535936
1.7131000000000003e-05,-20.201011199999996,21.02110535936
1.7132e-05,-20.201011199999996,21.02110535936
1.7133e-05,-20.201011199999996,21.02110535936
1.7134000000000002e-05,-20.201011199999996,21.02110535936
1.7135e-05,-19.799001087999997,21.02110535936
1.7136e-05,-19.799001087999997,21.02110535936
1.7137000000000002e-05,-19.799001087999997,21.02110535936
1.7138e-05,-19.799001087999997,21.02110535936
1.7139e-05,-19.396990975999998,21.02110535936
1.7140000000000002e-05,-19.396990975999998,21.02110535936
1.7141e-05,-19.396990975999998,21.02110535936
1.7142e-05,-19.396990975999998,21.02110535936
1.7143000000000002e-05,-19.396990975999998,21.02110535936
1.7144e-05,-19.396990975999998,21.02110535936
1.7145000000000003e-05,-19.396990975999998,21.02110535936
1.7146e-05,-19.396990975999998,21.02110535936
1.7147e-05,-19.396990975999998,21.02110535936
1.7148000000000003e-05,-19.396990975999998,21.02110535936
1.7149e-05,-19.396990975999998,21.02110535936
1.715e-05,-18.994980864,21.02110535936
1.7151000000000002e-05,-18.994980864,21.02110535936
1.7152e-05,-18.994980864,21.02110535936
1.7153e-05,-18.994980864,21.02110535936
1.7154000000000002e-05,-18.592970752,21.02110535936
1.7155e-05,-18.592970752,21.02110535936
1.7156e-05,-18.592970752,21.02110535936
1.7157000000000002e-05,-18.592970752,21.02110535936
1.7158e-05,-18.592970752,21.02110535936
1.7159e-05,-18.592970752,21.02110535936
1.7160000000000002e-05,-18.592970752,21.02110535936
1.7161e-05,-18.19096064,21.02110535936
1.7162000000000003e-05,-18.19096064,21.02110535936
1.7163e-05,-18.19096064,21.02110535936
1.7164e-05,-18.19096064,21.02110535936
1.7165000000000003e-05,-18.19096064,21.02110535936
1.7166e-05,-18.19096064,21.02110535936
1.7167e-05,-17.788950528,21.02110535936
1.7168000000000002e-05,-17.788950528,21.02110535936
1.7169e-05,-17.788950528,21.02110535936
1.717e-05,-17.788950528,21.02110535936
1.7171000000000002e-05,-17.788950528,21.02110535936
1.7172e-05,-17.788950528,21.02110535936
1.7173e-05,-17.788950528,21.02110535936
1.7174000000000002e-05,-18.19096064,21.02110535936
1.7175e-05,-17.788950528,21.02110535936
1.7176e-05,-17.788950528,21.02110535936
1.7177000000000002e-05,-17.788950528,21.02110535936
1.7178e-05,-17.788950528,21.02110535936
1.7179000000000003e-05,-17.788950528,21.02110535936
1.718e-05,-17.386940415999995,21.02110535936
1.7181e-05,-17.386940415999995,21.02110535936
1.7182000000000003e-05,-17.386940415999995,21.02110535936
1.7183e-05,-16.984930303999995,21.02110535936
1.7184e-05,-16.984930303999995,21.02110535936
1.7185000000000002e-05,-16.984930303999995,21.02110535936
1.7186e-05,-16.984930303999995,21.02110535936
1.7187e-05,-16.984930303999995,21.02110535936
1.7188000000000002e-05,-16.984930303999995,21.02110535936
1.7189e-05,-17.386940415999995,21.02110535936
1.719e-05,-17.386940415999995,21.02110535936
1.7191000000000002e-05,-17.386940415999995,21.02110535936
1.7192e-05,-17.386940415999995,21.02110535936
1.7193e-05,-17.386940415999995,21.02110535936
1.7194000000000002e-05,-16.984930303999995,21.02110535936
1.7195e-05,-16.984930303999995,21.02110535936
1.7196000000000003e-05,-16.984930303999995,21.02110535936
1.7197e-05,-16.582920191999996,21.02110535936
1.7198e-05,-16.582920191999996,21.02110535936
1.7199000000000003e-05,-16.582920191999996,21.02110535936
1.72e-05,-16.582920191999996,21.02110535936
1.7201e-05,-16.582920191999996,21.02110535936
1.7202000000000002e-05,-16.582920191999996,21.02110535936
1.7203e-05,-16.582920191999996,21.02110535936
1.7204e-05,-16.582920191999996,21.02110535936
1.7205000000000002e-05,-16.582920191999996,21.02110535936
1.7206e-05,-16.582920191999996,21.02110535936
1.7207e-05,-16.582920191999996,21.02110535936
1.7208000000000002e-05,-16.582920191999996,21.02110535936
1.7209e-05,-16.582920191999996,21.02110535936
1.721e-05,-16.582920191999996,21.02110535936
1.7211000000000002e-05,-16.582920191999996,21.02110535936
1.7212e-05,-16.582920191999996,21.02110535936
1.7213000000000003e-05,-16.582920191999996,21.02110535936
1.7214e-05,-16.180910079999997,21.02110535936
1.7215e-05,-16.180910079999997,21.02110535936
1.7216000000000003e-05,-16.180910079999997,21.02110535936
1.7217e-05,-16.180910079999997,21.02110535936
1.7218e-05,-16.180910079999997,21.02110535936
1.7219000000000002e-05,-16.180910079999997,21.02110535936
1.722e-05,-16.180910079999997,21.02110535936
1.7221e-05,-16.180910079999997,21.02110535936
1.7222000000000002e-05,-16.180910079999997,21.02110535936
1.7223e-05,-16.180910079999997,21.02110535936
1.7224e-05,-16.180910079999997,21.02110535936
1.7225000000000002e-05,-16.180910079999997,21.02110535936
1.7226e-05,-16.582920191999996,21.02110535936
1.7227e-05,-16.582920191999996,21.02110535936
1.7228000000000002e-05,-16.582920191999996,21.02110535936
1.7229e-05,-16.582920191999996,21.02110535936
1.7230000000000003e-05,-16.180910079999997,21.02110535936
1.7231e-05,-16.180910079999997,21.02110535936
1.7232e-05,-16.180910079999997,21.02110535936
1.7233000000000003e-05,-16.180910079999997,21.02110535936
1.7234e-05,-16.180910079999997,21.02110535936
1.7235e-05,-16.180910079999997,21.02110535936
1.7236000000000002e-05,-16.180910079999997,21.02110535936
1.7237e-05,-16.180910079999997,21.02110535936
1.7238e-05,-16.582920191999996,21.02110535936
1.7239000000000002e-05,-16.582920191999996,21.02110535936
1.724e-05,-16.582920191999996,21.02110535936
1.7241e-05,-16.984930303999995,21.02110535936
1.7242000000000002e-05,-16.984930303999995,21.02110535936
1.7243e-05,-16.984930303999995,21.02110535936
1.7244e-05,-16.984930303999995,21.02110535936
1.7245000000000002e-05,-16.582920191999996,21.02110535936
1.7246e-05,-16.582920191999996,21.02110535936
1.7247000000000003e-05,-16.582920191999996,21.02110535936
1.7248e-05,-16.582920191999996,21.02110535936
1.7249e-05,-16.582920191999996,21.02110535936
1.7250000000000003e-05,-16.582920191999996,21.02110535936
1.7251e-05,-16.582920191999996,21.02110535936
1.7252e-05,-16.582920191999996,21.02110535936
1.7253000000000002e-05,-16.582920191999996,21.02110535936
1.7254e-05,-16.582920191999996,21.02110535936
1.7255e-05,-16.582920191999996,21.02110535936
1.7256000000000002e-05,-16.582920191999996,21.02110535936
1.7257e-05,-16.582920191999996,21.02110535936
1.7258e-05,-16.582920191999996,21.02110535936
1.7259000000000002e-05,-16.582920191999996,21.02110535936
1.726e-05,-16.984930303999995,21.02110535936
1.7261e-05,-16.984930303999995,21.02110535936
1.7262000000000002e-05,-16.984930303999995,21.02110535936
1.7263e-05,-16.984930303999995,21.02110535936
1.7264000000000003e-05,-16.984930303999995,21.02110535936
1.7265e-05,-16.984930303999995,21.02110535936
1.7266e-05,-16.984930303999995,21.02110535936
1.7267000000000003e-05,-16.984930303999995,21.02110535936
1.7268e-05,-16.984930303999995,21.02110535936
1.7269e-05,-16.984930303999995,21.02110535936
1.7270000000000002e-05,-16.984930303999995,21.02110535936
1.7271e-05,-17.386940415999995,21.02110535936
1.7272e-05,-17.386940415999995,21.02110535936
1.7273000000000002e-05,-17.386940415999995,21.02110535936
1.7274e-05,-17.386940415999995,21.02110535936
1.7275e-05,-17.386940415999995,21.02110535936
1.7276000000000002e-05,-17.386940415999995,21.02110535936
1.7277e-05,-17.386940415999995,21.02110535936
1.7278e-05,-17.386940415999995,21.02110535936
1.7279000000000002e-05,-17.386940415999995,21.02110535936
1.728e-05,-17.386940415999995,21.02110535936
1.7281000000000003e-05,-17.386940415999995,21.02110535936
1.7282e-05,-17.386940415999995,21.02110535936
1.7283e-05,-17.386940415999995,21.02110535936
1.7284000000000003e-05,-17.788950528,21.02110535936
1.7285e-05,-17.788950528,21.02110535936
1.7286e-05,-17.788950528,21.02110535936
1.7287000000000002e-05,-17.788950528,21.02110535936
1.7288e-05,-18.19096064,21.02110535936
1.7289e-05,-18.19096064,21.02110535936
1.7290000000000002e-05,-18.19096064,21.02110535936
1.7291e-05,-18.19096064,21.02110535936
1.7292e-05,-18.19096064,21.02110535936
1.7293000000000002e-05,-18.19096064,21.02110535936
1.7294e-05,-18.19096064,21.02110535936
1.7295e-05,-18.19096064,21.02110535936
1.7296000000000002e-05,-18.19096064,21.02110535936
1.7297e-05,-18.19096064,21.02110535936
1.7298e-05,-18.19096064,21.02110535936
1.7299e-05,-18.592970752,21.02110535936
1.73e-05,-18.592970752,21.02110535936
1.7301000000000003e-05,-18.592970752,21.02110535936
1.7302e-05,-18.592970752,21.02110535936
1.7303e-05,-18.592970752,21.02110535936
1.7304000000000002e-05,-18.592970752,21.02110535936
1.7305e-05,-18.592970752,21.02110535936
1.7306e-05,-18.592970752,21.02110535936
1.7307000000000002e-05,-18.592970752,21.02110535936
1.7308e-05,-18.592970752,21.02110535936
1.7309e-05,-18.592970752,21.02110535936
1.7310000000000002e-05,-18.592970752,21.02110535936
1.7311e-05,-18.592970752,21.02110535936
1.7312e-05,-18.592970752,21.02110535936
1.7313000000000002e-05,-18.592970752,21.02110535936
1.7314e-05,-18.592970752,21.02110535936
1.7315e-05,-18.592970752,21.02110535936
1.7316e-05,-18.592970752,21.02110535936
1.7317e-05,-18.592970752,21.02110535936
1.7318000000000003e-05,-18.994980864,21.02110535936
1.7319e-05,-18.994980864,21.02110535936
1.732e-05,-18.994980864,21.02110535936
1.7321000000000002e-05,-18.994980864,21.02110535936
1.7322e-05,-18.994980864,21.02110535936
1.7323e-05,-18.994980864,21.02110535936
1.7324000000000002e-05,-18.994980864,21.02110535936
1.7325e-05,-19.396990975999998,21.02110535936
1.7326e-05,-18.994980864,21.02110535936
1.7327000000000002e-05,-18.994980864,21.02110535936
1.7328e-05,-19.396990975999998,21.02110535936
1.7329e-05,-19.396990975999998,21.02110535936
1.7330000000000002e-05,-19.396990975999998,21.02110535936
1.7331e-05,-19.396990975999998,21.02110535936
1.7332e-05,-19.396990975999998,21.02110535936
1.7333e-05,-19.396990975999998,21.02110535936
1.7334e-05,-19.799001087999997,21.02110535936
1.7335000000000003e-05,-19.396990975999998,21.02110535936
1.7336e-05,-19.799001087999997,21.02110535936
1.7337e-05,-19.799001087999997,21.02110535936
1.7338000000000002e-05,-19.799001087999997,21.02110535936
1.7339e-05,-19.799001087999997,21.02110535936
1.734e-05,-19.799001087999997,21.02110535936
1.7341000000000002e-05,-19.799001087999997,21.02110535936
1.7342e-05,-19.799001087999997,21.02110535936
1.7343e-05,-19.799001087999997,21.02110535936
1.7344000000000002e-05,-19.799001087999997,21.02110535936
1.7345e-05,-19.799001087999997,21.02110535936
1.7346e-05,-19.799001087999997,21.02110535936
1.7347000000000002e-05,-19.799001087999997,21.02110535936
1.7348e-05,-19.799001087999997,21.02110535936
1.7349e-05,-19.799001087999997,21.02110535936
1.735e-05,-19.799001087999997,21.02110535936
1.7351e-05,-19.799001087999997,21.02110535936
1.7352000000000003e-05,-20.201011199999996,21.02110535936
1.7353e-05,-20.201011199999996,21.02110535936
1.7354e-05,-20.201011199999996,21.02110535936
1.7355000000000002e-05,-20.201011199999996,21.02110535936
1.7356e-05,-20.201011199999996,21.02110535936
1.7357e-05,-20.201011199999996,21.02110535936
1.7358000000000002e-05,-20.201011199999996,21.02110535936
1.7359e-05,-20.201011199999996,21.02110535936
1.736e-05,-20.201011199999996,21.02110535936
1.7361000000000002e-05,-20.201011199999996,21.02110535936
1.7362e-05,-20.201011199999996,21.02110535936
1.7363e-05,-20.201011199999996,21.02110535936
1.7364000000000002e-05,-20.201011199999996,21.02110535936
1.7365e-05,-20.201011199999996,21.02110535936
1.7366e-05,-20.201011199999996,21.02110535936
1.7367e-05,-20.201011199999996,21.02110535936
1.7368e-05,-20.201011199999996,21.02110535936
1.7369000000000003e-05,-20.201011199999996,21.02110535936
1.737e-05,-20.201011199999996,21.02110535936
1.7371e-05,-20.201011199999996,21.02110535936
1.7372000000000002e-05,-20.201011199999996,21.02110535936
1.7373e-05,-20.201011199999996,21.02110535936
1.7374e-05,-20.201011199999996,21.02110535936
1.7375000000000002e-05,-20.201011199999996,21.02110535936
1.7376e-05,-20.201011199999996,21.02110535936
1.7377e-05,-20.201011199999996,21.02110535936
1.7378000000000002e-05,-20.201011199999996,21.02110535936
1.7379e-05,-20.201011199999996,21.02110535936
1.738e-05,-20.201011199999996,21.02110535936
1.7381000000000002e-05,-20.201011199999996,21.02110535936
1.7382e-05,-20.201011199999996,21.02110535936
1.7383e-05,-20.201011199999996,21.02110535936
1.7384e-05,-20.201011199999996,21.02110535936
1.7385e-05,-20.201011199999996,21.02110535936
1.7386000000000003e-05,-20.201011199999996,21.02110535936
1.7387e-05,-20.201011199999996,21.02110535936
1.7388e-05,-20.201011199999996,21.02110535936
1.7389000000000002e-05,-20.201011199999996,21.02110535936
1.739e-05,-20.201011199999996,21.02110535936
1.7391e-05,-20.201011199999996,21.02110535936
1.7392000000000002e-05,-19.799001087999997,21.02110535936
1.7393e-05,-19.799001087999997,21.02110535936
1.7394e-05,-19.799001087999997,21.02110535936
1.7395000000000002e-05,-20.201011199999996,21.02110535936
1.7396e-05,-20.201011199999996,21.02110535936
1.7397e-05,-19.799001087999997,21.02110535936
1.7398000000000002e-05,-19.799001087999997,21.02110535936
1.7399e-05,-19.799001087999997,21.02110535936
1.74e-05,-19.799001087999997,21.02110535936
1.7401e-05,-19.799001087999997,21.02110535936
1.7402e-05,-19.799001087999997,21.02110535936
1.7403000000000003e-05,-19.799001087999997,21.02110535936
1.7404e-05,-19.799001087999997,21.02110535936
1.7405e-05,-19.799001087999997,21.02110535936
1.7406000000000002e-05,-19.799001087999997,21.02110535936
1.7407e-05,-19.799001087999997,21.02110535936
1.7408e-05,-19.799001087999997,21.02110535936
1.7409000000000002e-05,-19.799001087999997,21.02110535936
1.741e-05,-19.799001087999997,21.02110535936
1.7411e-05,-19.799001087999997,21.02110535936
1.7412000000000002e-05,-19.396990975999998,21.02110535936
1.7413e-05,-19.396990975999998,21.02110535936
1.7414e-05,-19.396990975999998,21.02110535936
1.7415000000000002e-05,-19.396990975999998,21.02110535936
1.7416e-05,-19.396990975999998,21.02110535936
1.7417e-05,-19.396990975999998,21.02110535936
1.7418e-05,-19.396990975999998,21.02110535936
1.7419e-05,-19.396990975999998,21.02110535936
1.7420000000000003e-05,-19.396990975999998,21.02110535936
1.7421e-05,-19.396990975999998,21.02110535936
1.7422e-05,-19.396990975999998,21.02110535936
1.7423000000000002e-05,-19.396990975999998,21.02110535936
1.7424e-05,-19.396990975999998,21.02110535936
1.7425e-05,-19.396990975999998,21.02110535936
1.7426000000000002e-05,-19.396990975999998,21.02110535936
1.7427e-05,-19.396990975999998,21.02110535936
1.7428e-05,-19.396990975999998,21.02110535936
1.7429000000000002e-05,-19.396990975999998,21.02110535936
1.743e-05,-18.994980864,21.02110535936
1.7431e-05,-18.994980864,21.02110535936
1.7432000000000002e-05,-18.994980864,21.02110535936
1.7433e-05,-18.994980864,21.02110535936
1.7434e-05,-18.994980864,21.02110535936
1.7435e-05,-18.994980864,21.02110535936
1.7436e-05,-18.994980864,21.02110535936
1.7437000000000003e-05,-18.994980864,21.02110535936
1.7438e-05,-18.592970752,21.02110535936
1.7439e-05,-18.592970752,21.02110535936
1.7440000000000002e-05,-18.994980864,21.02110535936
1.7441e-05,-18.994980864,21.02110535936
1.7442e-05,-18.994980864,21.02110535936
1.7443000000000002e-05,-18.994980864,21.02110535936
1.7444e-05,-18.994980864,21.02110535936
1.7445e-05,-18.592970752,21.02110535936
1.7446000000000002e-05,-18.592970752,21.02110535936
1.7447e-05,-18.592970752,21.02110535936
1.7448e-05,-18.592970752,21.02110535936
1.7449000000000002e-05,-18.592970752,21.02110535936
1.745e-05,-18.19096064,21.02110535936
1.7451e-05,-18.19096064,21.02110535936
1.7452e-05,-18.19096064,21.02110535936
1.7453e-05,-18.19096064,21.02110535936
1.7454000000000003e-05,-18.19096064,21.02110535936
1.7455e-05,-18.19096064,21.02110535936
1.7456e-05,-18.19096064,21.02110535936
1.7457000000000002e-05,-17.788950528,21.02110535936
1.7458e-05,-17.788950528,21.02110535936
1.7459e-05,-17.788950528,21.02110535936
1.7460000000000002e-05,-17.386940415999995,21.02110535936
1.7461e-05,-17.386940415999995,21.02110535936
1.7462e-05,-17.386940415999995,21.02110535936
1.7463000000000002e-05,-17.386940415999995,21.02110535936
1.7464e-05,-16.984930303999995,21.02110535936
1.7465e-05,-16.984930303999995,21.02110535936
1.7466000000000002e-05,-16.984930303999995,21.02110535936
1.7467e-05,-16.984930303999995,21.02110535936
1.7468e-05,-17.386940415999995,21.02110535936
1.7469e-05,-17.386940415999995,21.02110535936
1.747e-05,-17.386940415999995,21.02110535936
1.7471000000000003e-05,-17.386940415999995,21.02110535936
1.7472e-05,-17.386940415999995,21.02110535936
1.7473e-05,-16.984930303999995,21.02110535936
1.7474000000000002e-05,-16.984930303999995,21.02110535936
1.7475e-05,-16.984930303999995,21.02110535936
1.7476e-05,-16.984930303999995,21.02110535936
1.7477000000000002e-05,-16.984930303999995,21.02110535936
1.7478e-05,-16.984930303999995,21.02110535936
1.7479e-05,-16.984930303999995,21.02110535936
1.7480000000000002e-05,-16.582920191999996,21.02110535936
1.7481e-05,-16.582920191999996,21.02110535936
1.7482e-05,-16.582920191999996,21.02110535936
1.7483000000000002e-05,-16.582920191999996,21.02110535936
1.7484e-05,-16.582920191999996,21.02110535936
1.7485e-05,-16.180910079999997,21.02110535936
1.7486e-05,-16.180910079999997,21.02110535936
1.7487e-05,-16.180910079999997,21.02110535936
1.7488000000000003e-05,-16.180910079999997,21.02110535936
1.7489e-05,-16.180910079999997,21.02110535936
1.749e-05,-15.778899967999998,21.02110535936
1.7491000000000002e-05,-15.778899967999998,21.02110535936
1.7492e-05,-15.778899967999998,21.02110535936
1.7493e-05,-15.778899967999998,21.02110535936
1.7494000000000002e-05,-15.778899967999998,21.02110535936
1.7495e-05,-15.778899967999998,21.02110535936
1.7496e-05,-15.778899967999998,21.02110535936
1.7497000000000002e-05,-15.778899967999998,21.02110535936
1.7498e-05,-15.778899967999998,21.02110535936
1.7499e-05,-15.778899967999998,21.02110535936
1.7500000000000002e-05,-15.778899967999998,21.02110535936
1.7501e-05,-15.778899967999998,21.02110535936
1.7502e-05,-15.778899967999998,21.02110535936
1.7503e-05,-15.778899967999998,21.02110535936
1.7504e-05,-15.778899967999998,21.02110535936
1.7505000000000003e-05,-15.778899967999998,21.02110535936
1.7506e-05,-15.778899967999998,21.02110535936
1.7507e-05,-15.778899967999998,21.02110535936
1.7508000000000002e-05,-15.778899967999998,21.02110535936
1.7509e-05,-15.778899967999998,21.02110535936
1.751e-05,-15.778899967999998,21.02110535936
1.7511000000000002e-05,-15.778899967999998,21.02110535936
1.7512e-05,-15.778899967999998,21.02110535936
1.7513e-05,-15.778899967999998,21.02110535936
1.7514000000000002e-05,-15.778899967999998,21.02110535936
1.7515e-05,-15.778899967999998,21.02110535936
1.7516e-05,-15.376889855999998,21.02110535936
1.7517000000000002e-05,-15.376889855999998,21.02110535936
1.7518e-05,-15.376889855999998,21.02110535936
1.7519e-05,-15.376889855999998,21.02110535936
1.752e-05,-15.376889855999998,21.02110535936
1.7521e-05,-14.974879743999999,21.02110535936
1.7522000000000003e-05,-14.974879743999999,21.02110535936
1.7523e-05,-15.376889855999998,21.02110535936
1.7524e-05,-15.376889855999998,21.02110535936
1.7525000000000002e-05,-15.376889855999998,21.02110535936
1.7526e-05,-15.376889855999998,21.02110535936
1.7527e-05,-15.376889855999998,21.02110535936
1.7528000000000002e-05,-15.376889855999998,21.02110535936
1.7529e-05,-15.376889855999998,21.02110535936
1.753e-05,-15.376889855999998,21.02110535936
1.7531000000000002e-05,-14.974879743999999,21.02110535936
1.7532e-05,-14.974879743999999,21.02110535936
1.7533e-05,-14.974879743999999,21.02110535936
1.7534000000000002e-05,-14.974879743999999,21.02110535936
1.7535e-05,-14.974879743999999,21.02110535936
1.7536e-05,-14.974879743999999,21.02110535936
1.7537e-05,-14.974879743999999,21.02110535936
1.7538e-05,-15.376889855999998,21.02110535936
1.7539000000000003e-05,-15.376889855999998,21.02110535936
1.754e-05,-15.376889855999998,21.02110535936
1.7541e-05,-15.376889855999998,21.02110535936
1.7542000000000002e-05,-15.376889855999998,21.02110535936
1.7543e-05,-14.974879743999999,21.02110535936
1.7544e-05,-14.974879743999999,21.02110535936
1.7545000000000002e-05,-14.974879743999999,21.02110535936
1.7546e-05,-14.974879743999999,21.02110535936
1.7547e-05,-14.974879743999999,21.02110535936
1.7548000000000002e-05,-14.974879743999999,21.02110535936
1.7549e-05,-14.974879743999999,21.02110535936
1.755e-05,-14.974879743999999,21.02110535936
1.7551000000000002e-05,-15.376889855999998,21.02110535936
1.7552e-05,-15.376889855999998,21.02110535936
1.7553e-05,-15.376889855999998,21.02110535936
1.7554e-05,-14.974879743999999,21.02110535936
1.7555e-05,-14.974879743999999,21.02110535936
1.7556000000000003e-05,-14.974879743999999,21.02110535936
1.7557e-05,-14.974879743999999,21.02110535936
1.7558e-05,-14.974879743999999,21.02110535936
1.7559000000000002e-05,-15.376889855999998,21.02110535936
1.756e-05,-15.376889855999998,21.02110535936
1.7561e-05,-14.974879743999999,21.02110535936
1.7562000000000002e-05,-14.974879743999999,21.02110535936
1.7563e-05,-15.376889855999998,21.02110535936
1.7564e-05,-15.376889855999998,21.02110535936
1.7565000000000002e-05,-15.376889855999998,21.02110535936
1.7566e-05,-15.376889855999998,21.02110535936
1.7567e-05,-15.376889855999998,21.02110535936
1.7568000000000002e-05,-15.376889855999998,21.02110535936
1.7569e-05,-15.376889855999998,21.02110535936
1.757e-05,-15.376889855999998,21.02110535936
1.7571e-05,-15.376889855999998,21.02110535936
1.7572e-05,-15.376889855999998,21.02110535936
1.7573000000000003e-05,-15.376889855999998,21.02110535936
1.7574e-05,-15.376889855999998,21.02110535936
1.7575e-05,-15.376889855999998,21.02110535936
1.7576000000000002e-05,-15.376889855999998,21.02110535936
1.7577e-05,-15.376889855999998,21.02110535936
1.7578e-05,-15.376889855999998,21.02110535936
1.7579000000000002e-05,-15.376889855999998,21.02110535936
1.758e-05,-15.778899967999998,21.02110535936
1.7581e-05,-15.778899967999998,21.02110535936
1.7582000000000002e-05,-15.778899967999998,21.02110535936
1.7583e-05,-15.778899967999998,21.02110535936
1.7584e-05,-15.778899967999998,21.02110535936
1.7585000000000002e-05,-15.778899967999998,21.02110535936
1.7586e-05,-15.778899967999998,21.02110535936
1.7587e-05,-15.778899967999998,21.02110535936
1.7588e-05,-15.778899967999998,21.02110535936
1.7589e-05,-15.778899967999998,21.02110535936
1.7590000000000003e-05,-15.778899967999998,21.02110535936
1.7591e-05,-15.778899967999998,21.02110535936
1.7592e-05,-15.778899967999998,21.02110535936
1.7593000000000002e-05,-15.778899967999998,21.02110535936
1.7594e-05,-15.778899967999998,21.02110535936
1.7595e-05,-15.778899967999998,21.02110535936
1.7596000000000002e-05,-15.778899967999998,21.02110535936
1.7597e-05,-15.778899967999998,21.02110535936
1.7598e-05,-15.778899967999998,21.02110535936
1.7599000000000002e-05,-15.778899967999998,21.02110535936
1.76e-05,-15.778899967999998,21.02110535936
1.7601e-05,-15.778899967999998,21.02110535936
1.7602000000000002e-05,-16.180910079999997,21.02110535936
1.7603e-05,-16.180910079999997,21.02110535936
1.7604e-05,-16.180910079999997,21.02110535936
1.7605000000000002e-05,-16.582920191999996,21.02110535936
1.7606e-05,-16.582920191999996,21.02110535936
1.7607000000000003e-05,-16.582920191999996,21.02110535936
1.7608e-05,-16.582920191999996,21.02110535936
1.7609e-05,-16.582920191999996,21.02110535936
1.7610000000000002e-05,-16.582920191999996,21.02110535936
1.7611e-05,-16.582920191999996,21.02110535936
1.7612e-05,-16.582920191999996,21.02110535936
1.7613000000000002e-05,-16.582920191999996,21.02110535936
1.7614e-05,-16.582920191999996,21.02110535936
1.7615e-05,-16.582920191999996,21.02110535936
1.7616000000000002e-05,-16.582920191999996,21.02110535936
1.7617e-05,-16.984930303999995,21.02110535936
1.7618e-05,-16.984930303999995,21.02110535936
1.7619000000000002e-05,-16.984930303999995,21.02110535936
1.762e-05,-16.984930303999995,21.02110535936
1.7621e-05,-16.984930303999995,21.02110535936
1.7622000000000002e-05,-16.984930303999995,21.02110535936
1.7623e-05,-16.984930303999995,21.02110535936
1.7624000000000003e-05,-16.984930303999995,21.02110535936
1.7625e-05,-17.386940415999995,21.02110535936
1.7626e-05,-17.386940415999995,21.02110535936
1.7627000000000003e-05,-17.386940415999995,21.02110535936
1.7628e-05,-17.386940415999995,21.02110535936
1.7629e-05,-17.386940415999995,21.02110535936
1.7630000000000002e-05,-17.386940415999995,21.02110535936
1.7631e-05,-17.386940415999995,21.02110535936
1.7632e-05,-17.386940415999995,21.02110535936
1.7633000000000002e-05,-17.386940415999995,21.02110535936
1.7634e-05,-17.386940415999995,21.02110535936
1.7635e-05,-17.386940415999995,21.02110535936
1.7636000000000002e-05,-17.386940415999995,21.02110535936
1.7637e-05,-17.386940415999995,21.02110535936
1.7638e-05,-17.386940415999995,21.02110535936
1.7639000000000002e-05,-17.386940415999995,21.02110535936
1.764e-05,-17.386940415999995,21.02110535936
1.7641000000000003e-05,-17.788950528,21.02110535936
1.7642e-05,-17.788950528,21.02110535936
1.7643e-05,-17.788950528,21.02110535936
1.7644000000000003e-05,-17.788950528,21.02110535936
1.7645e-05,-17.788950528,21.02110535936
1.7646e-05,-17.788950528,21.02110535936
1.7647000000000002e-05,-17.788950528,21.02110535936
1.7648e-05,-17.386940415999995,21.02110535936
1.7649e-05,-17.386940415999995,21.02110535936
1.7650000000000002e-05,-17.386940415999995,21.02110535936
1.7651e-05,-17.386940415999995,21.02110535936
1.7652e-05,-17.386940415999995,21.02110535936
1.7653000000000002e-05,-17.386940415999995,21.02110535936
1.7654e-05,-17.386940415999995,21.02110535936
1.7655e-05,-17.386940415999995,21.02110535936
1.7656000000000002e-05,-17.386940415999995,21.02110535936
1.7657e-05,-17.386940415999995,21.02110535936
1.7658000000000003e-05,-17.386940415999995,21.02110535936
1.7659e-05,-17.386940415999995,21.02110535936
1.766e-05,-17.386940415999995,21.02110535936
1.7661000000000003e-05,-17.788950528,21.02110535936
1.7662e-05,-17.788950528,21.02110535936
1.7663e-05,-17.788950528,21.02110535936
1.7664000000000002e-05,-17.788950528,21.02110535936
1.7665e-05,-18.19096064,21.02110535936
1.7666e-05,-18.19096064,21.02110535936
1.7667000000000002e-05,-18.19096064,21.02110535936
1.7668e-05,-18.19096064,21.02110535936
1.7669e-05,-18.19096064,21.02110535936
1.7670000000000002e-05,-18.19096064,21.02110535936
1.7671e-05,-18.19096064,21.02110535936
1.7672e-05,-18.19096064,21.02110535936
1.7673000000000002e-05,-18.19096064,21.02110535936
1.7674e-05,-18.19096064,21.02110535936
1.7675000000000003e-05,-18.19096064,21.02110535936
1.7676e-05,-18.19096064,21.02110535936
1.7677e-05,-18.19096064,21.02110535936
1.7678000000000003e-05,-18.19096064,21.02110535936
1.7679e-05,-17.788950528,21.02110535936
1.768e-05,-17.788950528,21.02110535936
1.7681000000000002e-05,-17.788950528,21.02110535936
1.7682e-05,-17.788950528,21.02110535936
1.7683e-05,-17.788950528,21.02110535936
1.7684000000000002e-05,-17.788950528,21.02110535936
1.7685e-05,-17.788950528,21.02110535936
1.7686e-05,-18.19096064,21.02110535936
1.7687000000000002e-05,-18.19096064,21.02110535936
1.7688e-05,-18.19096064,21.02110535936
1.7689e-05,-18.19096064,21.02110535936
1.7690000000000002e-05,-18.19096064,21.02110535936
1.7691e-05,-18.19096064,21.02110535936
1.7692000000000003e-05,-18.19096064,21.02110535936
1.7693e-05,-18.19096064,21.02110535936
1.7694e-05,-18.19096064,21.02110535936
1.7695000000000003e-05,-18.19096064,21.02110535936
1.7696e-05,-18.19096064,21.02110535936
1.7697e-05,-18.19096064,21.02110535936
1.7698000000000002e-05,-17.788950528,21.02110535936
1.7699e-05,-17.788950528,21.02110535936
1.77e-05,-17.788950528,21.02110535936
1.7701000000000002e-05,-17.788950528,21.02110535936
1.7702e-05,-17.788950528,21.02110535936
1.7703e-05,-17.788950528,21.02110535936
1.7704000000000002e-05,-17.788950528,21.02110535936
1.7705e-05,-17.788950528,21.02110535936
1.7706e-05,-17.788950528,21.02110535936
1.7707000000000002e-05,-18.19096064,21.02110535936
1.7708e-05,-18.19096064,21.02110535936
1.7709000000000003e-05,-18.19096064,21.02110535936
1.771e-05,-18.19096064,21.02110535936
1.7711e-05,-18.19096064,21.02110535936
1.7712000000000003e-05,-18.19096064,21.02110535936
1.7713e-05,-18.19096064,21.02110535936
1.7714e-05,-17.788950528,21.02110535936
1.7715000000000002e-05,-17.788950528,21.02110535936
1.7716e-05,-17.788950528,21.02110535936
1.7717e-05,-17.788950528,21.02110535936
1.7718000000000002e-05,-17.788950528,21.02110535936
1.7719e-05,-17.386940415999995,21.02110535936
1.772e-05,-17.386940415999995,21.02110535936
1.7721000000000002e-05,-17.386940415999995,21.02110535936
1.7722e-05,-17.386940415999995,21.02110535936
1.7723e-05,-17.386940415999995,21.02110535936
1.7724000000000002e-05,-17.386940415999995,21.02110535936
1.7725e-05,-17.386940415999995,21.02110535936
1.7726000000000003e-05,-17.386940415999995,21.02110535936
1.7727e-05,-17.386940415999995,21.02110535936
1.7728e-05,-17.386940415999995,21.02110535936
1.7729000000000003e-05,-17.386940415999995,21.02110535936
1.773e-05,-17.386940415999995,21.02110535936
1.7731e-05,-17.386940415999995,21.02110535936
1.7732000000000002e-05,-17.386940415999995,21.02110535936
1.7733e-05,-17.386940415999995,21.02110535936
1.7734e-05,-16.984930303999995,21.02110535936
1.7735000000000002e-05,-16.984930303999995,21.02110535936
1.7736e-05,-16.984930303999995,21.02110535936
1.7737e-05,-16.984930303999995,21.02110535936
1.7738000000000002e-05,-16.984930303999995,21.02110535936
1.7739e-05,-16.984930303999995,21.02110535936
1.774e-05,-16.582920191999996,21.02110535936
1.7741000000000002e-05,-16.582920191999996,21.02110535936
1.7742e-05,-16.582920191999996,21.02110535936
1.7743000000000003e-05,-16.582920191999996,21.02110535936
1.7744e-05,-16.984930303999995,21.02110535936
1.7745e-05,-16.582920191999996,21.02110535936
1.7746000000000003e-05,-16.582920191999996,21.02110535936
1.7747e-05,-16.582920191999996,21.02110535936
1.7748e-05,-16.582920191999996,21.02110535936
1.7749000000000002e-05,-16.582920191999996,21.02110535936
1.775e-05,-16.180910079999997,21.02110535936
1.7751e-05,-16.180910079999997,21.02110535936
1.7752000000000002e-05,-16.180910079999997,21.02110535936
1.7753e-05,-16.180910079999997,21.02110535936
1.7754e-05,-16.180910079999997,21.02110535936
1.7755000000000002e-05,-16.180910079999997,21.02110535936
1.7756e-05,-16.180910079999997,21.02110535936
1.7757e-05,-16.180910079999997,21.02110535936
1.7758000000000002e-05,-16.180910079999997,21.02110535936
1.7759e-05,-15.778899967999998,21.02110535936
1.7760000000000003e-05,-15.778899967999998,21.02110535936
1.7761e-05,-15.778899967999998,21.02110535936
1.7762e-05,-15.778899967999998,21.02110535936
1.7763000000000003e-05,-15.778899967999998,21.02110535936
1.7764e-05,-15.376889855999998,21.02110535936
1.7765e-05,-15.376889855999998,21.02110535936
1.7766000000000002e-05,-15.376889855999998,21.02110535936
1.7767e-05,-15.376889855999998,21.02110535936
1.7768e-05,-15.376889855999998,21.02110535936
1.7769000000000002e-05,-15.376889855999998,21.02110535936
1.777e-05,-15.376889855999998,21.02110535936
1.7771e-05,-15.376889855999998,21.02110535936
1.7772000000000002e-05,-15.376889855999998,21.02110535936
1.7773e-05,-15.376889855999998,21.02110535936
1.7774e-05,-15.376889855999998,21.02110535936
1.7775000000000002e-05,-15.376889855999998,21.02110535936
1.7776e-05,-15.376889855999998,21.02110535936
1.7777000000000003e-05,-15.376889855999998,21.02110535936
1.7778e-05,-15.376889855999998,21.02110535936
1.7779e-05,-15.376889855999998,21.02110535936
1.7780000000000003e-05,-15.376889855999998,21.02110535936
1.7781e-05,-15.376889855999998,21.02110535936
1.7782e-05,-15.376889855999998,21.02110535936
1.7783000000000002e-05,-15.376889855999998,21.02110535936
1.7784e-05,-15.376889855999998,21.02110535936
1.7785e-05,-14.974879743999999,21.02110535936
1.7786000000000002e-05,-14.974879743999999,21.02110535936
1.7787e-05,-14.974879743999999,21.02110535936
1.7788e-05,-14.974879743999999,21.02110535936
1.7789000000000002e-05,-14.572869632,21.02110535936
1.779e-05,-14.572869632,21.02110535936
1.7791e-05,-14.572869632,21.02110535936
1.7792000000000002e-05,-14.17085952,21.02110535936
1.7793e-05,-14.17085952,21.02110535936
1.7794000000000003e-05,-14.17085952,21.02110535936
1.7795e-05,-14.572869632,21.02110535936
1.7796e-05,-14.572869632,21.02110535936
1.7797000000000003e-05,-14.572869632,21.02110535936
1.7798e-05,-14.572869632,21.02110535936
1.7799e-05,-14.17085952,21.02110535936
1.7800000000000002e-05,-14.17085952,21.02110535936
1.7801e-05,-14.17085952,21.02110535936
1.7802e-05,-14.17085952,21.02110535936
1.7803000000000002e-05,-14.17085952,21.02110535936
1.7804e-05,-14.17085952,21.02110535936
1.7805e-05,-14.17085952,21.02110535936
1.7806000000000002e-05,-14.17085952,21.02110535936
1.7807e-05,-14.17085952,21.02110535936
1.7808e-05,-14.17085952,21.02110535936
1.7809000000000002e-05,-14.17085952,21.02110535936
1.781e-05,-13.768849408000001,21.02110535936
1.7811000000000003e-05,-13.768849408000001,21.02110535936
1.7812e-05,-13.768849408000001,21.02110535936
1.7813e-05,-13.768849408000001,21.02110535936
1.7814000000000003e-05,-13.768849408000001,21.02110535936
1.7815e-05,-13.768849408000001,21.02110535936
1.7816e-05,-13.768849408000001,21.02110535936
1.7817000000000002e-05,-13.768849408000001,21.02110535936
1.7818e-05,-13.768849408000001,21.02110535936
1.7819e-05,-13.768849408000001,21.02110535936
1.7820000000000002e-05,-13.768849408000001,21.02110535936
1.7821e-05,-13.768849408000001,21.02110535936
1.7822e-05,-13.768849408000001,21.02110535936
1.7823000000000002e-05,-13.768849408000001,21.02110535936
1.7824e-05,-13.768849408000001,21.02110535936
1.7825e-05,-13.768849408000001,21.02110535936
1.7826000000000002e-05,-13.768849408000001,21.02110535936
1.7827e-05,-13.366839295999995,21.02110535936
1.7828000000000003e-05,-13.366839295999995,21.02110535936
1.7829e-05,-13.768849408000001,21.02110535936
1.783e-05,-13.768849408000001,21.02110535936
1.7831000000000003e-05,-13.768849408000001,21.02110535936
1.7832e-05,-13.768849408000001,21.02110535936
1.7833e-05,-13.768849408000001,21.02110535936
1.7834000000000002e-05,-13.768849408000001,21.02110535936
1.7835e-05,-13.768849408000001,21.02110535936
1.7836e-05,-14.17085952,21.02110535936
1.7837000000000002e-05,-13.768849408000001,21.02110535936
1.7838e-05,-13.768849408000001,21.02110535936
1.7839e-05,-13.768849408000001,21.02110535936
1.7840000000000002e-05,-13.768849408000001,21.02110535936
1.7841e-05,-13.366839295999995,21.02110535936
1.7842e-05,-13.366839295999995,21.02110535936
1.7843000000000002e-05,-13.366839295999995,21.02110535936
1.7844e-05,-13.366839295999995,21.02110535936
1.7845000000000003e-05,-13.366839295999995,21.02110535936
1.7846e-05,-13.366839295999995,21.02110535936
1.7847e-05,-13.366839295999995,21.02110535936
1.7848000000000003e-05,-13.366839295999995,21.02110535936
1.7849e-05,-13.366839295999995,21.02110535936
1.785e-05,-13.366839295999995,21.02110535936
1.7851000000000002e-05,-13.768849408000001,21.02110535936
1.7852e-05,-13.768849408000001,21.02110535936
1.7853e-05,-13.768849408000001,21.02110535936
1.7854000000000002e-05,-13.768849408000001,21.02110535936
1.7855e-05,-13.768849408000001,21.02110535936
1.7856e-05,-13.768849408000001,21.02110535936
1.7857000000000002e-05,-13.768849408000001,21.02110535936
1.7858e-05,-13.366839295999995,21.02110535936
1.7859e-05,-13.366839295999995,21.02110535936
1.7860000000000002e-05,-13.366839295999995,21.02110535936
1.7861e-05,-13.366839295999995,21.02110535936
1.7862000000000003e-05,-13.366839295999995,21.02110535936
1.7863e-05,-13.366839295999995,21.02110535936
1.7864e-05,-13.366839295999995,21.02110535936
1.7865000000000003e-05,-13.768849408000001,21.02110535936
1.7866e-05,-13.768849408000001,21.02110535936
1.7867e-05,-13.768849408000001,21.02110535936
1.7868000000000002e-05,-13.768849408000001,21.02110535936
1.7869e-05,-13.768849408000001,21.02110535936
1.787e-05,-13.768849408000001,21.02110535936
1.7871000000000002e-05,-13.768849408000001,21.02110535936
1.7872e-05,-13.768849408000001,21.02110535936
1.7873e-05,-13.768849408000001,21.02110535936
1.7874000000000002e-05,-13.768849408000001,21.02110535936
1.7875e-05,-13.768849408000001,21.02110535936
1.7876e-05,-13.768849408000001,21.02110535936
1.7877000000000002e-05,-14.17085952,21.02110535936
1.7878e-05,-14.17085952,21.02110535936
1.7879000000000003e-05,-14.17085952,21.02110535936
1.788e-05,-14.17085952,21.02110535936
1.7881e-05,-14.17085952,21.02110535936
1.7882000000000003e-05,-14.17085952,21.02110535936
1.7883e-05,-14.17085952,21.02110535936
1.7884e-05,-14.17085952,21.02110535936
1.7885000000000002e-05,-14.17085952,21.02110535936
1.7886e-05,-14.17085952,21.02110535936
1.7887e-05,-14.17085952,21.02110535936
1.7888000000000002e-05,-14.17085952,21.02110535936
1.7889e-05,-14.17085952,21.02110535936
1.789e-05,-13.768849408000001,21.02110535936
1.7891000000000002e-05,-14.17085952,21.02110535936
1.7892e-05,-14.17085952,21.02110535936
1.7893e-05,-14.17085952,21.02110535936
1.7894000000000002e-05,-14.17085952,21.02110535936
1.7895e-05,-14.17085952,21.02110535936
1.7896000000000003e-05,-14.17085952,21.02110535936
1.7897e-05,-14.17085952,21.02110535936
1.7898e-05,-14.17085952,21.02110535936
1.7899000000000003e-05,-14.17085952,21.02110535936
1.79e-05,-14.17085952,21.02110535936
1.7901e-05,-14.17085952,21.02110535936
1.7902000000000002e-05,-14.17085952,21.02110535936
1.7903e-05,-14.17085952,21.02110535936
1.7904e-05,-14.17085952,21.02110535936
1.7905000000000002e-05,-14.17085952,21.02110535936
1.7906e-05,-14.17085952,21.02110535936
1.7907e-05,-14.17085952,21.02110535936
1.7908000000000002e-05,-14.17085952,21.02110535936
1.7909e-05,-14.17085952,21.02110535936
1.791e-05,-14.572869632,21.02110535936
1.7911000000000002e-05,-14.572869632,21.02110535936
1.7912e-05,-14.572869632,21.02110535936
1.7913e-05,-14.572869632,21.02110535936
1.7914e-05,-14.572869632,21.02110535936
1.7915e-05,-14.572869632,21.02110535936
1.7916000000000003e-05,-14.572869632,21.02110535936
1.7917e-05,-14.572869632,21.02110535936
1.7918e-05,-14.572869632,21.02110535936
1.7919000000000002e-05,-14.572869632,21.02110535936
1.792e-05,-14.974879743999999,21.02110535936
1.7921e-05,-14.974879743999999,21.02110535936
1.7922000000000002e-05,-14.974879743999999,21.02110535936
1.7923e-05,-14.974879743999999,21.02110535936
1.7924e-05,-14.974879743999999,21.02110535936
1.7925000000000002e-05,-14.974879743999999,21.02110535936
1.7926e-05,-14.974879743999999,21.02110535936
1.7927e-05,-14.974879743999999,21.02110535936
1.7928000000000002e-05,-15.376889855999998,21.02110535936
1.7929e-05,-15.376889855999998,21.02110535936
1.793e-05,-15.376889855999998,21.02110535936
1.7931e-05,-15.376889855999998,21.02110535936
1.7932e-05,-15.376889855999998,21.02110535936
1.7933000000000003e-05,-15.376889855999998,21.02110535936
1.7934e-05,-15.376889855999998,21.02110535936
1.7935e-05,-15.376889855999998,21.02110535936
1.7936000000000002e-05,-15.376889855999998,21.02110535936
1.7937e-05,-15.376889855999998,21.02110535936
1.7938e-05,-15.376889855999998,21.02110535936
1.7939000000000002e-05,-15.376889855999998,21.02110535936
1.794e-05,-15.376889855999998,21.02110535936
1.7941e-05,-15.376889855999998,21.02110535936
1.7942000000000002e-05,-15.376889855999998,21.02110535936
1.7943e-05,-15.376889855999998,21.02110535936
1.7944e-05,-15.376889855999998,21.02110535936
1.7945000000000002e-05,-15.376889855999998,21.02110535936
1.7946e-05,-15.376889855999998,21.02110535936
1.7947e-05,-15.376889855999998,21.02110535936
1.7948e-05,-15.376889855999998,21.02110535936
1.7949e-05,-15.376889855999998,21.02110535936
1.7950000000000003e-05,-15.376889855999998,21.02110535936
1.7951e-05,-15.778899967999998,21.02110535936
1.7952e-05,-15.778899967999998,21.02110535936
1.7953000000000002e-05,-15.778899967999998,21.02110535936
1.7954e-05,-15.778899967999998,21.02110535936
1.7955e-05,-15.778899967999998,21.02110535936
1.7956000000000002e-05,-15.376889855999998,21.02110535936
1.7957e-05,-15.376889855999998,21.02110535936
1.7958e-05,-15.376889855999998,21.02110535936
1.7959000000000002e-05,-15.376889855999998,21.02110535936
1.796e-05,-15.376889855999998,21.02110535936
1.7961e-05,-15.376889855999998,21.02110535936
1.7962000000000002e-05,-15.376889855999998,21.02110535936
1.7963e-05,-15.778899967999998,21.02110535936
1.7964e-05,-15.778899967999998,21.02110535936
1.7965e-05,-15.376889855999998,21.02110535936
1.7966e-05,-15.376889855999998,21.02110535936
1.7967000000000003e-05,-15.376889855999998,21.02110535936
1.7968e-05,-15.778899967999998,21.02110535936
1.7969e-05,-15.376889855999998,21.02110535936
1.7970000000000002e-05,-15.376889855999998,21.02110535936
1.7971e-05,-15.778899967999998,21.02110535936
1.7972e-05,-15.376889855999998,21.02110535936
1.7973000000000002e-05,-15.376889855999998,21.02110535936
1.7974e-05,-15.376889855999998,21.02110535936
1.7975e-05,-15.376889855999998,21.02110535936
1.7976000000000002e-05,-15.778899967999998,21.02110535936
1.7977e-05,-15.778899967999998,21.02110535936
1.7978e-05,-15.778899967999998,21.02110535936
1.7979000000000002e-05,-15.778899967999998,21.02110535936
1.798e-05,-15.778899967999998,21.02110535936
1.7981e-05,-15.778899967999998,21.02110535936
1.7982e-05,-15.778899967999998,21.02110535936
1.7983e-05,-15.778899967999998,21.02110535936
1.7984000000000003e-05,-15.778899967999998,21.02110535936
1.7985e-05,-15.778899967999998,21.02110535936
1.7986e-05,-15.376889855999998,21.02110535936
1.7987000000000002e-05,-15.376889855999998,21.02110535936
1.7988e-05,-15.376889855999998,21.02110535936
1.7989e-05,-15.376889855999998,21.02110535936
1.7990000000000002e-05,-15.376889855999998,21.02110535936
1.7991e-05,-15.376889855999998,21.02110535936
1.7992e-05,-15.376889855999998,21.02110535936
1.7993000000000002e-05,-15.376889855999998,21.02110535936
1.7994e-05,-15.376889855999998,21.02110535936
1.7995e-05,-15.376889855999998,21.02110535936
1.7996000000000002e-05,-15.376889855999998,21.02110535936
1.7997e-05,-15.376889855999998,21.02110535936
1.7998e-05,-15.376889855999998,21.02110535936
1.7999e-05,-15.376889855999998,21.02110535936
1.8e-05,-15.376889855999998,21.02110535936
1.8001000000000003e-05,-15.376889855999998,21.02110535936
1.8002e-05,-15.778899967999998,21.02110535936
1.8003e-05,-15.778899967999998,21.02110535936
1.8004000000000002e-05,-15.778899967999998,21.02110535936
1.8005e-05,-15.778899967999998,21.02110535936
1.8006e-05,-15.778899967999998,21.02110535936
1.8007000000000002e-05,-15.778899967999998,21.02110535936
1.8008e-05,-15.376889855999998,21.02110535936
1.8009e-05,-15.376889855999998,21.02110535936
1.8010000000000002e-05,-15.376889855999998,21.02110535936
1.8011e-05,-15.376889855999998,21.02110535936
1.8012e-05,-15.376889855999998,21.02110535936
1.8013000000000002e-05,-15.376889855999998,21.02110535936
1.8014e-05,-15.376889855999998,21.02110535936
1.8015e-05,-15.376889855999998,21.02110535936
1.8016e-05,-15.376889855999998,21.02110535936
1.8017e-05,-15.376889855999998,21.02110535936
1.8018000000000003e-05,-14.974879743999999,21.02110535936
1.8019e-05,-14.974879743999999,21.02110535936
1.802e-05,-14.974879743999999,21.02110535936
1.8021000000000002e-05,-14.974879743999999,21.02110535936
1.8022e-05,-14.974879743999999,21.02110535936
1.8023e-05,-14.974879743999999,21.02110535936
1.8024000000000002e-05,-14.974879743999999,21.02110535936
1.8025e-05,-14.974879743999999,21.02110535936
1.8026e-05,-14.974879743999999,21.02110535936
1.8027000000000002e-05,-14.974879743999999,21.02110535936
1.8028e-05,-14.974879743999999,21.02110535936
1.8029e-05,-14.974879743999999,21.02110535936
1.8030000000000002e-05,-14.974879743999999,21.02110535936
1.8031e-05,-14.974879743999999,21.02110535936
1.8032e-05,-14.572869632,21.02110535936
1.8033e-05,-14.572869632,21.02110535936
1.8034e-05,-14.572869632,21.02110535936
1.8035000000000003e-05,-14.572869632,21.02110535936
1.8036e-05,-14.17085952,21.02110535936
1.8037e-05,-14.17085952,21.02110535936
1.8038000000000002e-05,-14.17085952,21.02110535936
1.8039e-05,-14.17085952,21.02110535936
1.804e-05,-14.17085952,21.02110535936
1.8041000000000002e-05,-14.17085952,21.02110535936
1.8042e-05,-14.17085952,21.02110535936
1.8043e-05,-14.17085952,21.02110535936
1.8044000000000002e-05,-14.17085952,21.02110535936
1.8045e-05,-14.17085952,21.02110535936
1.8046e-05,-14.17085952,21.02110535936
1.8047000000000002e-05,-14.17085952,21.02110535936
1.8048e-05,-14.17085952,21.02110535936
1.8049e-05,-13.768849408000001,21.02110535936
1.805e-05,-13.768849408000001,21.02110535936
1.8051e-05,-13.768849408000001,21.02110535936
1.8052000000000003e-05,-13.768849408000001,21.02110535936
1.8053e-05,-13.768849408000001,21.02110535936
1.8054e-05,-13.768849408000001,21.02110535936
1.8055000000000002e-05,-13.768849408000001,21.02110535936
1.8056e-05,-13.768849408000001,21.02110535936
1.8057e-05,-13.768849408000001,21.02110535936
1.8058000000000002e-05,-13.768849408000001,21.02110535936
1.8059e-05,-13.768849408000001,21.02110535936
1.806e-05,-13.768849408000001,21.02110535936
1.8061000000000002e-05,-13.768849408000001,21.02110535936
1.8062e-05,-13.768849408000001,21.02110535936
1.8063e-05,-13.366839295999995,21.02110535936
1.8064000000000002e-05,-13.366839295999995,21.02110535936
1.8065e-05,-13.366839295999995,21.02110535936
1.8066e-05,-13.366839295999995,21.02110535936
1.8067e-05,-13.366839295999995,21.02110535936
1.8068e-05,-13.366839295999995,21.02110535936
1.8069000000000003e-05,-13.366839295999995,21.02110535936
1.807e-05,-13.366839295999995,21.02110535936
1.8071e-05,-13.366839295999995,21.02110535936
1.8072000000000002e-05,-12.964829183999996,21.02110535936
1.8073e-05,-12.964829183999996,21.02110535936
1.8074e-05,-12.964829183999996,21.02110535936
1.8075000000000002e-05,-13.366839295999995,21.02110535936
1.8076e-05,-13.366839295999995,21.02110535936
1.8077e-05,-13.366839295999995,21.02110535936
1.8078000000000002e-05,-12.964829183999996,21.02110535936
1.8079e-05,-12.964829183999996,21.02110535936
1.808e-05,-12.964829183999996,21.02110535936
1.8081000000000002e-05,-12.562819071999996,21.02110535936
1.8082e-05,-12.562819071999996,21.02110535936
1.8083e-05,-12.562819071999996,21.02110535936
1.8084e-05,-12.562819071999996,21.02110535936
1.8085e-05,-12.160808959999997,21.02110535936
1.8086000000000003e-05,-12.160808959999997,21.02110535936
1.8087e-05,-12.160808959999997,21.02110535936
1.8088e-05,-12.160808959999997,21.02110535936
1.8089000000000002e-05,-12.160808959999997,21.02110535936
1.809e-05,-12.160808959999997,21.02110535936
1.8091e-05,-12.160808959999997,21.02110535936
1.8092000000000002e-05,-12.160808959999997,21.02110535936
1.8093e-05,-12.160808959999997,21.02110535936
1.8094e-05,-12.160808959999997,21.02110535936
1.8095000000000002e-05,-12.160808959999997,21.02110535936
1.8096e-05,-12.160808959999997,21.02110535936
1.8097e-05,-11.758798847999998,21.02110535936
1.8098000000000002e-05,-11.758798847999998,21.02110535936
1.8099e-05,-11.758798847999998,21.02110535936
1.81e-05,-11.758798847999998,21.02110535936
1.8101e-05,-11.758798847999998,21.02110535936
1.8102e-05,-11.758798847999998,21.02110535936
1.8103000000000003e-05,-11.758798847999998,21.02110535936
1.8104e-05,-11.758798847999998,21.02110535936
1.8105e-05,-11.758798847999998,21.02110535936
1.8106000000000002e-05,-11.758798847999998,21.02110535936
1.8107e-05,-11.758798847999998,21.02110535936
1.8108e-05,-11.758798847999998,21.02110535936
1.8109000000000002e-05,-11.758798847999998,21.02110535936
1.811e-05,-11.758798847999998,21.02110535936
1.8111e-05,-11.758798847999998,21.02110535936
1.8112000000000002e-05,-11.758798847999998,21.02110535936
1.8113e-05,-11.758798847999998,21.02110535936
1.8114e-05,-11.758798847999998,21.02110535936
1.8115000000000002e-05,-11.758798847999998,21.02110535936
1.8116e-05,-11.758798847999998,21.02110535936
1.8117e-05,-11.758798847999998,21.02110535936
1.8118000000000002e-05,-11.758798847999998,21.02110535936
1.8119e-05,-11.758798847999998,21.02110535936
1.8120000000000003e-05,-11.758798847999998,21.02110535936
1.8121e-05,-11.758798847999998,21.02110535936
1.8122e-05,-11.758798847999998,21.02110535936
1.8123000000000002e-05,-11.356788735999999,21.02110535936
1.8124e-05,-11.356788735999999,21.02110535936
1.8125e-05,-11.356788735999999,21.02110535936
1.8126000000000002e-05,-11.356788735999999,21.02110535936
1.8127e-05,-11.356788735999999,21.02110535936
1.8128e-05,-11.356788735999999,21.02110535936
1.8129000000000002e-05,-11.356788735999999,21.02110535936
1.813e-05,-11.356788735999999,21.02110535936
1.8131e-05,-11.356788735999999,21.02110535936
1.8132000000000002e-05,-11.356788735999999,21.02110535936
1.8133e-05,-11.356788735999999,21.02110535936
1.8134e-05,-11.356788735999999,21.02110535936
1.8135000000000002e-05,-11.356788735999999,21.02110535936
1.8136e-05,-11.356788735999999,21.02110535936
1.8137000000000003e-05,-11.356788735999999,21.02110535936
1.8138e-05,-11.356788735999999,21.02110535936
1.8139e-05,-11.356788735999999,21.02110535936
1.8140000000000003e-05,-11.356788735999999,21.02110535936
1.8141e-05,-11.356788735999999,21.02110535936
1.8142e-05,-11.356788735999999,21.02110535936
1.8143000000000002e-05,-11.356788735999999,21.02110535936
1.8144e-05,-11.356788735999999,21.02110535936
1.8145e-05,-11.356788735999999,21.02110535936
1.8146000000000002e-05,-11.356788735999999,21.02110535936
1.8147e-05,-11.356788735999999,21.02110535936
1.8148e-05,-11.356788735999999,21.02110535936
1.8149000000000002e-05,-11.356788735999999,21.02110535936
1.815e-05,-11.356788735999999,21.02110535936
1.8151e-05,-11.356788735999999,21.02110535936
1.8152000000000002e-05,-11.356788735999999,21.02110535936
1.8153e-05,-11.356788735999999,21.02110535936
1.8154000000000003e-05,-10.954778624,21.02110535936
1.8155e-05,-10.954778624,21.02110535936
1.8156e-05,-10.954778624,21.02110535936
1.8157000000000003e-05,-10.954778624,21.02110535936
1.8158e-05,-10.954778624,21.02110535936
1.8159e-05,-11.356788735999999,21.02110535936
1.8160000000000002e-05,-11.356788735999999,21.02110535936
1.8161e-05,-11.356788735999999,21.02110535936
1.8162e-05,-11.356788735999999,21.02110535936
1.8163000000000002e-05,-11.356788735999999,21.02110535936
1.8164e-05,-11.356788735999999,21.02110535936
1.8165e-05,-11.356788735999999,21.02110535936
1.8166000000000002e-05,-11.356788735999999,21.02110535936
1.8167e-05,-11.356788735999999,21.02110535936
1.8168e-05,-11.356788735999999,21.02110535936
1.8169000000000002e-05,-11.356788735999999,21.02110535936
1.817e-05,-11.356788735999999,21.02110535936
1.8171000000000003e-05,-11.356788735999999,21.02110535936
1.8172e-05,-11.356788735999999,21.02110535936
1.8173e-05,-11.356788735999999,21.02110535936
1.8174000000000003e-05,-11.356788735999999,21.02110535936
1.8175e-05,-11.356788735999999,21.02110535936
1.8176e-05,-11.758798847999998,21.02110535936
1.8177000000000002e-05,-11.758798847999998,21.02110535936
1.8178e-05,-11.758798847999998,21.02110535936
1.8179e-05,-11.758798847999998,21.02110535936
1.8180000000000002e-05,-12.160808959999997,21.02110535936
1.8181e-05,-11.758798847999998,21.02110535936
1.8182e-05,-11.758798847999998,21.02110535936
1.8183000000000002e-05,-11.758798847999998,21.02110535936
1.8184e-05,-11.758798847999998,21.02110535936
1.8185e-05,-11.758798847999998,21.02110535936
1.8186000000000002e-05,-11.758798847999998,21.02110535936
1.8187e-05,-11.758798847999998,21.02110535936
1.8188000000000003e-05,-12.160808959999997,21.02110535936
1.8189e-05,-12.160808959999997,21.02110535936
1.819e-05,-12.160808959999997,21.02110535936
1.8191000000000003e-05,-12.160808959999997,21.02110535936
1.8192e-05,-12.160808959999997,21.02110535936
1.8193e-05,-12.160808959999997,21.02110535936
1.8194000000000002e-05,-12.160808959999997,21.02110535936
1.8195e-05,-12.160808959999997,21.02110535936
1.8196e-05,-12.160808959999997,21.02110535936
1.8197000000000002e-05,-12.160808959999997,21.02110535936
1.8198e-05,-12.160808959999997,21.02110535936
1.8199e-05,-11.758798847999998,21.02110535936
1.8200000000000002e-05,-11.758798847999998,21.02110535936
1.8201e-05,-11.758798847999998,21.02110535936
1.8202e-05,-11.758798847999998,21.02110535936
1.8203000000000002e-05,-12.160808959999997,21.02110535936
1.8204e-05,-12.160808959999997,21.02110535936
1.8205000000000003e-05,-12.160808959999997,21.02110535936
1.8206e-05,-12.160808959999997,21.02110535936
1.8207e-05,-12.160808959999997,21.02110535936
1.8208000000000003e-05,-12.160808959999997,21.02110535936
1.8209e-05,-12.160808959999997,21.02110535936
1.821e-05,-12.160808959999997,21.02110535936
1.8211000000000002e-05,-12.160808959999997,21.02110535936
1.8212e-05,-12.160808959999997,21.02110535936
1.8213e-05,-12.160808959999997,21.02110535936
1.8214000000000002e-05,-12.160808959999997,21.02110535936
1.8215e-05,-12.160808959999997,21.02110535936
1.8216e-05,-12.160808959999997,21.02110535936
1.8217000000000002e-05,-12.160808959999997,21.02110535936
1.8218e-05,-12.160808959999997,21.02110535936
1.8219e-05,-12.160808959999997,21.02110535936
1.8220000000000002e-05,-12.562819071999996,21.02110535936
1.8221e-05,-12.562819071999996,21.02110535936
1.8222000000000003e-05,-12.562819071999996,21.02110535936
1.8223e-05,-12.562819071999996,21.02110535936
1.8224e-05,-12.964829183999996,21.02110535936
1.8225000000000003e-05,-12.964829183999996,21.02110535936
1.8226e-05,-12.964829183999996,21.02110535936
1.8227e-05,-12.964829183999996,21.02110535936
1.8228000000000002e-05,-12.964829183999996,21.02110535936
1.8229e-05,-12.964829183999996,21.02110535936
1.823e-05,-12.964829183999996,21.02110535936
1.8231000000000002e-05,-12.964829183999996,21.02110535936
1.8232e-05,-12.964829183999996,21.02110535936
1.8233e-05,-12.964829183999996,21.02110535936
1.8234000000000002e-05,-12.964829183999996,21.02110535936
1.8235e-05,-12.964829183999996,21.02110535936
1.8236e-05,-12.964829183999996,21.02110535936
1.8237000000000002e-05,-12.964829183999996,21.02110535936
1.8238e-05,-12.964829183999996,21.02110535936
1.8239000000000003e-05,-12.964829183999996,21.02110535936
1.824e-05,-12.964829183999996,21.02110535936
1.8241e-05,-12.964829183999996,21.02110535936
1.8242000000000003e-05,-12.964829183999996,21.02110535936
1.8243e-05,-12.964829183999996,21.02110535936
1.8244e-05,-12.964829183999996,21.02110535936
1.8245000000000002e-05,-12.964829183999996,21.02110535936
1.8246e-05,-12.964829183999996,21.02110535936
1.8247e-05,-12.964829183999996,21.02110535936
1.8248000000000002e-05,-12.964829183999996,21.02110535936
1.8249e-05,-12.964829183999996,21.02110535936
1.825e-05,-12.964829183999996,21.02110535936
1.8251000000000002e-05,-12.964829183999996,21.02110535936
1.8252e-05,-12.964829183999996,21.02110535936
1.8253e-05,-12.964829183999996,21.02110535936
1.8254000000000002e-05,-12.964829183999996,21.02110535936
1.8255e-05,-12.964829183999996,21.02110535936
1.8256000000000003e-05,-13.366839295999995,21.02110535936
1.8257e-05,-13.366839295999995,21.02110535936
1.8258e-05,-13.366839295999995,21.02110535936
1.8259000000000003e-05,-13.366839295999995,21.02110535936
1.826e-05,-13.366839295999995,21.02110535936
1.8261e-05,-13.366839295999995,21.02110535936
1.8262000000000002e-05,-13.366839295999995,21.02110535936
1.8263e-05,-13.366839295999995,21.02110535936
1.8264e-05,-13.366839295999995,21.02110535936
1.8265000000000002e-05,-13.366839295999995,21.02110535936
1.8266e-05,-13.366839295999995,21.02110535936
1.8267e-05,-13.366839295999995,21.02110535936
1.8268000000000002e-05,-13.366839295999995,21.02110535936
1.8269e-05,-13.366839295999995,21.02110535936
1.827e-05,-13.366839295999995,21.02110535936
1.8271000000000002e-05,-13.366839295999995,21.02110535936
1.8272e-05,-13.366839295999995,21.02110535936
1.8273000000000003e-05,-13.366839295999995,21.02110535936
1.8274e-05,-13.366839295999995,21.02110535936
1.8275e-05,-12.964829183999996,21.02110535936
1.8276000000000003e-05,-12.964829183999996,21.02110535936
1.8277e-05,-12.964829183999996,21.02110535936
1.8278e-05,-12.964829183999996,21.02110535936
1.8279000000000002e-05,-12.964829183999996,21.02110535936
1.828e-05,-12.964829183999996,21.02110535936
1.8281e-05,-12.964829183999996,21.02110535936
1.8282000000000002e-05,-12.964829183999996,21.02110535936
1.8283e-05,-12.964829183999996,21.02110535936
1.8284e-05,-12.964829183999996,21.02110535936
1.8285000000000002e-05,-12.964829183999996,21.02110535936
1.8286e-05,-12.964829183999996,21.02110535936
1.8287e-05,-12.562819071999996,21.02110535936
1.8288000000000002e-05,-12.562819071999996,21.02110535936
1.8289e-05,-12.562819071999996,21.02110535936
1.8290000000000003e-05,-12.562819071999996,21.02110535936
1.8291e-05,-12.562819071999996,21.02110535936
1.8292e-05,-12.562819071999996,21.02110535936
1.8293000000000003e-05,-12.562819071999996,21.02110535936
1.8294e-05,-12.562819071999996,21.02110535936
1.8295e-05,-12.562819071999996,21.02110535936
1.8296000000000002e-05,-12.562819071999996,21.02110535936
1.8297e-05,-12.562819071999996,21.02110535936
1.8298e-05,-12.562819071999996,21.02110535936
1.8299000000000002e-05,-12.964829183999996,21.02110535936
1.83e-05,-12.964829183999996,21.02110535936
1.8301e-05,-12.964829183999996,21.02110535936
1.8302000000000002e-05,-12.964829183999996,21.02110535936
1.8303e-05,-12.964829183999996,21.02110535936
1.8304e-05,-12.562819071999996,21.02110535936
1.8305000000000002e-05,-12.562819071999996,21.02110535936
1.8306e-05,-12.562819071999996,21.02110535936
1.8307000000000003e-05,-12.562819071999996,21.02110535936
1.8308e-05,-12.160808959999997,21.02110535936
1.8309e-05,-12.160808959999997,21.02110535936
1.8310000000000003e-05,-12.160808959999997,21.02110535936
1.8311e-05,-12.562819071999996,21.02110535936
1.8312e-05,-12.562819071999996,21.02110535936
1.8313000000000002e-05,-12.562819071999996,21.02110535936
1.8314e-05,-12.160808959999997,21.02110535936
1.8315e-05,-12.160808959999997,21.02110535936
1.8316000000000002e-05,-12.160808959999997,21.02110535936
1.8317e-05,-12.160808959999997,21.02110535936
1.8318e-05,-12.160808959999997,21.02110535936
1.8319000000000002e-05,-12.160808959999997,21.02110535936
1.832e-05,-12.160808959999997,21.02110535936
1.8321e-05,-12.160808959999997,21.02110535936
1.8322000000000002e-05,-12.160808959999997,21.02110535936
1.8323e-05,-12.160808959999997,21.02110535936
1.8324000000000003e-05,-12.160808959999997,21.02110535936
1.8325e-05,-12.160808959999997,21.02110535936
1.8326e-05,-12.160808959999997,21.02110535936
1.8327000000000003e-05,-11.758798847999998,21.02110535936
1.8328e-05,-12.160808959999997,21.02110535936
1.8329e-05,-11.758798847999998,21.02110535936
1.8330000000000002e-05,-11.758798847999998,21.02110535936
1.8331e-05,-11.758798847999998,21.02110535936
1.8332e-05,-11.758798847999998,21.02110535936
1.8333000000000002e-05,-11.758798847999998,21.02110535936
1.8334e-05,-11.758798847999998,21.02110535936
1.8335e-05,-11.356788735999999,21.02110535936
1.8336000000000002e-05,-11.356788735999999,21.02110535936
1.8337e-05,-11.356788735999999,21.02110535936
1.8338e-05,-11.356788735999999,21.02110535936
1.8339000000000002e-05,-11.356788735999999,21.02110535936
1.834e-05,-11.356788735999999,21.02110535936
1.8341000000000003e-05,-11.356788735999999,21.02110535936
1.8342e-05,-11.356788735999999,21.02110535936
1.8343e-05,-11.356788735999999,21.02110535936
1.8344000000000003e-05,-11.356788735999999,21.02110535936
1.8345e-05,-11.356788735999999,21.02110535936
1.8346e-05,-11.356788735999999,21.02110535936
1.8347000000000002e-05,-11.356788735999999,21.02110535936
1.8348e-05,-11.356788735999999,21.02110535936
1.8349e-05,-11.356788735999999,21.02110535936
1.8350000000000002e-05,-10.954778624,21.02110535936
1.8351e-05,-10.954778624,21.02110535936
1.8352e-05,-10.954778624,21.02110535936
1.8353000000000002e-05,-10.954778624,21.02110535936
1.8354e-05,-10.954778624,21.02110535936
1.8355e-05,-10.954778624,21.02110535936
1.8356000000000002e-05,-10.954778624,21.02110535936
1.8357e-05,-10.954778624,21.02110535936
1.8358000000000003e-05,-10.954778624,21.02110535936
1.8359e-05,-10.954778624,21.02110535936
1.836e-05,-10.954778624,21.02110535936
1.8361000000000003e-05,-10.954778624,21.02110535936
1.8362e-05,-10.552768511999997,21.02110535936
1.8363e-05,-10.552768511999997,21.02110535936
1.8364000000000002e-05,-10.552768511999997,21.02110535936
1.8365e-05,-10.552768511999997,21.02110535936
1.8366e-05,-10.552768511999997,21.02110535936
1.8367000000000002e-05,-10.552768511999997,21.02110535936
1.8368e-05,-10.150758399999997,21.02110535936
1.8369e-05,-10.150758399999997,21.02110535936
1.8370000000000002e-05,-10.150758399999997,21.02110535936
1.8371e-05,-10.150758399999997,21.02110535936
1.8372e-05,-10.150758399999997,21.02110535936
1.8373000000000002e-05,-10.150758399999997,21.02110535936
1.8374e-05,-10.150758399999997,21.02110535936
1.8375000000000003e-05,-10.150758399999997,21.02110535936
1.8376e-05,-10.150758399999997,21.02110535936
1.8377e-05,-10.150758399999997,21.02110535936
1.8378000000000003e-05,-10.150758399999997,21.02110535936
1.8379e-05,-10.150758399999997,21.02110535936
1.838e-05,-10.150758399999997,21.02110535936
1.8381000000000002e-05,-10.150758399999997,21.02110535936
1.8382e-05,-10.552768511999997,21.02110535936
1.8383e-05,-10.552768511999997,21.02110535936
1.8384000000000002e-05,-10.150758399999997,21.02110535936
1.8385e-05,-10.150758399999997,21.02110535936
1.8386e-05,-10.150758399999997,21.02110535936
1.8387000000000002e-05,-10.150758399999997,21.02110535936
1.8388e-05,-9.748748287999998,21.02110535936
1.8389e-05,-9.748748287999998,21.02110535936
1.8390000000000002e-05,-9.748748287999998,21.02110535936
1.8391e-05,-9.748748287999998,21.02110535936
1.8392000000000003e-05,-9.748748287999998,21.02110535936
1.8393e-05,-9.748748287999998,21.02110535936
1.8394e-05,-9.748748287999998,21.02110535936
1.8395000000000003e-05,-9.748748287999998,21.02110535936
1.8396e-05,-9.748748287999998,21.02110535936
1.8397e-05,-9.748748287999998,21.02110535936
1.8398000000000002e-05,-9.748748287999998,21.02110535936
1.8399e-05,-9.748748287999998,21.02110535936
1.84e-05,-9.748748287999998,21.02110535936
1.8401000000000002e-05,-9.748748287999998,21.02110535936
1.8402e-05,-9.748748287999998,21.02110535936
1.8403e-05,-9.748748287999998,21.02110535936
1.8404000000000002e-05,-9.346738175999999,21.02110535936
1.8405e-05,-9.346738175999999,21.02110535936
1.8406e-05,-9.346738175999999,21.02110535936
1.8407000000000002e-05,-8.944728064,21.02110535936
1.8408e-05,-8.944728064,21.02110535936
1.8409000000000003e-05,-9.346738175999999,21.02110535936
1.841e-05,-9.346738175999999,21.02110535936
1.8411e-05,-9.346738175999999,21.02110535936
1.8412000000000003e-05,-9.346738175999999,21.02110535936
1.8413e-05,-9.346738175999999,21.02110535936
1.8414e-05,-9.346738175999999,21.02110535936
1.8415000000000002e-05,-9.346738175999999,21.02110535936
1.8416e-05,-9.346738175999999,21.02110535936
1.8417e-05,-8.944728064,21.02110535936
1.8418000000000002e-05,-9.346738175999999,21.02110535936
1.8419e-05,-9.346738175999999,21.02110535936
1.842e-05,-9.346738175999999,21.02110535936
1.8421000000000002e-05,-9.346738175999999,21.02110535936
1.8422e-05,-9.346738175999999,21.02110535936
1.8423e-05,-9.346738175999999,21.02110535936
1.8424000000000002e-05,-9.346738175999999,21.02110535936
1.8425e-05,-8.944728064,21.02110535936
1.8426000000000003e-05,-8.944728064,21.02110535936
1.8427e-05,-8.944728064,21.02110535936
1.8428e-05,-8.944728064,21.02110535936
1.8429000000000003e-05,-9.346738175999999,21.02110535936
1.843e-05,-8.944728064,21.02110535936
1.8431e-05,-8.944728064,21.02110535936
1.8432000000000002e-05,-8.944728064,21.02110535936
1.8433e-05,-8.944728064,21.02110535936
1.8434e-05,-8.944728064,21.02110535936
1.8435000000000002e-05,-8.944728064,21.02110535936
1.8436e-05,-8.944728064,21.02110535936
1.8437e-05,-8.944728064,21.02110535936
1.8438000000000002e-05,-8.944728064,21.02110535936
1.8439e-05,-8.944728064,21.02110535936
1.844e-05,-8.944728064,21.02110535936
1.8441000000000002e-05,-9.346738175999999,21.02110535936
1.8442e-05,-9.346738175999999,21.02110535936
1.8443000000000003e-05,-9.346738175999999,21.02110535936
1.8444e-05,-9.346738175999999,21.02110535936
1.8445e-05,-9.346738175999999,21.02110535936
1.8446000000000003e-05,-9.346738175999999,21.02110535936
1.8447e-05,-9.346738175999999,21.02110535936
1.8448e-05,-9.346738175999999,21.02110535936
1.8449000000000002e-05,-9.346738175999999,21.02110535936
1.845e-05,-9.346738175999999,21.02110535936
1.8451e-05,-9.346738175999999,21.02110535936
1.8452000000000002e-05,-9.346738175999999,21.02110535936
1.8453e-05,-9.346738175999999,21.02110535936
1.8454e-05,-9.346738175999999,21.02110535936
1.8455000000000002e-05,-9.346738175999999,21.02110535936
1.8456e-05,-9.346738175999999,21.02110535936
1.8457e-05,-9.346738175999999,21.02110535936
1.8458000000000002e-05,-9.346738175999999,21.02110535936
1.8459e-05,-8.944728064,21.02110535936
1.8460000000000003e-05,-8.944728064,21.02110535936
1.8461e-05,-8.944728064,21.02110535936
1.8462e-05,-8.944728064,21.02110535936
1.8463000000000003e-05,-9.346738175999999,21.02110535936
1.8464e-05,-9.346738175999999,21.02110535936
1.8465e-05,-9.346738175999999,21.02110535936
1.8466000000000002e-05,-9.346738175999999,21.02110535936
1.8467e-05,-9.346738175999999,21.02110535936
1.8468e-05,-9.346738175999999,21.02110535936
1.8469000000000002e-05,-9.346738175999999,21.02110535936
1.847e-05,-9.346738175999999,21.02110535936
1.8471e-05,-9.346738175999999,21.02110535936
1.8472000000000002e-05,-9.346738175999999,21.02110535936
1.8473e-05,-9.346738175999999,21.02110535936
1.8474e-05,-9.346738175999999,21.02110535936
1.8475000000000002e-05,-9.346738175999999,21.02110535936
1.8476e-05,-9.748748287999998,21.02110535936
1.8477000000000003e-05,-9.748748287999998,21.02110535936
1.8478e-05,-9.748748287999998,21.02110535936
1.8479e-05,-9.748748287999998,21.02110535936
1.8480000000000003e-05,-9.748748287999998,21.02110535936
1.8481e-05,-9.748748287999998,21.02110535936
1.8482e-05,-9.748748287999998,21.02110535936
1.8483000000000002e-05,-9.748748287999998,21.02110535936
1.8484e-05,-9.346738175999999,21.02110535936
1.8485e-05,-9.346738175999999,21.02110535936
1.8486000000000002e-05,-9.346738175999999,21.02110535936
1.8487e-05,-9.346738175999999,21.02110535936
1.8488e-05,-9.748748287999998,21.02110535936
1.8489000000000002e-05,-9.748748287999998,21.02110535936
1.849e-05,-10.150758399999997,21.02110535936
1.8491e-05,-10.150758399999997,21.02110535936
1.8492000000000002e-05,-10.150758399999997,21.02110535936
1.8493e-05,-10.150758399999997,21.02110535936
1.8494000000000003e-05,-10.150758399999997,21.02110535936
1.8495e-05,-10.150758399999997,21.02110535936
1.8496e-05,-10.150758399999997,21.02110535936
1.8497000000000003e-05,-9.748748287999998,21.02110535936
1.8498e-05,-9.748748287999998,21.02110535936
1.8499e-05,-9.748748287999998,21.02110535936
1.8500000000000002e-05,-9.748748287999998,21.02110535936
1.8501e-05,-9.748748287999998,21.02110535936
1.8502e-05,-9.748748287999998,21.02110535936
1.8503000000000002e-05,-9.748748287999998,21.02110535936
1.8504e-05,-9.748748287999998,21.02110535936
1.8505e-05,-9.748748287999998,21.02110535936
1.8506000000000002e-05,-9.748748287999998,21.02110535936
1.8507e-05,-9.748748287999998,21.02110535936
1.8508e-05,-9.748748287999998,21.02110535936
1.8509000000000002e-05,-9.748748287999998,21.02110535936
1.851e-05,-9.748748287999998,21.02110535936
1.8511e-05,-9.748748287999998,21.02110535936
1.8512e-05,-9.748748287999998,21.02110535936
1.8513e-05,-9.748748287999998,21.02110535936
1.8514000000000003e-05,-10.150758399999997,21.02110535936
1.8515e-05,-10.150758399999997,21.02110535936
1.8516e-05,-10.150758399999997,21.02110535936
1.8517000000000002e-05,-10.150758399999997,21.02110535936
1.8518e-05,-10.150758399999997,21.02110535936
1.8519e-05,-10.150758399999997,21.02110535936
1.8520000000000002e-05,-10.150758399999997,21.02110535936
1.8521e-05,-10.150758399999997,21.02110535936
1.8522e-05,-10.150758399999997,21.02110535936
1.8523000000000002e-05,-10.150758399999997,21.02110535936
1.8524e-05,-10.150758399999997,21.02110535936
1.8525e-05,-10.150758399999997,21.02110535936
1.8526000000000002e-05,-9.748748287999998,21.02110535936
1.8527e-05,-9.748748287999998,21.02110535936
1.8528e-05,-9.748748287999998,21.02110535936
1.8529e-05,-9.748748287999998,21.02110535936
1.853e-05,-9.748748287999998,21.02110535936
1.8531000000000003e-05,-9.748748287999998,21.02110535936
1.8532e-05,-9.748748287999998,21.02110535936
1.8533e-05,-10.150758399999997,21.02110535936
1.8534000000000002e-05,-10.150758399999997,21.02110535936
1.8535e-05,-10.150758399999997,21.02110535936
1.8536e-05,-10.150758399999997,21.02110535936
1.8537000000000002e-05,-10.150758399999997,21.02110535936
1.8538e-05,-10.150758399999997,21.02110535936
1.8539e-05,-10.150758399999997,21.02110535936
1.8540000000000002e-05,-10.150758399999997,21.02110535936
1.8541e-05,-10.150758399999997,21.02110535936
1.8542e-05,-10.552768511999997,21.02110535936
1.8543000000000002e-05,-10.552768511999997,21.02110535936
1.8544e-05,-10.552768511999997,21.02110535936
1.8545e-05,-10.552768511999997,21.02110535936
1.8546e-05,-10.552768511999997,21.02110535936
1.8547e-05,-10.552768511999997,21.02110535936
1.8548000000000003e-05,-10.552768511999997,21.02110535936
1.8549e-05,-10.150758399999997,21.02110535936
1.855e-05,-10.150758399999997,21.02110535936
1.8551000000000002e-05,-10.150758399999997,21.02110535936
1.8552e-05,-10.150758399999997,21.02110535936
1.8553e-05,-10.150758399999997,21.02110535936
1.8554000000000002e-05,-10.150758399999997,21.02110535936
1.8555e-05,-10.150758399999997,21.02110535936
1.8556e-05,-10.150758399999997,21.02110535936
1.8557000000000002e-05,-10.150758399999997,21.02110535936
1.8558e-05,-10.150758399999997,21.02110535936
1.8559e-05,-10.150758399999997,21.02110535936
1.8560000000000002e-05,-10.150758399999997,21.02110535936
1.8561e-05,-10.150758399999997,21.02110535936
1.8562e-05,-10.150758399999997,21.02110535936
1.8563e-05,-10.150758399999997,21.02110535936
1.8564e-05,-10.150758399999997,21.02110535936
1.8565000000000003e-05,-10.150758399999997,21.02110535936
1.8566e-05,-9.748748287999998,21.02110535936
1.8567e-05,-9.748748287999998,21.02110535936
1.8568000000000002e-05,-9.748748287999998,21.02110535936
1.8569e-05,-9.748748287999998,21.02110535936
1.857e-05,-9.748748287999998,21.02110535936
1.8571000000000002e-05,-9.748748287999998,21.02110535936
1.8572e-05,-9.748748287999998,21.02110535936
1.8573e-05,-9.748748287999998,21.02110535936
1.8574000000000002e-05,-9.748748287999998,21.02110535936
1.8575e-05,-9.748748287999998,21.02110535936
1.8576e-05,-9.748748287999998,21.02110535936
1.8577000000000002e-05,-9.748748287999998,21.02110535936
1.8578e-05,-9.748748287999998,21.02110535936
1.8579e-05,-9.748748287999998,21.02110535936
1.858e-05,-9.748748287999998,21.02110535936
1.8581e-05,-10.150758399999997,21.02110535936
1.8582000000000003e-05,-10.150758399999997,21.02110535936
1.8583e-05,-9.748748287999998,21.02110535936
1.8584e-05,-9.748748287999998,21.02110535936
1.8585000000000002e-05,-9.748748287999998,21.02110535936
1.8586e-05,-9.748748287999998,21.02110535936
1.8587e-05,-9.748748287999998,21.02110535936
1.8588000000000002e-05,-9.346738175999999,21.02110535936
1.8589e-05,-9.346738175999999,21.02110535936
1.859e-05,-9.346738175999999,21.02110535936
1.8591000000000002e-05,-9.346738175999999,21.02110535936
1.8592e-05,-9.346738175999999,21.02110535936
1.8593e-05,-9.346738175999999,21.02110535936
1.8594000000000002e-05,-9.346738175999999,21.02110535936
1.8595e-05,-9.346738175999999,21.02110535936
1.8596e-05,-9.346738175999999,21.02110535936
1.8597e-05,-9.346738175999999,21.02110535936
1.8598e-05,-9.346738175999999,21.02110535936
1.8599000000000003e-05,-9.346738175999999,21.02110535936
1.86e-05,-9.346738175999999,21.02110535936
1.8601e-05,-9.346738175999999,21.02110535936
1.8602000000000002e-05,-9.346738175999999,21.02110535936
1.8603e-05,-9.346738175999999,21.02110535936
1.8604e-05,-9.346738175999999,21.02110535936
1.8605000000000002e-05,-8.944728064,21.02110535936
1.8606e-05,-8.944728064,21.02110535936
1.8607e-05,-8.944728064,21.02110535936
1.8608000000000002e-05,-8.944728064,21.02110535936
1.8609e-05,-8.944728064,21.02110535936
1.861e-05,-8.542717951999997,21.02110535936
1.8611000000000002e-05,-8.542717951999997,21.02110535936
1.8612e-05,-8.542717951999997,21.02110535936
1.8613e-05,-8.542717951999997,21.02110535936
1.8614e-05,-8.542717951999997,21.02110535936
1.8615e-05,-8.542717951999997,21.02110535936
1.8616000000000003e-05,-8.542717951999997,21.02110535936
1.8617e-05,-8.542717951999997,21.02110535936
1.8618e-05,-8.140707839999997,21.02110535936
1.8619000000000002e-05,-8.140707839999997,21.02110535936
1.862e-05,-8.140707839999997,21.02110535936
1.8621e-05,-8.140707839999997,21.02110535936
1.8622000000000002e-05,-8.140707839999997,21.02110535936
1.8623e-05,-8.140707839999997,21.02110535936
1.8624e-05,-8.140707839999997,21.02110535936
1.8625000000000002e-05,-8.140707839999997,21.02110535936
1.8626e-05,-8.140707839999997,21.02110535936
1.8627e-05,-8.140707839999997,21.02110535936
1.8628000000000002e-05,-7.738697727999998,21.02110535936
1.8629e-05,-7.738697727999998,21.02110535936
1.863e-05,-7.738697727999998,21.02110535936
1.8631000000000002e-05,-7.336687615999999,21.02110535936
1.8632e-05,-7.336687615999999,21.02110535936
1.8633000000000003e-05,-6.934677504,21.02110535936
1.8634e-05,-6.934677504,21.02110535936
1.8635e-05,-6.532667391999997,21.02110535936
1.8636000000000002e-05,-6.532667391999997,21.02110535936
1.8637e-05,-6.532667391999997,21.02110535936
1.8638e-05,-6.130657279999998,21.02110535936
1.8639000000000002e-05,-6.130657279999998,21.02110535936
1.864e-05,-6.130657279999998,21.02110535936
1.8641e-05,-5.728647167999998,21.02110535936
1.8642000000000002e-05,-5.728647167999998,21.02110535936
1.8643e-05,-5.326637055999999,21.02110535936
1.8644e-05,-4.924626944,21.02110535936
1.8645000000000002e-05,-4.924626944,21.02110535936
1.8646e-05,-4.522616831999997,21.02110535936
1.8647e-05,-4.522616831999997,21.02110535936
1.8648000000000002e-05,-4.522616831999997,21.02110535936
1.8649e-05,-4.120606719999998,21.02110535936
1.8650000000000003e-05,-3.7185966079999986,21.02110535936
1.8651e-05,-3.3165864959999993,21.02110535936
1.8652e-05,-3.3165864959999993,21.02110535936
1.8653000000000003e-05,-2.914576384,21.02110535936
1.8654e-05,-2.5125662719999973,21.02110535936
1.8655e-05,-2.110556159999998,21.02110535936
1.8656000000000002e-05,-1.7085460479999988,21.02110535936
1.8657e-05,-1.3065359359999995,21.02110535936
1.8658e-05,-0.9045258240000003,21.02110535936
1.8659000000000002e-05,-0.5025157119999974,21.02110535936
1.866e-05,-0.1005055999999982,21.02110535936
1.8661e-05,0.30150451200000106,21.02110535936
1.8662000000000002e-05,0.7035146240000003,21.02110535936
1.8663e-05,1.1055247359999996,21.02110535936
1.8664e-05,1.9095449600000016,21.02110535936
1.8665000000000002e-05,2.311555072000001,21.02110535936
1.8666e-05,2.713565184,21.02110535936
1.8667000000000003e-05,3.517585408000002,21.02110535936
1.8668e-05,3.9195955200000014,21.02110535936
1.8669e-05,4.321605632000001,21.02110535936
1.8670000000000003e-05,4.723615744000002,21.02110535936
1.8671e-05,5.527635968,21.02110535936
1.8672e-05,5.929646080000001,21.02110535936
1.8673000000000002e-05,6.3316561920000005,21.02110535936
1.8674e-05,6.7336663040000015,21.02110535936
1.8675e-05,7.537686528,21.02110535936
1.8676000000000002e-05,7.939696640000001,21.02110535936
1.8677e-05,8.341706752,21.02110535936
1.8678e-05,8.743716864000001,21.02110535936
1.8679000000000002e-05,9.145726976,21.02110535936
1.868e-05,9.547737088,21.02110535936
1.8681e-05,9.949747200000001,21.02110535936
1.8682000000000002e-05,10.351757312,21.02110535936
1.8683e-05,10.753767424000001,21.02110535936
1.8684000000000003e-05,11.155777536,21.02110535936
1.8685e-05,11.557787648,21.02110535936
1.8686e-05,11.557787648,21.02110535936
1.8687000000000003e-05,11.95979776,21.02110535936
1.8688e-05,12.361807872,21.02110535936
1.8689e-05,12.763817984,21.02110535936
1.8690000000000002e-05,13.165828096,21.02110535936
1.8691e-05,13.165828096,21.02110535936
1.8692e-05,13.567838208000001,21.02110535936
1.8693000000000002e-05,13.96984832,21.02110535936
1.8694e-05,14.371858432,21.02110535936
1.8695e-05,14.371858432,21.02110535936
1.8696000000000002e-05,14.773868543999999,21.02110535936
1.8697e-05,15.175878656,21.02110535936
1.8698e-05,15.577888768000001,21.02110535936
1.8699000000000002e-05,15.97989888,21.02110535936
1.87e-05,16.381908992,21.02110535936
1.8701000000000003e-05,16.783919104,21.02110535936
1.8702e-05,17.185929216,21.02110535936
1.8703e-05,17.587939328,21.02110535936
1.8704000000000003e-05,17.98994944,21.02110535936
1.8705e-05,18.391959552,21.02110535936
1.8706e-05,18.391959552,21.02110535936
1.8707000000000002e-05,18.793969664,21.02110535936
1.8708e-05,19.195979776,21.02110535936
1.8709e-05,19.195979776,21.02110535936
1.8710000000000002e-05,19.597989888,21.02110535936
1.8711e-05,20.0,21.02110535936
1.8712e-05,20.402010112,21.02110535936
1.8713000000000002e-05,20.804020224,21.02110535936
1.8714e-05,21.206030336,21.02110535936
1.8715e-05,21.206030336,21.02110535936
1.8716000000000002e-05,21.608040448,21.02110535936
1.8717e-05,22.01005056,21.02110535936
1.8718000000000003e-05,22.412060672,21.02110535936
1.8719e-05,22.814070784,21.02110535936
1.872e-05,22.814070784,21.02110535936
1.8721000000000003e-05,22.814070784,21.02110535936
1.8722e-05,23.216080896,21.02110535936
1.8723e-05,23.216080896,21.02110535936
1.8724000000000002e-05,23.618091008,21.02110535936
1.8725e-05,23.618091008,21.02110535936
1.8726e-05,24.02010112,21.02110535936
1.8727000000000002e-05,24.02010112,21.02110535936
1.8728e-05,24.422111232,21.02110535936
1.8729e-05,24.422111232,21.02110535936
1.8730000000000002e-05,24.824121343999998,21.02110535936
1.8731e-05,24.824121343999998,21.02110535936
1.8732e-05,24.824121343999998,21.02110535936
1.8733000000000002e-05,24.824121343999998,21.02110535936
1.8734e-05,25.226131456,21.02110535936
1.8735000000000003e-05,25.226131456,21.02110535936
1.8736e-05,25.226131456,21.02110535936
1.8737e-05,25.226131456,21.02110535936
1.8738000000000003e-05,25.226131456,21.02110535936
1.8739e-05,25.628141568,21.02110535936
1.874e-05,25.628141568,21.02110535936
1.8741000000000002e-05,25.628141568,21.02110535936
1.8742e-05,25.628141568,21.02110535936
1.8743e-05,25.628141568,21.02110535936
1.8744000000000002e-05,25.628141568,21.02110535936
1.8745e-05,25.628141568,21.02110535936
1.8746e-05,26.03015168,21.02110535936
1.8747000000000002e-05,26.03015168,21.02110535936
1.8748e-05,26.03015168,21.02110535936
1.8749e-05,26.03015168,21.02110535936
1.8750000000000002e-05,26.03015168,21.02110535936
1.8751e-05,26.03015168,21.02110535936
1.8752000000000003e-05,26.03015168,21.02110535936
1.8753e-05,26.03015168,21.02110535936
1.8754e-05,26.03015168,21.02110535936
1.8755000000000003e-05,26.03015168,21.02110535936
1.8756e-05,26.03015168,21.02110535936
1.8757e-05,26.03015168,21.02110535936
1.8758000000000002e-05,26.03015168,21.02110535936
1.8759e-05,26.03015168,21.02110535936
1.876e-05,25.628141568,21.02110535936
1.8761000000000002e-05,25.628141568,21.02110535936
1.8762e-05,25.628141568,21.02110535936
1.8763e-05,25.628141568,21.02110535936
1.8764000000000002e-05,25.628141568,21.02110535936
1.8765e-05,25.628141568,21.02110535936
1.8766e-05,26.03015168,21.02110535936
1.8767000000000002e-05,26.03015168,21.02110535936
1.8768e-05,26.03015168,21.02110535936
1.8769000000000003e-05,26.03015168,21.02110535936
1.877e-05,26.03015168,21.02110535936
1.8771e-05,26.03015168,21.02110535936
1.8772000000000003e-05,26.03015168,21.02110535936
1.8773e-05,26.03015168,21.02110535936
1.8774e-05,26.03015168,21.02110535936
1.8775000000000002e-05,26.03015168,21.02110535936
1.8776e-05,26.03015168,21.02110535936
1.8777e-05,26.03015168,21.02110535936
1.8778000000000002e-05,25.628141568,21.02110535936
1.8779e-05,25.628141568,21.02110535936
1.878e-05,25.628141568,21.02110535936
1.8781000000000002e-05,25.628141568,21.02110535936
1.8782e-05,25.226131456,21.02110535936
1.8783e-05,25.226131456,21.02110535936
1.8784000000000002e-05,25.226131456,21.02110535936
1.8785e-05,25.226131456,21.02110535936
1.8786000000000003e-05,25.226131456,21.02110535936
1.8787e-05,25.226131456,21.02110535936
1.8788e-05,25.226131456,21.02110535936
1.8789000000000003e-05,25.226131456,21.02110535936
1.879e-05,25.226131456,21.02110535936
1.8791e-05,25.226131456,21.02110535936
1.8792000000000002e-05,25.226131456,21.02110535936
1.8793e-05,25.226131456,21.02110535936
1.8794e-05,25.226131456,21.02110535936
1.8795000000000002e-05,24.824121343999998,21.02110535936
1.8796e-05,24.824121343999998,21.02110535936
1.8797e-05,24.422111232,21.02110535936
1.8798000000000002e-05,24.422111232,21.02110535936
1.8799e-05,24.422111232,21.02110535936
1.88e-05,24.422111232,21.02110535936
1.8801000000000002e-05,24.02010112,21.02110535936
1.8802e-05,24.02010112,21.02110535936
1.8803000000000003e-05,23.618091008,21.02110535936
1.8804e-05,23.618091008,21.02110535936
1.8805e-05,23.216080896,21.02110535936
1.8806000000000003e-05,23.216080896,21.02110535936
1.8807e-05,22.814070784,21.02110535936
1.8808e-05,22.814070784,21.02110535936
1.8809000000000002e-05,22.412060672,21.02110535936
1.881e-05,22.412060672,21.02110535936
1.8811e-05,22.01005056,21.02110535936
1.8812000000000002e-05,22.01005056,21.02110535936
1.8813e-05,21.608040448,21.02110535936
1.8814e-05,21.608040448,21.02110535936
1.8815000000000002e-05,21.206030336,21.02110535936
1.8816e-05,21.206030336,21.02110535936
1.8817e-05,21.206030336,21.02110535936
1.8818000000000002e-05,20.804020224,21.02110535936
1.8819e-05,20.402010112,21.02110535936
1.8820000000000003e-05,20.402010112,21.02110535936
1.8821e-05,20.0,21.02110535936
1.8822e-05,20.0,21.02110535936
1.8823000000000003e-05,19.597989888,21.02110535936
1.8824e-05,19.195979776,21.02110535936
1.8825e-05,19.195979776,21.02110535936
1.8826000000000002e-05,18.793969664,21.02110535936
1.8827e-05,18.391959552,21.02110535936
1.8828e-05,18.391959552,21.02110535936
1.8829000000000002e-05,17.98994944,21.02110535936
1.883e-05,17.587939328,21.02110535936
1.8831e-05,17.587939328,21.02110535936
1.8832000000000002e-05,17.185929216,21.02110535936
1.8833e-05,16.783919104,21.02110535936
1.8834e-05,16.381908992,21.02110535936
1.8835000000000002e-05,15.97989888,21.02110535936
1.8836e-05,15.577888768000001,21.02110535936
1.8837000000000003e-05,15.175878656,21.02110535936
1.8838e-05,14.773868543999999,21.02110535936
1.8839e-05,14.773868543999999,21.02110535936
1.8840000000000003e-05,14.371858432,21.02110535936
1.8841e-05,13.96984832,21.02110535936
1.8842e-05,13.567838208000001,21.02110535936
1.8843000000000002e-05,13.165828096,21.02110535936
1.8844e-05,12.763817984,21.02110535936
1.8845e-05,12.361807872,21.02110535936
1.8846000000000002e-05,11.95979776,21.02110535936
1.8847e-05,11.95979776,21.02110535936
1.8848e-05,11.557787648,21.02110535936
1.8849000000000002e-05,11.155777536,21.02110535936
1.885e-05,10.753767424000001,21.02110535936
1.8851e-05,10.351757312,21.02110535936
1.8852000000000002e-05,9.949747200000001,21.02110535936
1.8853e-05,9.547737088,21.02110535936
1.8854000000000003e-05,9.547737088,21.02110535936
1.8855e-05,9.145726976,21.02110535936
1.8856e-05,8.743716864000001,21.02110535936
1.8857000000000003e-05,8.341706752,21.02110535936
1.8858e-05,8.341706752,21.02110535936
1.8859e-05,7.939696640000001,21.02110535936
1.8860000000000002e-05,7.537686528,21.02110535936
1.8861e-05,7.135676416000001,21.02110535936
1.8862e-05,6.7336663040000015,21.02110535936
1.8863000000000002e-05,6.7336663040000015,21.02110535936
1.8864e-05,6.3316561920000005,21.02110535936
1.8865e-05,5.929646080000001,21.02110535936
1.8866000000000002e-05,5.929646080000001,21.02110535936
1.8867e-05,5.527635968,21.02110535936
1.8868e-05,5.125625856000001,21.02110535936
1.8869000000000002e-05,5.125625856000001,21.02110535936
1.887e-05,4.723615744000002,21.02110535936
1.8871000000000003e-05,4.321605632000001,21.02110535936
1.8872e-05,3.9195955200000014,21.02110535936
1.8873e-05,3.9195955200000014,21.02110535936
1.8874000000000003e-05,3.517585408000002,21.02110535936
1.8875e-05,3.1155752959999994,21.02110535936
1.8876e-05,2.713565184,21.02110535936
1.8877000000000002e-05,2.713565184,21.02110535936
1.8878e-05,2.311555072000001,21.02110535936
1.8879e-05,2.311555072000001,21.02110535936
1.8880000000000002e-05,1.9095449600000016,21.02110535936
1.8881e-05,1.5075348480000024,21.02110535936
1.8882e-05,1.5075348480000024,21.02110535936
1.8883000000000002e-05,1.1055247359999996,21.02110535936
1.8884e-05,0.7035146240000003,21.02110535936
1.8885e-05,0.7035146240000003,21.02110535936
1.8886000000000002e-05,0.30150451200000106,21.02110535936
1.8887e-05,0.30150451200000106,21.02110535936
1.8888000000000003e-05,-0.1005055999999982,21.02110535936
1.8889e-05,-0.1005055999999982,21.02110535936
1.889e-05,-0.5025157119999974,21.02110535936
1.8891000000000003e-05,-0.5025157119999974,21.02110535936
1.8892e-05,-0.9045258240000003,21.02110535936
1.8893e-05,-0.9045258240000003,21.02110535936
1.8894000000000002e-05,-0.9045258240000003,21.02110535936
1.8895e-05,-1.3065359359999995,21.02110535936
1.8896e-05,-1.3065359359999995,21.02110535936
1.8897000000000002e-05,-1.3065359359999995,21.02110535936
1.8898e-05,-1.3065359359999995,21.02110535936
1.8899e-05,-1.3065359359999995,21.02110535936
1.8900000000000002e-05,-1.3065359359999995,21.02110535936
1.8901e-05,-1.7085460479999988,21.02110535936
1.8902e-05,-1.7085460479999988,21.02110535936
1.8903000000000002e-05,-1.7085460479999988,21.02110535936
1.8904e-05,-1.7085460479999988,21.02110535936
1.8905000000000003e-05,-1.7085460479999988,21.02110535936
1.8906e-05,-1.7085460479999988,21.02110535936
1.8907e-05,-2.110556159999998,21.02110535936
1.8908000000000003e-05,-2.110556159999998,21.02110535936
1.8909e-05,-2.110556159999998,21.02110535936
1.891e-05,-2.110556159999998,21.02110535936
1.8911000000000002e-05,-2.110556159999998,21.02110535936
1.8912e-05,-2.110556159999998,21.02110535936
1.8913e-05,-2.110556159999998,21.02110535936
1.8914000000000002e-05,-1.7085460479999988,21.02110535936
1.8915e-05,-1.7085460479999988,21.02110535936
1.8916e-05,-1.7085460479999988,21.02110535936
1.8917000000000002e-05,-1.7085460479999988,21.02110535936
1.8918e-05,-1.7085460479999988,21.02110535936
1.8919e-05,-1.7085460479999988,21.02110535936
1.8920000000000002e-05,-1.7085460479999988,21.02110535936
1.8921e-05,-1.7085460479999988,21.02110535936
1.8922000000000003e-05,-1.7085460479999988,21.02110535936
1.8923e-05,-1.3065359359999995,21.02110535936
1.8924e-05,-1.3065359359999995,21.02110535936
1.8925000000000003e-05,-1.3065359359999995,21.02110535936
1.8926e-05,-1.3065359359999995,21.02110535936
1.8927e-05,-1.3065359359999995,21.02110535936
1.8928000000000002e-05,-0.9045258240000003,21.02110535936
1.8929e-05,-0.9045258240000003,21.02110535936
1.893e-05,-0.9045258240000003,21.02110535936
1.8931000000000002e-05,-0.5025157119999974,21.02110535936
1.8932e-05,-0.5025157119999974,21.02110535936
1.8933e-05,-0.5025157119999974,21.02110535936
1.8934000000000002e-05,-0.1005055999999982,21.02110535936
1.8935e-05,-0.1005055999999982,21.02110535936
1.8936e-05,-0.1005055999999982,21.02110535936
1.8937000000000002e-05,0.30150451200000106,21.02110535936
1.8938e-05,0.7035146240000003,21.02110535936
1.8939000000000003e-05,0.7035146240000003,21.02110535936
1.894e-05,1.1055247359999996,21.02110535936
1.8941e-05,1.1055247359999996,21.02110535936
1.8942000000000003e-05,1.5075348480000024,21.02110535936
1.8943e-05,1.9095449600000016,21.02110535936
1.8944e-05,1.9095449600000016,21.02110535936
1.8945000000000002e-05,2.311555072000001,21.02110535936
1.8946e-05,2.311555072000001,21.02110535936
1.8947e-05,2.713565184,21.02110535936
1.8948000000000002e-05,2.713565184,21.02110535936
1.8949e-05,3.1155752959999994,21.02110535936
1.895e-05,3.1155752959999994,21.02110535936
1.8951000000000002e-05,3.517585408000002,21.02110535936
1.8952e-05,3.517585408000002,21.02110535936
1.8953e-05,3.9195955200000014,21.02110535936
1.8954000000000002e-05,3.9195955200000014,21.02110535936
1.8955e-05,4.321605632000001,21.02110535936
1.8956000000000003e-05,4.723615744000002,21.02110535936
1.8957e-05,5.125625856000001,21.02110535936
1.8958e-05,5.527635968,21.02110535936
1.8959000000000003e-05,5.929646080000001,21.02110535936
1.896e-05,5.929646080000001,21.02110535936
1.8961e-05,6.3316561920000005,21.02110535936
1.8962000000000002e-05,6.7336663040000015,21.02110535936
1.8963e-05,7.135676416000001,21.02110535936
1.8964e-05,7.135676416000001,21.02110535936
1.8965000000000002e-05,7.537686528,21.02110535936
1.8966e-05,7.939696640000001,21.02110535936
1.8967e-05,8.341706752,21.02110535936
1.8968000000000002e-05,8.743716864000001,21.02110535936
1.8969e-05,9.145726976,21.02110535936
1.897e-05,9.145726976,21.02110535936
1.8971000000000002e-05,9.547737088,21.02110535936
1.8972e-05,9.949747200000001,21.02110535936
1.8973000000000003e-05,10.351757312,21.02110535936
1.8974e-05,10.351757312,21.02110535936
1.8975e-05,10.753767424000001,21.02110535936
1.8976000000000003e-05,11.155777536,21.02110535936
1.8977e-05,11.557787648,21.02110535936
1.8978e-05,11.557787648,21.02110535936
1.8979000000000002e-05,11.95979776,21.02110535936
1.898e-05,12.361807872,21.02110535936
1.8981e-05,12.361807872,21.02110535936
1.8982000000000002e-05,12.763817984,21.02110535936
1.8983e-05,13.165828096,21.02110535936
1.8984e-05,13.567838208000001,21.02110535936
1.8985000000000002e-05,13.567838208000001,21.02110535936
1.8986e-05,13.96984832,21.02110535936
1.8987e-05,14.371858432,21.02110535936
1.8988000000000002e-05,14.773868543999999,21.02110535936
1.8989e-05,15.175878656,21.02110535936
1.8990000000000003e-05,15.175878656,21.02110535936
1.8991e-05,15.577888768000001,21.02110535936
1.8992e-05,15.97989888,21.02110535936
1.8993000000000003e-05,16.381908992,21.02110535936
1.8994e-05,16.381908992,21.02110535936
1.8995e-05,16.783919104,21.02110535936
1.8996000000000002e-05,16.783919104,21.02110535936
1.8997e-05,17.185929216,21.02110535936
1.8998e-05,17.587939328,21.02110535936
1.8999000000000002e-05,17.98994944,21.02110535936
1.9e-05,17.98994944,21.02110535936
1.9001e-05,18.391959552,21.02110535936
1.9002000000000002e-05,18.793969664,21.02110535936
1.9003e-05,18.793969664,21.02110535936
1.9004e-05,19.195979776,21.02110535936
1.9005000000000002e-05,19.597989888,21.02110535936
1.9006e-05,19.597989888,21.02110535936
1.9007000000000003e-05,20.0,21.02110535936
1.9008e-05,20.0,21.02110535936
1.9009e-05,20.402010112,21.02110535936
1.9010000000000003e-05,20.804020224,21.02110535936
1.9011e-05,20.804020224,21.02110535936
1.9012e-05,21.206030336,21.02110535936
1.9013000000000002e-05,21.206030336,21.02110535936
1.9014e-05,21.608040448,21.02110535936
1.9015e-05,21.608040448,21.02110535936
1.9016000000000002e-05,21.608040448,21.02110535936
1.9017e-05,22.01005056,21.02110535936
1.9018e-05,22.01005056,21.02110535936
1.9019000000000002e-05,22.412060672,21.02110535936
1.902e-05,22.412060672,21.02110535936
1.9021e-05,22.814070784,21.02110535936
1.9022000000000002e-05,23.216080896,21.02110535936
1.9023e-05,23.216080896,21.02110535936
1.9024000000000003e-05,23.216080896,21.02110535936
1.9025e-05,23.618091008,21.02110535936
1.9026e-05,23.618091008,21.02110535936
1.9027000000000003e-05,23.618091008,21.02110535936
1.9028e-05,23.618091008,21.02110535936
1.9029e-05,24.02010112,21.02110535936
1.9030000000000002e-05,24.02010112,21.02110535936
1.9031e-05,24.02010112,21.02110535936
1.9032e-05,24.02010112,21.02110535936
1.9033000000000002e-05,24.02010112,21.02110535936
1.9034e-05,24.02010112,21.02110535936
1.9035e-05,24.422111232,21.02110535936
1.9036000000000002e-05,24.422111232,21.02110535936
1.9037e-05,24.422111232,21.02110535936
1.9038e-05,24.824121343999998,21.02110535936
1.9039000000000002e-05,24.824121343999998,21.02110535936
1.904e-05,25.226131456,21.02110535936
1.9041000000000003e-05,25.226131456,21.02110535936
1.9042e-05,25.226131456,21.02110535936
1.9043e-05,25.226131456,21.02110535936
1.9044000000000003e-05,25.226131456,21.02110535936
1.9045e-05,25.226131456,21.02110535936
1.9046e-05,25.226131456,21.02110535936
1.9047000000000002e-05,25.226131456,21.02110535936
1.9048e-05,25.226131456,21.02110535936
1.9049e-05,25.226131456,21.02110535936
1.9050000000000002e-05,25.628141568,21.02110535936
1.9051e-05,25.628141568,21.02110535936
1.9052e-05,25.628141568,21.02110535936
1.9053000000000002e-05,25.628141568,21.02110535936
1.9054e-05,25.628141568,21.02110535936
1.9055e-05,25.628141568,21.02110535936
1.9056000000000002e-05,25.628141568,21.02110535936
1.9057e-05,25.628141568,21.02110535936
1.9058000000000003e-05,25.628141568,21.02110535936
1.9059e-05,25.628141568,21.02110535936
1.906e-05,25.628141568,21.02110535936
1.9061000000000003e-05,25.628141568,21.02110535936
1.9062e-05,25.628141568,21.02110535936
1.9063e-05,25.628141568,21.02110535936
1.9064000000000002e-05,25.628141568,21.02110535936
1.9065e-05,25.628141568,21.02110535936
1.9066e-05,25.628141568,21.02110535936
1.9067000000000002e-05,25.226131456,21.02110535936
1.9068e-05,25.226131456,21.02110535936
1.9069e-05,25.226131456,21.02110535936
1.9070000000000002e-05,25.628141568,21.02110535936
1.9071e-05,25.628141568,21.02110535936
1.9072e-05,25.628141568,21.02110535936
1.9073000000000002e-05,25.628141568,21.02110535936
1.9074e-05,25.628141568,21.02110535936
1.9075000000000003e-05,25.628141568,21.02110535936
1.9076e-05,25.628141568,21.02110535936
1.9077e-05,25.628141568,21.02110535936
1.9078000000000003e-05,25.628141568,21.02110535936
1.9079e-05,25.628141568,21.02110535936
1.908e-05,25.628141568,21.02110535936
1.9081000000000002e-05,25.226131456,21.02110535936
1.9082e-05,25.226131456,21.02110535936
1.9083e-05,25.226131456,21.02110535936
1.9084000000000002e-05,25.226131456,21.02110535936
1.9085e-05,25.226131456,21.02110535936
1.9086e-05,25.226131456,21.02110535936
1.9087000000000002e-05,25.226131456,21.02110535936
1.9088e-05,25.226131456,21.02110535936
1.9089e-05,24.824121343999998,21.02110535936
1.9090000000000002e-05,24.824121343999998,21.02110535936
1.9091e-05,24.824121343999998,21.02110535936
1.9092000000000003e-05,24.824121343999998,21.02110535936
1.9093e-05,24.422111232,21.02110535936
1.9094e-05,24.422111232,21.02110535936
1.9095000000000003e-05,24.02010112,21.02110535936
1.9096e-05,24.02010112,21.02110535936
1.9097e-05,24.02010112,21.02110535936
1.9098000000000002e-05,24.02010112,21.02110535936
1.9099e-05,24.02010112,21.02110535936
1.91e-05,23.618091008,21.02110535936
1.9101000000000002e-05,23.618091008,21.02110535936
1.9102e-05,23.618091008,21.02110535936
1.9103e-05,23.618091008,21.02110535936
1.9104000000000002e-05,23.618091008,21.02110535936
1.9105e-05,23.618091008,21.02110535936
1.9106e-05,23.216080896,21.02110535936
1.9107000000000002e-05,23.216080896,21.02110535936
1.9108e-05,23.216080896,21.02110535936
1.9109000000000003e-05,22.814070784,21.02110535936
1.911e-05,22.412060672,21.02110535936
1.9111e-05,22.412060672,21.02110535936
1.9112000000000003e-05,22.412060672,21.02110535936
1.9113e-05,22.01005056,21.02110535936
1.9114e-05,22.01005056,21.02110535936
1.9115000000000002e-05,22.01005056,21.02110535936
1.9116e-05,21.608040448,21.02110535936
1.9117e-05,21.608040448,21.02110535936
1.9118000000000002e-05,21.608040448,21.02110535936
1.9119e-05,21.206030336,21.02110535936
1.912e-05,20.804020224,21.02110535936
1.9121000000000002e-05,20.804020224,21.02110535936
1.9122e-05,20.402010112,21.02110535936
1.9123e-05,20.402010112,21.02110535936
1.9124000000000002e-05,20.0,21.02110535936
1.9125e-05,19.597989888,21.02110535936
1.9126e-05,19.597989888,21.02110535936
1.9127e-05,19.597989888,21.02110535936
1.9128e-05,19.195979776,21.02110535936
1.9129000000000003e-05,19.195979776,21.02110535936
1.913e-05,18.793969664,21.02110535936
1.9131e-05,18.391959552,21.02110535936
1.9132000000000002e-05,18.391959552,21.02110535936
1.9133e-05,17.98994944,21.02110535936
1.9134e-05,17.98994944,21.02110535936
1.9135000000000002e-05,17.587939328,21.02110535936
1.9136e-05,17.185929216,21.02110535936
1.9137e-05,17.185929216,21.02110535936
1.9138000000000002e-05,16.783919104,21.02110535936
1.9139e-05,16.381908992,21.02110535936
1.914e-05,16.381908992,21.02110535936
1.9141000000000002e-05,15.97989888,21.02110535936
1.9142e-05,15.97989888,21.02110535936
1.9143e-05,15.577888768000001,21.02110535936
1.9144000000000002e-05,15.577888768000001,21.02110535936
1.9145e-05,15.175878656,21.02110535936
1.9146000000000003e-05,15.175878656,21.02110535936
1.9147e-05,14.773868543999999,21.02110535936
1.9148e-05,14.773868543999999,21.02110535936
1.9149000000000002e-05,14.371858432,21.02110535936
1.915e-05,13.96984832,21.02110535936
1.9151e-05,13.567838208000001,21.02110535936
1.9152000000000002e-05,13.165828096,21.02110535936
1.9153e-05,13.165828096,21.02110535936
1.9154e-05,12.763817984,21.02110535936
1.9155000000000002e-05,12.763817984,21.02110535936
1.9156e-05,12.361807872,21.02110535936
1.9157e-05,12.361807872,21.02110535936
1.9158000000000002e-05,11.95979776,21.02110535936
1.9159e-05,11.95979776,21.02110535936
1.916e-05,11.557787648,21.02110535936
1.9161000000000002e-05,11.155777536,21.02110535936
1.9162e-05,10.753767424000001,21.02110535936
1.9163000000000003e-05,10.753767424000001,21.02110535936
1.9164e-05,10.351757312,21.02110535936
1.9165e-05,9.949747200000001,21.02110535936
1.9166000000000003e-05,9.949747200000001,21.02110535936
1.9167e-05,9.547737088,21.02110535936
1.9168e-05,9.547737088,21.02110535936
1.9169000000000002e-05,9.145726976,21.02110535936
1.917e-05,9.145726976,21.02110535936
1.9171e-05,8.743716864000001,21.02110535936
1.9172000000000002e-05,8.743716864000001,21.02110535936
1.9173e-05,8.341706752,21.02110535936
1.9174e-05,7.939696640000001,21.02110535936
1.9175000000000002e-05,7.939696640000001,21.02110535936
1.9176e-05,7.537686528,21.02110535936
1.9177e-05,7.537686528,21.02110535936
1.9178000000000002e-05,7.135676416000001,21.02110535936
1.9179e-05,7.135676416000001,21.02110535936
1.9180000000000003e-05,7.135676416000001,21.02110535936
1.9181e-05,6.7336663040000015,21.02110535936
1.9182e-05,6.7336663040000015,21.02110535936
1.9183000000000003e-05,6.7336663040000015,21.02110535936
1.9184e-05,6.3316561920000005,21.02110535936
1.9185e-05,5.929646080000001,21.02110535936
1.9186000000000002e-05,5.929646080000001,21.02110535936
1.9187e-05,5.527635968,21.02110535936
1.9188e-05,5.527635968,21.02110535936
1.9189000000000002e-05,5.527635968,21.02110535936
1.919e-05,5.125625856000001,21.02110535936
1.9191e-05,5.125625856000001,21.02110535936
1.9192000000000002e-05,5.125625856000001,21.02110535936
1.9193e-05,4.723615744000002,21.02110535936
1.9194e-05,4.723615744000002,21.02110535936
1.9195000000000002e-05,4.723615744000002,21.02110535936
1.9196e-05,4.321605632000001,21.02110535936
1.9197000000000003e-05,4.321605632000001,21.02110535936
1.9198e-05,4.321605632000001,21.02110535936
1.9199e-05,3.9195955200000014,21.02110535936
1.9200000000000003e-05,3.9195955200000014,21.02110535936
1.9201e-05,3.9195955200000014,21.02110535936
1.9202e-05,3.9195955200000014,21.02110535936
1.9203000000000002e-05,3.9195955200000014,21.02110535936
1.9204e-05,3.9195955200000014,21.02110535936
1.9205e-05,3.9195955200000014,21.02110535936
1.9206000000000002e-05,3.9195955200000014,21.02110535936
1.9207e-05,3.9195955200000014,21.02110535936
1.9208e-05,3.9195955200000014,21.02110535936
1.9209000000000002e-05,3.9195955200000014,21.02110535936
1.921e-05,3.9195955200000014,21.02110535936
1.9211e-05,3.517585408000002,21.02110535936
1.9212000000000002e-05,3.517585408000002,21.02110535936
1.9213e-05,3.517585408000002,21.02110535936
1.9214000000000003e-05,3.517585408000002,21.02110535936
1.9215e-05,3.517585408000002,21.02110535936
1.9216e-05,3.517585408000002,21.02110535936
1.9217000000000003e-05,3.9195955200000014,21.02110535936
1.9218e-05,3.9195955200000014,21.02110535936
1.9219e-05,3.9195955200000014,21.02110535936
1.9220000000000002e-05,3.9195955200000014,21.02110535936
1.9221e-05,3.9195955200000014,21.02110535936
1.9222e-05,3.9195955200000014,21.02110535936
1.9223000000000002e-05,3.9195955200000014,21.02110535936
1.9224e-05,3.9195955200000014,21.02110535936
1.9225e-05,4.321605632000001,21.02110535936
1.9226000000000002e-05,4.321605632000001,21.02110535936
1.9227e-05,4.321605632000001,21.02110535936
1.9228e-05,4.723615744000002,21.02110535936
1.9229000000000002e-05,4.723615744000002,21.02110535936
1.923e-05,4.723615744000002,21.02110535936
1.9231000000000003e-05,4.723615744000002,21.02110535936
1.9232e-05,4.723615744000002,21.02110535936
1.9233e-05,4.723615744000002,21.02110535936
1.9234000000000003e-05,5.125625856000001,21.02110535936
1.9235e-05,5.125625856000001,21.02110535936
1.9236e-05,5.125625856000001,21.02110535936
1.9237000000000002e-05,5.125625856000001,21.02110535936
1.9238e-05,5.527635968,21.02110535936
1.9239e-05,5.527635968,21.02110535936
1.9240000000000002e-05,5.929646080000001,21.02110535936
1.9241e-05,5.929646080000001,21.02110535936
1.9242e-05,5.929646080000001,21.02110535936
1.9243000000000002e-05,6.3316561920000005,21.02110535936
1.9244e-05,6.3316561920000005,21.02110535936
1.9245e-05,6.3316561920000005,21.02110535936
1.9246000000000002e-05,6.3316561920000005,21.02110535936
1.9247e-05,6.7336663040000015,21.02110535936
1.9248000000000003e-05,6.7336663040000015,21.02110535936
1.9249e-05,7.135676416000001,21.02110535936
1.925e-05,7.537686528,21.02110535936
1.9251000000000003e-05,7.537686528,21.02110535936
1.9252e-05,7.939696640000001,21.02110535936
1.9253e-05,8.341706752,21.02110535936
1.9254000000000002e-05,8.341706752,21.02110535936
1.9255e-05,8.743716864000001,21.02110535936
1.9256e-05,8.743716864000001,21.02110535936
1.9257000000000002e-05,9.145726976,21.02110535936
1.9258e-05,9.145726976,21.02110535936
1.9259e-05,9.547737088,21.02110535936
1.9260000000000002e-05,9.949747200000001,21.02110535936
1.9261e-05,9.949747200000001,21.02110535936
1.9262e-05,10.351757312,21.02110535936
1.9263000000000002e-05,10.351757312,21.02110535936
1.9264e-05,10.753767424000001,21.02110535936
1.9265000000000003e-05,10.753767424000001,21.02110535936
1.9266e-05,11.155777536,21.02110535936
1.9267e-05,11.155777536,21.02110535936
1.9268000000000003e-05,11.557787648,21.02110535936
1.9269e-05,11.95979776,21.02110535936
1.927e-05,11.95979776,21.02110535936
1.9271000000000002e-05,12.361807872,21.02110535936
1.9272e-05,12.763817984,21.02110535936
1.9273e-05,13.165828096,21.02110535936
1.9274000000000002e-05,13.165828096,21.02110535936
1.9275e-05,13.567838208000001,21.02110535936
1.9276e-05,13.567838208000001,21.02110535936
1.9277000000000002e-05,13.96984832,21.02110535936
1.9278e-05,13.96984832,21.02110535936
1.9279e-05,14.371858432,21.02110535936
1.9280000000000002e-05,14.371858432,21.02110535936
1.9281e-05,14.773868543999999,21.02110535936
1.9282000000000003e-05,14.773868543999999,21.02110535936
1.9283e-05,14.773868543999999,21.02110535936
1.9284e-05,15.175878656,21.02110535936
1.9285000000000003e-05,15.577888768000001,21.02110535936
1.9286e-05,15.577888768000001,21.02110535936
1.9287e-05,15.97989888,21.02110535936
1.9288000000000002e-05,16.381908992,21.02110535936
1.9289e-05,16.381908992,21.02110535936
1.929e-05,16.783919104,21.02110535936
1.9291000000000002e-05,17.185929216,21.02110535936
1.9292e-05,17.185929216,21.02110535936
1.9293e-05,17.587939328,21.02110535936
1.9294000000000002e-05,17.587939328,21.02110535936
1.9295e-05,17.98994944,21.02110535936
1.9296e-05,17.98994944,21.02110535936
1.9297000000000002e-05,18.391959552,21.02110535936
1.9298e-05,18.793969664,21.02110535936
1.9299000000000003e-05,18.793969664,21.02110535936
1.93e-05,19.195979776,21.02110535936
1.9301e-05,19.597989888,21.02110535936
1.9302000000000003e-05,19.597989888,21.02110535936
1.9303e-05,20.0,21.02110535936
1.9304e-05,20.0,21.02110535936
1.9305000000000002e-05,20.402010112,21.02110535936
1.9306e-05,20.402010112,21.02110535936
1.9307e-05,20.402010112,21.02110535936
1.9308000000000002e-05,20.804020224,21.02110535936
1.9309e-05,20.804020224,21.02110535936
1.931e-05,20.804020224,21.02110535936
1.9311000000000002e-05,21.206030336,21.02110535936
1.9312e-05,21.206030336,21.02110535936
1.9313e-05,21.608040448,21.02110535936
1.9314000000000002e-05,21.608040448,21.02110535936
1.9315e-05,22.01005056,21.02110535936
1.9316000000000003e-05,22.01005056,21.02110535936
1.9317e-05,22.01005056,21.02110535936
1.9318e-05,22.412060672,21.02110535936
1.9319000000000003e-05,22.412060672,21.02110535936
1.932e-05,22.412060672,21.02110535936
1.9321e-05,22.814070784,21.02110535936
1.9322000000000002e-05,22.814070784,21.02110535936
1.9323e-05,22.814070784,21.02110535936
1.9324e-05,22.814070784,21.02110535936
1.9325000000000002e-05,22.814070784,21.02110535936
1.9326e-05,22.814070784,21.02110535936
1.9327e-05,23.216080896,21.02110535936
1.9328000000000002e-05,23.216080896,21.02110535936
1.9329e-05,23.618091008,21.02110535936
1.933e-05,23.618091008,21.02110535936
1.9331000000000002e-05,23.618091008,21.02110535936
1.9332e-05,24.02010112,21.02110535936
1.9333000000000003e-05,24.02010112,21.02110535936
1.9334e-05,24.02010112,21.02110535936
1.9335e-05,24.422111232,21.02110535936
1.9336000000000003e-05,24.422111232,21.02110535936
1.9337e-05,24.422111232,21.02110535936
1.9338e-05,24.422111232,21.02110535936
1.9339000000000002e-05,24.824121343999998,21.02110535936
1.934e-05,24.422111232,21.02110535936
1.9341e-05,24.824121343999998,21.02110535936
1.9342000000000002e-05,24.824121343999998,21.02110535936
1.9343e-05,24.824121343999998,21.02110535936
1.9344e-05,24.824121343999998,21.02110535936
1.9345000000000002e-05,25.226131456,21.02110535936
1.9346e-05,25.226131456,21.02110535936
1.9347e-05,25.226131456,21.02110535936
1.9348000000000002e-05,25.226131456,21.02110535936
1.9349e-05,25.226131456,21.02110535936
1.9350000000000003e-05,25.226131456,21.02110535936
1.9351e-05,25.226131456,21.02110535936
1.9352e-05,25.226131456,21.02110535936
1.9353000000000003e-05,25.226131456,21.02110535936
1.9354e-05,25.628141568,21.02110535936
1.9355e-05,25.226131456,21.02110535936
1.9356000000000002e-05,25.226131456,21.02110535936
1.9357e-05,25.226131456,21.02110535936
1.9358e-05,25.226131456,21.02110535936
1.9359000000000002e-05,25.226131456,21.02110535936
1.936e-05,25.226131456,21.02110535936
1.9361e-05,25.226131456,21.02110535936
1.9362000000000002e-05,25.226131456,21.02110535936
1.9363e-05,25.226131456,21.02110535936
1.9364e-05,25.226131456,21.02110535936
1.9365000000000002e-05,25.226131456,21.02110535936
1.9366e-05,25.226131456,21.02110535936
1.9367000000000003e-05,25.226131456,21.02110535936
1.9368e-05,25.226131456,21.02110535936
1.9369e-05,25.226131456,21.02110535936
1.9370000000000003e-05,25.226131456,21.02110535936
1.9371e-05,25.226131456,21.02110535936
1.9372e-05,25.628141568,21.02110535936
1.9373000000000002e-05,25.628141568,21.02110535936
1.9374e-05,25.628141568,21.02110535936
1.9375e-05,25.628141568,21.02110535936
1.9376000000000002e-05,25.226131456,21.02110535936
1.9377e-05,25.226131456,21.02110535936
1.9378e-05,25.226131456,21.02110535936
1.9379000000000002e-05,25.226131456,21.02110535936
1.938e-05,25.226131456,21.02110535936
1.9381e-05,25.226131456,21.02110535936
1.9382000000000002e-05,25.226131456,21.02110535936
1.9383e-05,25.226131456,21.02110535936
1.9384000000000003e-05,25.226131456,21.02110535936
1.9385e-05,25.226131456,21.02110535936
1.9386e-05,25.226131456,21.02110535936
1.9387000000000003e-05,24.824121343999998,21.02110535936
1.9388e-05,24.824121343999998,21.02110535936
1.9389e-05,24.824121343999998,21.02110535936
1.9390000000000002e-05,24.824121343999998,21.02110535936
1.9391e-05,24.422111232,21.02110535936
1.9392e-05,24.422111232,21.02110535936
1.9393000000000002e-05,24.422111232,21.02110535936
1.9394e-05,24.824121343999998,21.02110535936
1.9395e-05,24.824121343999998,21.02110535936
1.9396000000000002e-05,24.824121343999998,21.02110535936
1.9397e-05,24.824121343999998,21.02110535936
1.9398e-05,24.824121343999998,21.02110535936
1.9399000000000002e-05,24.422111232,21.02110535936
1.94e-05,24.422111232,21.02110535936
1.9401000000000003e-05,24.422111232,21.02110535936
1.9402e-05,24.02010112,21.02110535936
1.9403e-05,24.02010112,21.02110535936
1.9404000000000003e-05,24.02010112,21.02110535936
1.9405e-05,24.02010112,21.02110535936
1.9406e-05,24.02010112,21.02110535936
1.9407000000000002e-05,24.02010112,21.02110535936
1.9408e-05,24.02010112,21.02110535936
1.9409e-05,23.618091008,21.02110535936
1.9410000000000002e-05,23.618091008,21.02110535936
1.9411e-05,23.618091008,21.02110535936
1.9412e-05,23.216080896,21.02110535936
1.9413000000000002e-05,23.216080896,21.02110535936
1.9414e-05,23.216080896,21.02110535936
1.9415e-05,23.216080896,21.02110535936
1.9416000000000002e-05,22.814070784,21.02110535936
1.9417e-05,22.814070784,21.02110535936
1.9418000000000003e-05,22.814070784,21.02110535936
1.9419e-05,22.814070784,21.02110535936
1.942e-05,22.814070784,21.02110535936
1.9421000000000003e-05,22.412060672,21.02110535936
1.9422e-05,22.412060672,21.02110535936
1.9423e-05,22.412060672,21.02110535936
1.9424000000000002e-05,22.01005056,21.02110535936
1.9425e-05,22.01005056,21.02110535936
1.9426e-05,21.608040448,21.02110535936
1.9427000000000002e-05,21.608040448,21.02110535936
1.9428e-05,21.608040448,21.02110535936
1.9429e-05,21.206030336,21.02110535936
1.9430000000000002e-05,21.206030336,21.02110535936
1.9431e-05,21.206030336,21.02110535936
1.9432e-05,21.206030336,21.02110535936
1.9433000000000002e-05,20.804020224,21.02110535936
1.9434e-05,20.804020224,21.02110535936
1.9435000000000003e-05,20.804020224,21.02110535936
1.9436e-05,20.402010112,21.02110535936
1.9437e-05,20.402010112,21.02110535936
1.9438000000000003e-05,20.0,21.02110535936
1.9439e-05,20.0,21.02110535936
1.944e-05,20.0,21.02110535936
1.9441000000000002e-05,19.597989888,21.02110535936
1.9442e-05,19.597989888,21.02110535936
1.9443e-05,19.195979776,21.02110535936
1.9444000000000002e-05,18.793969664,21.02110535936
1.9445e-05,18.793969664,21.02110535936
1.9446e-05,18.391959552,21.02110535936
1.9447000000000002e-05,18.391959552,21.02110535936
1.9448e-05,18.391959552,21.02110535936
1.9449e-05,17.98994944,21.02110535936
1.9450000000000002e-05,17.98994944,21.02110535936
1.9451e-05,17.587939328,21.02110535936
1.9452000000000003e-05,17.587939328,21.02110535936
1.9453e-05,17.587939328,21.02110535936
1.9454e-05,17.185929216,21.02110535936
1.9455000000000003e-05,16.783919104,21.02110535936
1.9456e-05,16.783919104,21.02110535936
1.9457e-05,16.381908992,21.02110535936
1.9458000000000002e-05,16.381908992,21.02110535936
1.9459e-05,16.381908992,21.02110535936
1.946e-05,15.97989888,21.02110535936
1.9461000000000002e-05,15.577888768000001,21.02110535936
1.9462e-05,15.577888768000001,21.02110535936
1.9463e-05,15.175878656,21.02110535936
1.9464000000000002e-05,14.773868543999999,21.02110535936
1.9465e-05,14.773868543999999,21.02110535936
1.9466e-05,14.371858432,21.02110535936
1.9467000000000002e-05,13.96984832,21.02110535936
1.9468e-05,13.96984832,21.02110535936
1.9469000000000003e-05,13.96984832,21.02110535936
1.947e-05,13.567838208000001,21.02110535936
1.9471e-05,13.96984832,21.02110535936
1.9472000000000003e-05,13.567838208000001,21.02110535936
1.9473e-05,13.567838208000001,21.02110535936
1.9474e-05,13.567838208000001,21.02110535936
1.9475000000000002e-05,13.165828096,21.02110535936
1.9476e-05,13.165828096,21.02110535936
1.9477e-05,12.763817984,21.02110535936
1.9478000000000002e-05,12.763817984,21.02110535936
1.9479e-05,12.361807872,21.02110535936
1.948e-05,11.95979776,21.02110535936
1.9481000000000002e-05,11.95979776,21.02110535936
1.9482e-05,11.557787648,21.02110535936
1.9483e-05,11.557787648,21.02110535936
1.9484000000000002e-05,11.557787648,21.02110535936
1.9485e-05,11.155777536,21.02110535936
1.9486000000000003e-05,11.155777536,21.02110535936
1.9487e-05,11.155777536,21.02110535936
1.9488e-05,11.155777536,21.02110535936
1.9489000000000003e-05,10.753767424000001,21.02110535936
1.949e-05,10.753767424000001,21.02110535936
1.9491e-05,10.753767424000001,21.02110535936
1.9492000000000002e-05,10.351757312,21.02110535936
1.9493e-05,10.351757312,21.02110535936
1.9494e-05,10.351757312,21.02110535936
1.9495000000000002e-05,10.351757312,21.02110535936
1.9496e-05,9.949747200000001,21.02110535936
1.9497e-05,9.949747200000001,21.02110535936
1.9498000000000002e-05,9.949747200000001,21.02110535936
1.9499e-05,9.547737088,21.02110535936
1.95e-05,9.547737088,21.02110535936
1.9501000000000002e-05,9.547737088,21.02110535936
1.9502e-05,9.145726976,21.02110535936
1.9503000000000003e-05,9.145726976,21.02110535936
1.9504e-05,9.145726976,21.02110535936
1.9505e-05,9.145726976,21.02110535936
1.9506000000000003e-05,8.743716864000001,21.02110535936
1.9507e-05,8.743716864000001,21.02110535936
1.9508e-05,8.743716864000001,21.02110535936
1.9509000000000002e-05,8.743716864000001,21.02110535936
1.951e-05,8.743716864000001,21.02110535936
1.9511e-05,8.743716864000001,21.02110535936
1.9512000000000002e-05,8.341706752,21.02110535936
1.9513e-05,8.341706752,21.02110535936
1.9514e-05,8.341706752,21.02110535936
1.9515000000000002e-05,8.341706752,21.02110535936
1.9516e-05,8.341706752,21.02110535936
1.9517e-05,8.341706752,21.02110535936
1.9518000000000002e-05,8.341706752,21.02110535936
1.9519e-05,8.341706752,21.02110535936
1.9520000000000003e-05,8.341706752,21.02110535936
1.9521e-05,8.341706752,21.02110535936
1.9522e-05,8.341706752,21.02110535936
1.9523000000000003e-05,8.341706752,21.02110535936
1.9524e-05,8.341706752,21.02110535936
1.9525e-05,8.341706752,21.02110535936
1.9526000000000002e-05,8.341706752,21.02110535936
1.9527e-05,8.341706752,21.02110535936
1.9528e-05,8.341706752,21.02110535936
1.9529000000000002e-05,8.341706752,21.02110535936
1.953e-05,8.743716864000001,21.02110535936
1.9531e-05,8.743716864000001,21.02110535936
1.9532000000000002e-05,8.743716864000001,21.02110535936
1.9533e-05,8.743716864000001,21.02110535936
1.9534e-05,8.743716864000001,21.02110535936
1.9535000000000002e-05,8.743716864000001,21.02110535936
1.9536e-05,8.743716864000001,21.02110535936
1.9537000000000003e-05,8.743716864000001,21.02110535936
1.9538e-05,8.743716864000001,21.02110535936
1.9539e-05,8.743716864000001,21.02110535936
1.9540000000000003e-05,8.743716864000001,21.02110535936
1.9541e-05,9.145726976,21.02110535936
1.9542e-05,9.145726976,21.02110535936
1.9543000000000002e-05,9.145726976,21.02110535936
1.9544e-05,9.145726976,21.02110535936
1.9545e-05,9.547737088,21.02110535936
1.9546000000000002e-05,9.547737088,21.02110535936
1.9547e-05,9.547737088,21.02110535936
1.9548e-05,9.547737088,21.02110535936
1.9549000000000002e-05,9.949747200000001,21.02110535936
1.955e-05,9.949747200000001,21.02110535936
1.9551e-05,10.351757312,21.02110535936
1.9552000000000002e-05,10.351757312,21.02110535936
1.9553e-05,10.351757312,21.02110535936
1.9554000000000003e-05,10.753767424000001,21.02110535936
1.9555e-05,10.753767424000001,21.02110535936
1.9556e-05,10.753767424000001,21.02110535936
1.9557000000000003e-05,11.155777536,21.02110535936
1.9558e-05,11.155777536,21.02110535936
1.9559e-05,11.557787648,21.02110535936
1.9560000000000002e-05,11.557787648,21.02110535936
1.9561e-05,11.95979776,21.02110535936
1.9562e-05,12.361807872,21.02110535936
1.9563000000000002e-05,12.361807872,21.02110535936
1.9564e-05,12.361807872,21.02110535936
1.9565e-05,12.763817984,21.02110535936
1.9566000000000002e-05,12.763817984,21.02110535936
1.9567e-05,12.763817984,21.02110535936
1.9568e-05,12.763817984,21.02110535936
1.9569000000000002e-05,13.165828096,21.02110535936
1.957e-05,13.165828096,21.02110535936
1.9571000000000003e-05,13.165828096,21.02110535936
1.9572e-05,13.567838208000001,21.02110535936
1.9573e-05,13.567838208000001,21.02110535936
1.9574000000000003e-05,13.96984832,21.02110535936
1.9575e-05,14.371858432,21.02110535936
1.9576e-05,14.371858432,21.02110535936
1.9577000000000002e-05,14.773868543999999,21.02110535936
1.9578e-05,14.773868543999999,21.02110535936
1.9579e-05,14.773868543999999,21.02110535936
1.9580000000000002e-05,15.175878656,21.02110535936
1.9581e-05,15.175878656,21.02110535936
1.9582e-05,15.175878656,21.02110535936
1.9583000000000002e-05,15.577888768000001,21.02110535936
1.9584e-05,15.577888768000001,21.02110535936
1.9585e-05,15.97989888,21.02110535936
1.9586000000000002e-05,15.97989888,21.02110535936
1.9587e-05,16.381908992,21.02110535936
1.9588000000000003e-05,16.783919104,21.02110535936
1.9589e-05,16.783919104,21.02110535936
1.959e-05,17.185929216,21.02110535936
1.9591000000000003e-05,17.185929216,21.02110535936
1.9592e-05,17.587939328,21.02110535936
1.9593e-05,17.587939328,21.02110535936
1.9594000000000002e-05,17.587939328,21.02110535936
1.9595e-05,17.98994944,21.02110535936
1.9596e-05,17.98994944,21.02110535936
1.9597000000000002e-05,18.391959552,21.02110535936
1.9598e-05,18.391959552,21.02110535936
1.9599e-05,18.391959552,21.02110535936
1.9600000000000002e-05,18.793969664,21.02110535936
1.9601e-05,18.793969664,21.02110535936
1.9602e-05,18.793969664,21.02110535936
1.9603000000000002e-05,19.195979776,21.02110535936
1.9604e-05,19.195979776,21.02110535936
1.9605000000000003e-05,19.597989888,21.02110535936
1.9606e-05,19.597989888,21.02110535936
1.9607e-05,20.0,21.02110535936
1.9608000000000003e-05,20.0,21.02110535936
1.9609e-05,20.0,21.02110535936
1.961e-05,20.0,21.02110535936
1.9611000000000002e-05,20.402010112,21.02110535936
1.9612e-05,20.402010112,21.02110535936
1.9613e-05,20.804020224,21.02110535936
1.9614000000000002e-05,20.804020224,21.02110535936
1.9615e-05,21.206030336,21.02110535936
1.9616e-05,21.206030336,21.02110535936
1.9617000000000002e-05,21.608040448,21.02110535936
1.9618e-05,21.608040448,21.02110535936
1.9619e-05,21.608040448,21.02110535936
1.9620000000000002e-05,21.608040448,21.02110535936
1.9621e-05,22.01005056,21.02110535936
1.9622000000000003e-05,22.01005056,21.02110535936
1.9623e-05,22.01005056,21.02110535936
1.9624e-05,22.01005056,21.02110535936
1.9625000000000003e-05,22.412060672,21.02110535936
1.9626e-05,22.412060672,21.02110535936
1.9627e-05,22.412060672,21.02110535936
1.9628000000000002e-05,22.412060672,21.02110535936
1.9629e-05,22.814070784,21.02110535936
1.963e-05,22.814070784,21.02110535936
1.9631000000000002e-05,23.216080896,21.02110535936
1.9632e-05,23.216080896,21.02110535936
1.9633e-05,23.216080896,21.02110535936
1.9634000000000002e-05,23.618091008,21.02110535936
1.9635e-05,23.618091008,21.02110535936
1.9636e-05,23.618091008,21.02110535936
1.9637000000000002e-05,23.618091008,21.02110535936
1.9638e-05,23.618091008,21.02110535936
1.9639000000000003e-05,24.02010112,21.02110535936
1.9640000000000002e-05,24.02010112,21.02110535936
1.9641e-05,24.02010112,21.02110535936
1.9642000000000003e-05,24.422111232,21.02110535936
1.9643e-05,24.02010112,21.02110535936
1.9644e-05,24.422111232,21.02110535936
1.9645000000000002e-05,24.422111232,21.02110535936
1.9646e-05,24.422111232,21.02110535936
1.9647e-05,24.422111232,21.02110535936
1.9648000000000002e-05,24.422111232,21.02110535936
1.9649e-05,24.422111232,21.02110535936
1.965e-05,24.422111232,21.02110535936
1.9651000000000002e-05,24.422111232,21.02110535936
1.9652e-05,24.422111232,21.02110535936
1.9653e-05,24.422111232,21.02110535936
1.9654000000000002e-05,24.422111232,21.02110535936
1.9655e-05,24.824121343999998,21.02110535936
1.9656000000000003e-05,24.824121343999998,21.02110535936
1.9657000000000002e-05,24.824121343999998,21.02110535936
1.9658e-05,24.824121343999998,21.02110535936
1.9659000000000003e-05,24.824121343999998,21.02110535936
1.966e-05,24.824121343999998,21.02110535936
1.9661e-05,24.824121343999998,21.02110535936
1.9662000000000003e-05,24.824121343999998,21.02110535936
1.9663e-05,25.226131456,21.02110535936
1.9664e-05,25.226131456,21.02110535936
1.9665000000000002e-05,25.226131456,21.02110535936
1.9666e-05,25.226131456,21.02110535936
1.9667e-05,25.226131456,21.02110535936
1.9668000000000002e-05,25.226131456,21.02110535936
1.9669e-05,24.824121343999998,21.02110535936
1.967e-05,24.824121343999998,21.02110535936
1.9671000000000002e-05,24.824121343999998,21.02110535936
1.9672e-05,24.824121343999998,21.02110535936
1.9673000000000003e-05,24.824121343999998,21.02110535936
1.9674000000000002e-05,25.226131456,21.02110535936
1.9675e-05,25.226131456,21.02110535936
1.9676000000000003e-05,25.226131456,21.02110535936
1.9677e-05,25.226131456,21.02110535936
1.9678e-05,25.628141568,21.02110535936
1.9679000000000003e-05,25.628141568,21.02110535936
1.968e-05,25.628141568,21.02110535936
1.9681e-05,25.628141568,21.02110535936
1.9682000000000002e-05,25.226131456,21.02110535936
1.9683e-05,25.226131456,21.02110535936
1.9684e-05,25.226131456,21.02110535936
1.9685000000000002e-05,25.226131456,21.02110535936
1.9686e-05,25.226131456,21.02110535936
1.9687e-05,25.226131456,21.02110535936
1.9688000000000002e-05,25.226131456,21.02110535936
1.9689e-05,25.226131456,21.02110535936
1.9690000000000003e-05,24.824121343999998,21.02110535936
1.9691000000000002e-05,24.824121343999998,21.02110535936
1.9692e-05,24.824121343999998,21.02110535936
1.9693000000000003e-05,24.824121343999998,21.02110535936
1.9694e-05,24.824121343999998,21.02110535936
1.9695e-05,25.226131456,21.02110535936
1.9696000000000003e-05,25.226131456,21.02110535936
1.9697e-05,25.226131456,21.02110535936
1.9698e-05,25.226131456,21.02110535936
1.9699000000000002e-05,25.226131456,21.02110535936
1.97e-05,24.824121343999998,21.02110535936
1.9701e-05,24.824121343999998,21.02110535936
1.9702000000000002e-05,24.824121343999998,21.02110535936
1.9703e-05,25.226131456,21.02110535936
1.9704e-05,24.824121343999998,21.02110535936
1.9705000000000002e-05,24.824121343999998,21.02110535936
1.9706e-05,25.226131456,21.02110535936
1.9707000000000003e-05,25.226131456,21.02110535936
1.9708000000000002e-05,24.824121343999998,21.02110535936
1.9709e-05,24.824121343999998,21.02110535936
1.9710000000000003e-05,24.824121343999998,21.02110535936
1.9711e-05,24.824121343999998,21.02110535936
1.9712e-05,24.824121343999998,21.02110535936
1.9713000000000003e-05,24.824121343999998,21.02110535936
1.9714e-05,24.422111232,21.02110535936
1.9715e-05,24.422111232,21.02110535936
1.9716000000000002e-05,24.422111232,21.02110535936
1.9717e-05,24.422111232,21.02110535936
1.9718e-05,24.422111232,21.02110535936
1.9719000000000002e-05,24.422111232,21.02110535936
1.972e-05,24.422111232,21.02110535936
1.9721e-05,24.422111232,21.02110535936
1.9722000000000002e-05,24.422111232,21.02110535936
1.9723e-05,24.02010112,21.02110535936
1.9724e-05,24.02010112,21.02110535936
1.9725000000000002e-05,24.02010112,21.02110535936
1.9726e-05,24.02010112,21.02110535936
1.9727000000000003e-05,24.02010112,21.02110535936
1.9728e-05,23.618091008,21.02110535936
1.9729e-05,23.618091008,21.02110535936
1.9730000000000003e-05,23.618091008,21.02110535936
1.9731e-05,23.618091008,21.02110535936
1.9732e-05,23.618091008,21.02110535936
1.9733000000000002e-05,23.216080896,21.02110535936
1.9734e-05,23.216080896,21.02110535936
1.9735e-05,23.216080896,21.02110535936
1.9736000000000002e-05,23.216080896,21.02110535936
1.9737e-05,22.814070784,21.02110535936
1.9738e-05,22.814070784,21.02110535936
1.9739000000000002e-05,22.814070784,21.02110535936
1.974e-05,22.814070784,21.02110535936
1.9741e-05,22.814070784,21.02110535936
1.9742000000000002e-05,22.412060672,21.02110535936
1.9743e-05,22.412060672,21.02110535936
1.9744000000000003e-05,22.412060672,21.02110535936
1.9745e-05,22.412060672,21.02110535936
1.9746e-05,22.412060672,21.02110535936
1.9747000000000003e-05,22.01005056,21.02110535936
1.9748e-05,22.01005056,21.02110535936
1.9749e-05,21.608040448,21.02110535936
1.9750000000000002e-05,21.608040448,21.02110535936
1.9751e-05,21.608040448,21.02110535936
1.9752e-05,21.206030336,21.02110535936
1.9753000000000002e-05,21.206030336,21.02110535936
1.9754e-05,20.804020224,21.02110535936
1.9755e-05,20.804020224,21.02110535936
1.9756000000000002e-05,20.402010112,21.02110535936
1.9757e-05,20.402010112,21.02110535936
1.9758e-05,20.402010112,21.02110535936
1.9759000000000002e-05,20.402010112,21.02110535936
1.976e-05,20.0,21.02110535936
1.9761000000000003e-05,20.0,21.02110535936
1.9762e-05,20.0,21.02110535936
1.9763e-05,20.0,21.02110535936
1.9764000000000003e-05,19.597989888,21.02110535936
1.9765e-05,19.597989888,21.02110535936
1.9766e-05,19.597989888,21.02110535936
1.9767000000000002e-05,19.597989888,21.02110535936
1.9768e-05,19.195979776,21.02110535936
1.9769e-05,19.195979776,21.02110535936
1.9770000000000002e-05,18.793969664,21.02110535936
1.9771e-05,18.793969664,21.02110535936
1.9772e-05,18.391959552,21.02110535936
1.9773000000000002e-05,18.391959552,21.02110535936
1.9774e-05,18.391959552,21.02110535936
1.9775e-05,18.391959552,21.02110535936
1.9776000000000002e-05,18.391959552,21.02110535936
1.9777e-05,17.98994944,21.02110535936
1.9778000000000003e-05,17.98994944,21.02110535936
1.9779e-05,17.98994944,21.02110535936
1.978e-05,17.587939328,21.02110535936
1.9781000000000003e-05,17.587939328,21.02110535936
1.9782e-05,17.185929216,21.02110535936
1.9783e-05,17.185929216,21.02110535936
1.9784000000000002e-05,16.783919104,21.02110535936
1.9785e-05,16.783919104,21.02110535936
1.9786e-05,16.783919104,21.02110535936
1.9787000000000002e-05,16.381908992,21.02110535936
1.9788e-05,16.381908992,21.02110535936
1.9789e-05,16.381908992,21.02110535936
1.9790000000000002e-05,15.97989888,21.02110535936
1.9791e-05,15.97989888,21.02110535936
1.9792e-05,15.577888768000001,21.02110535936
1.9793000000000002e-05,15.577888768000001,21.02110535936
1.9794e-05,15.577888768000001,21.02110535936
1.9795000000000003e-05,15.175878656,21.02110535936
1.9796e-05,15.175878656,21.02110535936
1.9797e-05,15.175878656,21.02110535936
1.9798000000000003e-05,15.175878656,21.02110535936
1.9799e-05,14.773868543999999,21.02110535936
1.98e-05,14.773868543999999,21.02110535936
1.9801000000000002e-05,14.773868543999999,21.02110535936
1.9802e-05,14.371858432,21.02110535936
1.9803e-05,14.371858432,21.02110535936
1.9804000000000002e-05,14.371858432,21.02110535936
1.9805e-05,14.371858432,21.02110535936
1.9806e-05,13.96984832,21.02110535936
1.9807000000000002e-05,13.96984832,21.02110535936
1.9808e-05,13.96984832,21.02110535936
1.9809e-05,13.567838208000001,21.02110535936
1.9810000000000002e-05,13.567838208000001,21.02110535936
1.9811e-05,13.567838208000001,21.02110535936
1.9812000000000003e-05,13.567838208000001,21.02110535936
1.9813e-05,13.165828096,21.02110535936
1.9814e-05,13.165828096,21.02110535936
1.9815000000000003e-05,13.165828096,21.02110535936
1.9816e-05,13.165828096,21.02110535936
1.9817e-05,13.165828096,21.02110535936
1.9818000000000002e-05,13.165828096,21.02110535936
1.9819e-05,12.763817984,21.02110535936
1.982e-05,12.763817984,21.02110535936
1.9821000000000002e-05,12.763817984,21.02110535936
1.9822e-05,12.361807872,21.02110535936
1.9823e-05,12.361807872,21.02110535936
1.9824000000000002e-05,12.361807872,21.02110535936
1.9825e-05,12.361807872,21.02110535936
1.9826e-05,12.361807872,21.02110535936
1.9827000000000002e-05,12.361807872,21.02110535936
1.9828e-05,12.361807872,21.02110535936
1.9829000000000003e-05,12.361807872,21.02110535936
1.983e-05,12.361807872,21.02110535936
1.9831e-05,12.361807872,21.02110535936
1.9832000000000003e-05,12.361807872,21.02110535936
1.9833e-05,12.361807872,21.02110535936
1.9834e-05,12.361807872,21.02110535936
1.9835000000000002e-05,12.361807872,21.02110535936
1.9836e-05,12.361807872,21.02110535936
1.9837e-05,12.361807872,21.02110535936
1.9838000000000002e-05,12.361807872,21.02110535936
1.9839e-05,12.361807872,21.02110535936
1.984e-05,12.361807872,21.02110535936
1.9841000000000002e-05,12.361807872,21.02110535936
1.9842e-05,12.361807872,21.02110535936
1.9843e-05,12.361807872,21.02110535936
1.9844000000000002e-05,12.361807872,21.02110535936
1.9845e-05,12.361807872,21.02110535936
1.9846000000000003e-05,12.361807872,21.02110535936
1.9847e-05,12.361807872,21.02110535936
1.9848e-05,12.361807872,21.02110535936
1.9849000000000003e-05,12.361807872,21.02110535936
1.985e-05,12.361807872,21.02110535936
1.9851e-05,12.361807872,21.02110535936
1.9852000000000002e-05,12.361807872,21.02110535936
1.9853e-05,12.361807872,21.02110535936
1.9854e-05,12.361807872,21.02110535936
1.9855000000000002e-05,12.361807872,21.02110535936
1.9856e-05,12.361807872,21.02110535936
1.9857e-05,12.763817984,21.02110535936
1.9858000000000002e-05,12.763817984,21.02110535936
1.9859e-05,12.763817984,21.02110535936
1.986e-05,12.763817984,21.02110535936
1.9861000000000002e-05,13.165828096,21.02110535936
1.9862e-05,13.165828096,21.02110535936
1.9863000000000003e-05,13.165828096,21.02110535936
1.9864e-05,13.165828096,21.02110535936
1.9865e-05,13.567838208000001,21.02110535936
1.9866000000000003e-05,13.567838208000001,21.02110535936
1.9867e-05,13.567838208000001,21.02110535936
1.9868e-05,13.96984832,21.02110535936
1.9869000000000002e-05,13.96984832,21.02110535936
1.987e-05,13.96984832,21.02110535936
1.9871e-05,13.96984832,21.02110535936
1.9872000000000002e-05,14.371858432,21.02110535936
1.9873e-05,14.371858432,21.02110535936
1.9874e-05,14.371858432,21.02110535936
1.9875000000000002e-05,14.371858432,21.02110535936
1.9876e-05,14.371858432,21.02110535936
1.9877e-05,14.371858432,21.02110535936
1.9878000000000002e-05,14.773868543999999,21.02110535936
1.9879e-05,14.773868543999999,21.02110535936
1.9880000000000003e-05,15.175878656,21.02110535936
1.9881e-05,15.175878656,21.02110535936
1.9882e-05,15.577888768000001,21.02110535936
1.9883000000000003e-05,15.577888768000001,21.02110535936
1.9884e-05,15.577888768000001,21.02110535936
1.9885e-05,15.577888768000001,21.02110535936
1.9886000000000002e-05,15.97989888,21.02110535936
1.9887e-05,15.97989888,21.02110535936
1.9888e-05,15.97989888,21.02110535936
1.9889000000000002e-05,15.97989888,21.02110535936
1.989e-05,15.97989888,21.02110535936
1.9891e-05,16.381908992,21.02110535936
1.9892000000000002e-05,16.381908992,21.02110535936
1.9893e-05,16.381908992,21.02110535936
1.9894e-05,16.381908992,21.02110535936
1.9895000000000002e-05,16.381908992,21.02110535936
1.9896e-05,16.783919104,21.02110535936
1.9897000000000003e-05,16.783919104,21.02110535936
1.9898e-05,17.185929216,21.02110535936
1.9899e-05,17.185929216,21.02110535936
1.9900000000000003e-05,17.587939328,21.02110535936
1.9901e-05,17.587939328,21.02110535936
1.9902e-05,17.98994944,21.02110535936
1.9903000000000002e-05,17.98994944,21.02110535936
1.9904e-05,17.98994944,21.02110535936
1.9905e-05,18.391959552,21.02110535936
1.9906000000000002e-05,18.391959552,21.02110535936
1.9907e-05,18.391959552,21.02110535936
1.9908e-05,18.793969664,21.02110535936
1.9909000000000002e-05,18.793969664,21.02110535936
1.991e-05,19.195979776,21.02110535936
1.9911e-05,19.195979776,21.02110535936
1.9912000000000002e-05,19.195979776,21.02110535936
1.9913e-05,19.597989888,21.02110535936
1.9914000000000003e-05,19.597989888,21.02110535936
1.9915e-05,19.597989888,21.02110535936
1.9916e-05,20.0,21.02110535936
1.9917000000000003e-05,20.0,21.02110535936
1.9918e-05,20.0,21.02110535936
1.9919e-05,20.402010112,21.02110535936
1.9920000000000002e-05,20.402010112,21.02110535936
1.9921e-05,20.402010112,21.02110535936
1.9922e-05,20.804020224,21.02110535936
1.9923000000000002e-05,20.804020224,21.02110535936
1.9924e-05,20.804020224,21.02110535936
1.9925e-05,20.804020224,21.02110535936
1.9926000000000002e-05,20.804020224,21.02110535936
1.9927e-05,21.206030336,21.02110535936
1.9928e-05,21.206030336,21.02110535936
1.9929000000000002e-05,21.206030336,21.02110535936
1.993e-05,21.206030336,21.02110535936
1.9931000000000003e-05,21.206030336,21.02110535936
1.9932e-05,21.206030336,21.02110535936
1.9933e-05,21.608040448,21.02110535936
1.9934000000000003e-05,21.608040448,21.02110535936
1.9935e-05,21.608040448,21.02110535936
1.9936e-05,21.608040448,21.02110535936
1.9937000000000002e-05,22.01005056,21.02110535936
1.9938e-05,22.01005056,21.02110535936
1.9939e-05,22.01005056,21.02110535936
1.9940000000000002e-05,22.412060672,21.02110535936
1.9941e-05,22.412060672,21.02110535936
1.9942e-05,22.412060672,21.02110535936
1.9943000000000002e-05,22.814070784,21.02110535936
1.9944e-05,22.814070784,21.02110535936
1.9945e-05,22.814070784,21.02110535936
1.9946000000000002e-05,22.814070784,21.02110535936
1.9947e-05,22.814070784,21.02110535936
1.9948000000000003e-05,22.814070784,21.02110535936
1.9949e-05,22.814070784,21.02110535936
1.995e-05,23.216080896,21.02110535936
1.9951000000000003e-05,23.216080896,21.02110535936
1.9952e-05,23.618091008,21.02110535936
1.9953e-05,23.618091008,21.02110535936
1.9954000000000002e-05,24.02010112,21.02110535936
1.9955e-05,24.02010112,21.02110535936
1.9956e-05,24.422111232,21.02110535936
1.9957000000000002e-05,24.422111232,21.02110535936
1.9958e-05,24.422111232,21.02110535936
1.9959e-05,24.422111232,21.02110535936
1.9960000000000002e-05,24.422111232,21.02110535936
1.9961e-05,24.422111232,21.02110535936
1.9962e-05,24.422111232,21.02110535936
1.9963000000000002e-05,24.422111232,21.02110535936
1.9964e-05,24.422111232,21.02110535936
1.9965000000000003e-05,24.422111232,21.02110535936
1.9966e-05,24.824121343999998,21.02110535936
1.9967e-05,24.824121343999998,21.02110535936
1.9968000000000003e-05,24.824121343999998,21.02110535936
1.9969e-05,24.824121343999998,21.02110535936
1.997e-05,24.824121343999998,21.02110535936
1.9971000000000002e-05,24.824121343999998,21.02110535936
1.9972e-05,24.824121343999998,21.02110535936
1.9973e-05,24.824121343999998,21.02110535936
1.9974000000000002e-05,24.824121343999998,21.02110535936
1.9975e-05,24.824121343999998,21.02110535936
1.9976e-05,24.824121343999998,21.02110535936
1.9977000000000002e-05,24.824121343999998,21.02110535936
1.9978e-05,24.824121343999998,21.02110535936
1.9979e-05,24.824121343999998,21.02110535936
1.9980000000000002e-05,24.824121343999998,21.02110535936
1.9981e-05,24.824121343999998,21.02110535936
1.9982000000000003e-05,24.824121343999998,21.02110535936
1.9983e-05,25.226131456,21.02110535936
1.9984e-05,25.226131456,21.02110535936
1.9985000000000003e-05,25.226131456,21.02110535936
1.9986e-05,25.226131456,21.02110535936
1.9987e-05,25.226131456,21.02110535936
1.9988000000000002e-05,25.226131456,21.02110535936
1.9989e-05,25.226131456,21.02110535936
1.999e-05,24.824121343999998,21.02110535936
1.9991000000000002e-05,25.226131456,21.02110535936
1.9992e-05,25.226131456,21.02110535936
1.9993e-05,25.226131456,21.02110535936
1.9994000000000002e-05,25.226131456,21.02110535936
1.9995e-05,25.226131456,21.02110535936
1.9996e-05,25.226131456,21.02110535936
1.9997000000000002e-05,25.226131456,21.02110535936
1.9998e-05,25.226131456,21.02110535936
1.9999000000000003e-05,25.226131456,21.02110535936
